instance: K100.5.con.red
obj: 7.0
bound: 7.0
gap: 0.0
time: 42.26149010658264
preprocess_time: 0.039429
sepa_time: 3.957e-321
node: 1119
formulation: EVFP