instance: K100.3.con.red
obj: 201.0
bound: 190.0
gap: 0.05472636815920398
time: 7199.9140639305115
preprocess_time: 0.098218
sepa_time: 1.5e-323
node: 168104
formulation: EVFP