instance: K100.4.con.red
obj: 185.0
bound: 184.00000249990867
gap: 0.005405391892385542
time: 7059.180078029633
preprocess_time: 0.896533
sepa_time: 3.6934190049246125e13
node: 1554069
formulation: LEFPV2