instance: K100.9.red
obj: 3.0
bound: 3.0
gap: 0.0
time: 0.7017860412597656
preprocess_time: 0.039088
sepa_time: 0.0
node: 1
formulation: EFP