instance: K100.1.red
obj: 10.0
bound: 9.0
gap: 0.1
time: 7199.104650020599
preprocess_time: 0.901261
sepa_time: 0.0
node: 148593
formulation: LEFP