instance: K100.8.con.red
obj: 9.0
bound: 8.00000224913413
gap: 0.11111086120731883
time: 2557.062792778015
preprocess_time: 0.909695
sepa_time: 0.0
node: 45583
formulation: LEFPD