instance: K100.10.red
obj: 5.0
bound: 5.0
gap: 0.0
time: 60.86414885520935
preprocess_time: 0.896292
sepa_time: 0.0
node: 1824
formulation: LEFPD