instance: K100.5.con.red
obj: 7.0
bound: 7.0
gap: 0.0
time: 59.43735885620117
preprocess_time: 0.911845
sepa_time: 0.0
node: 2398
formulation: LEFPI