instance: K100.10.red
obj: 5.0
bound: 5.0
gap: 0.0
time: 67.72754502296448
preprocess_time: 0.898855
sepa_time: 0.0
node: 1998
formulation: LEFP