instance: K100.10.red
obj: 5.0
bound: 5.0
gap: 0.0
time: 28.103034019470215
preprocess_time: 0.037894
sepa_time: 0.0
node: 2591
formulation: EVFP