instance: K100.8.con.red
obj: 242.0
bound: 216.0
gap: 0.10743801652892562
time: 7199.818603992462
preprocess_time: 0.189258
sepa_time: 0.0
node: 1126009
formulation: EFP