instance: K100.4.con.red
obj: 188.0
bound: 166.0
gap: 0.11702127659574468
time: 7199.840521812439
preprocess_time: 0.166217
sepa_time: 0.0
node: 1544508
formulation: EFP