instance: K100.6.red
obj: 108.0
bound: 107.0000056777854
gap: 0.009259206687172263
time: 495.324166059494
preprocess_time: 0.941646
sepa_time: 1.567452415037532e14
node: 354378
formulation: LEFPV