instance: K100.2.red
obj: 4.0
bound: 4.0
gap: 0.0
time: 2.4488868713378906
preprocess_time: 0.892001
sepa_time: 0.0
node: 69
formulation: LEFPI