instance: K100.1.red
obj: 10.0
bound: 9.0
gap: 0.1
time: 7199.09546995163
preprocess_time: 0.906379
sepa_time: 0.0
node: 133893
formulation: LEFPI