instance: K100.7.red
obj: 4.0
bound: 4.0
gap: 0.0
time: 4.712878942489624
preprocess_time: 0.95031
sepa_time: 0.0
node: 1
formulation: LEFPI