instance: K100.6.red
obj: 108.0
bound: 107.00000567775365
gap: 0.009259206687466217
time: 460.72205686569214
preprocess_time: 0.892306
sepa_time: 1.844674287111961e13
node: 300456
formulation: LEFPV2