instance: K100.1.red
obj: 10.0
bound: 9.000000000000005
gap: 0.09999999999999946
time: 7199.961152076721
preprocess_time: 0.045519
sepa_time: 0.0
node: 362747
formulation: EFP