instance: K100.1.red
obj: 297.0
bound: 293.0
gap: 0.013468013468013467
time: 7198.746935129166
preprocess_time: 1.254244
sepa_time: 0.0
node: 1131088
formulation: LEFPI