instance: K100.4.con.red
obj: 4.0
bound: 4.0
gap: 0.0
time: 5.515399932861328
preprocess_time: 0.04004
sepa_time: 2.5e-323
node: 1
formulation: EVFP