instance: K100.9.red
obj: 119.0
bound: 107.0
gap: 0.10084033613445378
time: 7199.929964065552
preprocess_time: 0.075213
sepa_time: 0.0
node: 2535730
formulation: EFP