instance: K100.6.red
obj: 4.0
bound: 4.0
gap: 0.0
time: 4.1932761669158936
preprocess_time: 0.903322
sepa_time: 5.531982265250295e13
node: 490
formulation: LEFPV