instance: K100.1.red
obj: 10.0
bound: 9.0
gap: 0.1
time: 7199.094243049622
preprocess_time: 0.912872
sepa_time: 2.3050420000000003
node: 149776
formulation: LEFPV