instance: K100.7.red
obj: 103.0
bound: 0.0
gap: 1.0
time: 7201.351896047592
preprocess_time: 0.027117
sepa_time: 0.0
node: 1
formulation: EF