instance: K100.7.red
obj: 154.0
bound: 152.0
gap: 0.012987012987012988
time: 7199.047399997711
preprocess_time: 0.953697
sepa_time: 1.3856407259675455e13
node: 2409145
formulation: LEFPV2