instance: K100.2.red
obj: 4.0
bound: 4.0
gap: 0.0
time: 31.599695920944214
preprocess_time: 0.038055
sepa_time: 2.57e-322
node: 764
formulation: LEVFP