instance: K100.7.red
obj: 157.0
bound: 138.0
gap: 0.12101910828025478
time: 7199.919632911682
preprocess_time: 0.087687
sepa_time: 0.0
node: 1621822
formulation: EFP