instance: K100.6.red
obj: 4.0
bound: 4.0
gap: 0.0
time: 2.960453987121582
preprocess_time: 0.042051
sepa_time: 8.4e-323
node: 187
formulation: EVFP