instance: K100.5.con.red
obj: 196.0
bound: 193.0
gap: 0.015306122448979591
time: 7199.059631109238
preprocess_time: 0.94157
sepa_time: 0.0
node: 828665
formulation: LEFPD