instance: K100.8.con.red
obj: 9.0
bound: 8.000002084084493
gap: 0.1111108795461675
time: 1548.9022691249847
preprocess_time: 0.938336
sepa_time: 0.0
node: 34096
formulation: LEFPI