instance: K100.9.red
obj: 118.0
bound: 117.00000208228153
gap: 0.008474558624732832
time: 3859.4595601558685
preprocess_time: 0.894474
sepa_time: 3.692529748266813e13
node: 2792117
formulation: LEFPV2