instance: K100.7.red
obj: 154.0
bound: 152.0
gap: 0.012987012987012988
time: 7199.9592299461365
preprocess_time: 0.048802
sepa_time: 6.9456057329754e-310
node: 1641284
formulation: LEVFP