instance: K100.4.con.red
obj: 4.0
bound: 4.0
gap: 0.0
time: 39.49962496757507
preprocess_time: 0.895294
sepa_time: 1.3875933984894543e13
node: 835
formulation: LEFPV2