instance: K100.8.con.red
obj: 239.0
bound: 236.0
gap: 0.012552301255230125
time: 7199.098751068115
preprocess_time: 0.902275
sepa_time: 2.6776304381858353e14
node: 2868523
formulation: LEFPV