instance: K100.con.red
obj: 8.0
bound: 7.000002041758301
gap: 0.12499974478021236
time: 3663.8026881217957
preprocess_time: 0.98008
sepa_time: 0.0
node: 152530
formulation: LEFPI