instance: K100.6.red
obj: 4.0
bound: 4.0
gap: 0.0
time: 6.273398160934448
preprocess_time: 0.036591
sepa_time: 0.0
node: 531
formulation: LEVFP