instance: K100.8.con.red
org_node: 43
org_edge: 144
org_min_len: 0.019638154128020155
org_avg_len: 0.21276098324363515
org_max_len: 1.0
dtf_node: 56
dtf_edge: 157
dtf_min_len: 0.0007574771377247477
dtf_avg_len: 0.19514383176486289
dtf_max_len: 1.0
sdb_node: 554
sdb_edge: 655
sdb_min_len: 0.019638154128020155
sdb_avg_len: 0.04677493372073815
sdb_max_len: 0.05310158148529842
dlt: 0.05319024581090879
formulation: None