instance: K100.10.red
org_node: 27
org_edge: 78
org_min_len: 0.03149536520090038
org_avg_len: 0.35755803781007145
org_max_len: 1.0
dtf_node: 43
dtf_edge: 94
dtf_min_len: 0.002473538764378558
dtf_avg_len: 0.2966970952041019
dtf_max_len: 1.0
sdb_node: 300
sdb_edge: 351
sdb_min_len: 0.03149536520090038
sdb_avg_len: 0.07945734173557122
sdb_max_len: 0.08931957958916006
dlt: 0.08938950945251786
formulation: None