instance: K100.con.red
obj: 312.0
bound: 307.0
gap: 0.016025641025641024
time: 7199.053740024567
preprocess_time: 0.948189
sepa_time: 0.0
node: 428182
formulation: LEFPD