instance: K100.5.con.red
obj: 7.0
bound: 7.0
gap: 0.0
time: 45.36636018753052
preprocess_time: 0.908323
sepa_time: 8.649275976722572e13
node: 1638
formulation: LEFPV2