instance: K100.con.red
obj: 8.0
bound: 8.0
gap: 0.0
time: 1769.8080530166626
preprocess_time: 0.043987
sepa_time: 0.0
node: 72880
formulation: EFP