instance: K100.6.red
obj: 108.0
bound: 103.0
gap: 0.046296296296296294
time: 7199.953387022018
preprocess_time: 0.053621
sepa_time: 3.3951932663e-313
node: 340044
formulation: EVFP