instance: K100.2.red
obj: 137.0
bound: 132.0
gap: 0.0364963503649635
time: 7199.926842212677
preprocess_time: 0.081593
sepa_time: 0.0
node: 165831
formulation: EVFP