instance: K100.8.con.red
obj: 239.0
bound: 236.0
gap: 0.012552301255230125
time: 7199.096400022507
preprocess_time: 0.904751
sepa_time: 1.3842199804212723e13
node: 2506274
formulation: LEFPV2