instance: K100.con.red
obj: 8.0
bound: 7.000002055947105
gap: 0.12499974300661187
time: 5131.389286994934
preprocess_time: 0.950568
sepa_time: 0.0
node: 230823
formulation: LEFP