instance: K100.10.red
obj: 5.0
bound: 5.0
gap: 0.0
time: 112.4065580368042
preprocess_time: 0.89848
sepa_time: 1.1474472281542469e14
node: 5684
formulation: LEFPV