instance: K100.6.red
obj: 4.0
bound: 4.0
gap: 0.0
time: 7.359990119934082
preprocess_time: 0.89108
sepa_time: 1.844674019535623e13
node: 1073
formulation: LEFPV2