instance: K100.9.red
obj: 3.0
bound: 3.0
gap: 0.0
time: 1.359950065612793
preprocess_time: 0.04174
sepa_time: 0.0
node: 1
formulation: LEVFP