instance: K100.9.red
obj: 118.0
bound: 113.0000000000001
gap: 0.04237288135593136
time: 7199.9347360134125
preprocess_time: 0.07079
sepa_time: 0.0
node: 367878
formulation: EVFP