instance: K100.1.red
obj: 301.0
bound: 269.0
gap: 0.10631229235880399
time: 7199.722808122635
preprocess_time: 0.292354
sepa_time: 0.0
node: 795589
formulation: EFP