instance: K100.1.red
obj: 296.9999999803911
bound: 293.0
gap: 0.013468013402879515
time: 7198.657441139221
preprocess_time: 1.345712
sepa_time: 0.0
node: 1145530
formulation: LEFP