instance: K100.1.red
obj: 10.0
bound: 9.0
gap: 0.1
time: 7199.102359056473
preprocess_time: 0.903253
sepa_time: 20.526078
node: 167660
formulation: LEFPV2