instance: K100.9.red
obj: 3.0
bound: 3.0
gap: 0.0
time: 0.6765220165252686
preprocess_time: 0.932492
sepa_time: 0.0
node: 1
formulation: LEFPI