instance: K100.9.red
obj: 118.0
bound: 117.00000203281516
gap: 0.008474559043939317
time: 3050.468787908554
preprocess_time: 0.895734
sepa_time: 1.6154705124174484e14
node: 1812687
formulation: LEFPV