instance: K100.con.red
obj: 9.0
bound: 7.000000000000003
gap: 0.22222222222222193
time: 7199.107073068619
preprocess_time: 0.899247
sepa_time: 0.0
node: 135015
formulation: LEFPD