instance: K100.6.red
obj: 108.0
bound: 107.00000512917563
gap: 0.009259211766892282
time: 327.0578010082245
preprocess_time: 0.047528
sepa_time: 0.0
node: 138840
formulation: LEVFP