instance: K100.con.red
obj: 9.0
bound: 7.000000000000005
gap: 0.22222222222222163
time: 7198.7430300712585
preprocess_time: 1.264493
sepa_time: 1.844671491090177e13
node: 405100
formulation: LEFPV2