instance: K100.1.red
obj: 298.0
bound: 283.0
gap: 0.050335570469798654
time: 7199.730427980423
preprocess_time: 0.284605
sepa_time: 0.0
node: 67634
formulation: EVFP