instance: K100.8.con.red
obj: 9.0
bound: 9.0
gap: 0.0
time: 1191.8429899215698
preprocess_time: 0.04148
sepa_time: 0.0
node: 25523
formulation: EFP