instance: K100.6.red
obj: 108.0
bound: 107.00000242036786
gap: 0.009259236848445708
time: 2000.2307169437408
preprocess_time: 0.900075
sepa_time: 0.0
node: 576943
formulation: LEFPD