instance: K100.4.con.red
obj: 185.0
bound: 184.0
gap: 0.005405405405405406
time: 7198.64971113205
preprocess_time: 1.352156
sepa_time: 0.0
node: 1542946
formulation: LEFP