instance: K100.10.red
obj: 133.0
bound: 132.0000022373838
gap: 0.0075187801700466435
time: 5108.206242084503
preprocess_time: 0.900728
sepa_time: 1.4091823943406049e13
node: 2005615
formulation: LEFPV2