instance: K100.5.con.red
obj: 7.0
bound: 7.0
gap: 0.0
time: 35.787492990493774
preprocess_time: 0.948902
sepa_time: 0.0
node: 1233
formulation: LEFP