instance: K100.3.con.red
obj: 7.0
bound: 7.0
gap: 0.0
time: 4.3871541023254395
preprocess_time: 0.927856
sepa_time: 0.0
node: 3
formulation: LEFP