instance: K100.3.con.red
obj: 137.0
bound: 1.0
gap: 0.9927007299270073
time: 7202.978332996368
preprocess_time: 0.027953
sepa_time: 0.0
node: 1
formulation: EF