instance: K100.2.red
obj: 4.0
bound: 4.0
gap: 0.0
time: 3.8615150451660156
preprocess_time: 0.906987
sepa_time: 1.8752117006946484e14
node: 156
formulation: LEFPV