instance: K100.6.red
obj: 4.0
bound: 4.0
gap: 0.0
time: 714.7938377857208
preprocess_time: 0.026583
sepa_time: 0.0
node: 1
formulation: EF