instance: K100.8.con.red
obj: 239.0
bound: 236.0
gap: 0.012552301255230125
time: 7198.699951887131
preprocess_time: 1.300759
sepa_time: 0.0
node: 2110540
formulation: LEFPI