instance: K100.10.red
obj: 5.0
bound: 5.0
gap: 0.0
time: 10.753214120864868
preprocess_time: 0.037428
sepa_time: 6.91505038281907e-310
node: 6
formulation: LEVFP