instance: K100.5.con.red
obj: 197.0
bound: 186.0
gap: 0.05583756345177665
time: 7199.904939889908
preprocess_time: 0.105613
sepa_time: 0.0
node: 140871
formulation: EVFP