instance: K100.10.red
obj: 133.0
bound: 132.00000000000017
gap: 0.007518796992479921
time: 7199.952029943466
preprocess_time: 0.049631
sepa_time: 0.0
node: 2091439
formulation: LEVFP