instance: K100.4.con.red
obj: 185.0
bound: 184.0000326820478
gap: 0.005405228745687632
time: 3828.1562039852142
preprocess_time: 0.897968
sepa_time: 2.4428455992053366e14
node: 952265
formulation: LEFPV