instance: K100.6.red
obj: 4.0
bound: 4.0
gap: 0.0
time: 9.891877889633179
preprocess_time: 0.89764
sepa_time: 0.0
node: 940
formulation: LEFPD