instance: K100.3.con.red
obj: 200.0
bound: 198.00000000000003
gap: 0.009999999999999858
time: 7199.101323843002
preprocess_time: 0.90022
sepa_time: 0.0
node: 1101012
formulation: LEFPD