instance: K100.6.red
obj: 108.0
bound: 107.00000264748498
gap: 0.00925923474550948
time: 317.2509729862213
preprocess_time: 1.23862
sepa_time: 0.0
node: 191387
formulation: LEFP