instance: K100.4.con.red
obj: 185.0
bound: 184.0000000000001
gap: 0.005405405405404791
time: 7198.7518808841705
preprocess_time: 1.248757
sepa_time: 0.0
node: 1662752
formulation: LEFPI