instance: city_628.txt
obj: 4.0
bound: 4.0
gap: 0.0
time: 16.101650953292847
preprocess_time: 0.26045
node: 418
algo: EVFPV