instance: city_771.txt
obj: 116.0
bound: 100.0
gap: 0.13793103448275862
time: 7198.3209400177
preprocess_time: 1.693038
sepa_time: 0.0
node: 119874
formulation: LEFPA