instance: city_479.txt
obj: 78.0
bound: 72.0
gap: 0.07692307692307693
time: 7199.024240970612
preprocess_time: 0.977608
sepa_time: 0.0
node: 126110
formulation: LEFPI