instance: city_213.txt
obj: 29.0
bound: 23.0
gap: 0.20689655172413793
time: 7199.061310052872
preprocess_time: 0.942359
sepa_time: 0.0
node: 44893
formulation: LEFPD