instance: city_213.txt
obj: 88.0
bound: 88.0
gap: 0.0
time: 0.1791088581085205
preprocess_time: 0.12675
node: 0
algo: SFD