instance: city_771.txt
obj: 1460.0
bound: 1429.0
gap: 0.021232876712328767
time: 7198.532981872559
preprocess_time: 1.475246
sepa_time: 1.3842199804214479e13
node: 1003099
formulation: LEFPV2