instance: city_479.txt
obj: 78.0
bound: 71.0
gap: 0.08974358974358974
time: 7199.926565170288
preprocess_time: 0.079287
sepa_time: 0.0
node: 180202
formulation: EFP