instance: city_771.txt
obj: 1461.0
bound: 1429.0
gap: 0.02190280629705681
time: 7199.826663017273
preprocess_time: 0.178616
sepa_time: 1.477e-321
node: 752190
formulation: LEVFP