instance: city_276.txt
obj: 55.00000140004255
bound: 52.75976461075697
gap: 0.04073157695010124
time: 3600.7982099056244
preprocess_time: 0.068795
node: 11043
formulation: LEFPD