instance: city_628.txt
obj: 108.00000074463601
bound: 78.81895012256913
gap: 0.27019491130410184
time: 1801.1774940490723
preprocess_time: 0.093164
node: 2091
formulation: EVFP