instance: city_628.txt
obj: 96.0
bound: 86.0
gap: 0.10416666666666667
time: 7198.9928958415985
preprocess_time: 1.015421
sepa_time: 0.0
node: 62724
formulation: LEFPV2