instance: city_213.txt
obj: 29.0
bound: 23.0
gap: 0.20689655172413793
time: 7199.948812007904
preprocess_time: 0.059084
sepa_time: 0.0
node: 66003
formulation: EVFP