instance: city_276.txt
obj: 516.0
bound: 500.0
gap: 0.031007751937984496
time: 3599.948089838028
preprocess_time: 0.055932
sepa_time: 0.0
node: 739615
formulation: LEFPV2