instance: city_138.txt
obj: 20.0
bound: 16.628373794555007
gap: 0.16858131027140677
time: 1801.7919609546661
preprocess_time: 0.369712
node: 81534
algo: EFPV