instance: city_479.txt
obj: 78.0
bound: 70.0
gap: 0.10256410256410256
time: 3599.889451980591
preprocess_time: 0.120739
sepa_time: 0.0
node: 55794
formulation: LEFPV2