instance: city_628.txt
obj: 1183.0
bound: 1134.0
gap: 0.04142011834319527
time: 7198.46141910553
preprocess_time: 1.54579
sepa_time: 0.0
node: 114527
formulation: LEFPAD