instance: city_265.txt
obj: 105.99999999997533
bound: 85.77286905381243
gap: 0.19082199005800496
time: 1801.3223028182983
preprocess_time: 0.067884
node: 25037
algo: EVFPL