instance: city_265.txt
obj: 41.0
bound: 30.0285540624721
gap: 0.26759624237807655
time: 1801.2460279464722
preprocess_time: 0.105834
node: 16710
formulation: EFP