instance: city_479.txt
obj: 79.0
bound: 69.0
gap: 0.12658227848101267
time: 3599.9137890338898
preprocess_time: 0.093246
sepa_time: 0.0
node: 58569
formulation: EFP