instance: city_268.txt
obj: 104.0
bound: 91.0
gap: 0.125
time: 3599.9270951747894
preprocess_time: 0.078467
sepa_time: 0.0
node: 352411
formulation: LEFPV2