instance: city_268.txt
obj: 502.0
bound: 492.0
gap: 0.0199203187250996
time: 7198.355095863342
preprocess_time: 1.648508
sepa_time: 1.3834850844585676e13
node: 2075627
formulation: LEFPAV