instance: city_628.txt
obj: 1182.0
bound: 1148.0
gap: 0.028764805414551606
time: 7198.674340963364
preprocess_time: 1.334186
sepa_time: 0.0
node: 945269
formulation: LEFP