instance: city_276.txt
obj: 44.0
bound: 26.658915182232846
gap: 0.39411556403926684
time: 1801.2779710292816
preprocess_time: 0.172444
node: 10233
algo: EVFP0