instance: city_276.txt
obj: 523.0
bound: 480.0
gap: 0.08221797323135756
time: 3599.59073805809
preprocess_time: 0.435114
sepa_time: 0.0
node: 11056
formulation: EVFP