instance: city_771.txt
obj: 829.0
bound: 258.729277266146
gap: 0.6879019574593307
time: 3635.8207058906555
preprocess_time: 0.522688
node: 59631
formulation: EFP