instance: city_265.txt
obj: 37.0
bound: 34.0
gap: 0.08108108108108109
time: 3599.946530818939
preprocess_time: 0.054655
node: 23476
formulation: LEVFP