instance: city_628.txt
obj: 487.0
bound: 205.45380306212397
gap: 0.5781236076751914
time: 1801.7230250835419
preprocess_time: 0.215613
node: 1189
algo: SF