instance: city_771.txt
obj: 422.0
bound: 251.5498183467327
gap: 0.40391038306451876
time: 1801.0563168525696
preprocess_time: 0.296999
node: 1191
algo: SF