instance: city_132.txt
obj: 22.0
bound: 22.0
gap: 0.0
time: 2383.7308950424194
preprocess_time: 1.75562
sepa_time: 1.334739444744205e14
node: 287688
formulation: LEFPAV