instance: city_132.txt
obj: 22.0
bound: 18.169776973742078
gap: 0.17410104664729603
time: 1801.7327840328217
preprocess_time: 0.041471
node: 118526
algo: EFPLg