instance: city_213.txt
obj: 399.0
bound: 387.0
gap: 0.03007518796992481
time: 7198.681485891342
preprocess_time: 1.3212
sepa_time: 0.0
node: 2342475
formulation: LEFP