instance: city_628.txt
obj: 95.0
bound: 87.0
gap: 0.08421052631578947
time: 7198.4319088459015
preprocess_time: 1.572075
sepa_time: 0.0
node: 34057
formulation: LEFPAI