instance: city_479.txt
obj: 82.0
bound: 67.53138913256907
gap: 0.17644647399284488
time: 1799.6271770000458
preprocess_time: 1.422844
node: 6866
formulation: EFPV