instance: city_276.txt
obj: 153.0
bound: 76.90983639792464
gap: 0.4973213307321937
time: 1800.5739719867706
preprocess_time: 0.128465
node: 3050
algo: EVFP