instance: city_628.txt
obj: 109.0
bound: 79.7849728184224
gap: 0.26802777230780545
time: 1800.6073701381683
preprocess_time: 0.193608
node: 4695
algo: EVFPL