instance: city_628.txt
obj: 110.0
bound: 78.26393200334134
gap: 0.288509709060271
time: 1799.771950006485
preprocess_time: 1.193481
node: 3161
formulation: EFPV