instance: city_771.txt
obj: 117.0
bound: 103.0
gap: 0.11965811965811966
time: 7198.079244852066
preprocess_time: 1.925137
sepa_time: 0.0
node: 79612
formulation: LEFPAI