instance: city_132.txt
obj: 22.0
bound: 18.53319601311093
gap: 0.1575819994033323
time: 1801.318657875061
preprocess_time: 0.062305
node: 80970
algo: EFP