instance: city_132.txt
obj: 56.0
bound: 50.20805652907794
gap: 0.10342756198056632
time: 3626.762917995453
preprocess_time: 0.060899
node: 297734
formulation: LEVFP