instance: city_265.txt
obj: 105.0
bound: 89.0
gap: 0.1523809523809524
time: 3599.9381260871887
preprocess_time: 0.068318
node: 311997
formulation: EFP