instance: city_276.txt
obj: 41.0
bound: 32.0
gap: 0.21951219512195122
time: 3599.9424760341644
preprocess_time: 0.062065
node: 48109
formulation: EFP