instance: city_268.txt
obj: 107.0
bound: 85.12902765017283
gap: 0.20440161074585728
time: 3604.735430955887
preprocess_time: 0.093038
node: 239719
formulation: EFP