instance: city_771.txt
obj: 1461.0
bound: 1430.0
gap: 0.021218343600273786
time: 7198.340077161789
preprocess_time: 1.669691
sepa_time: 0.0
node: 1111502
formulation: LEFPA