instance: city_268.txt
obj: 39.0
bound: 34.0
gap: 0.1282051282051282
time: 7199.035037994385
preprocess_time: 0.968707
sepa_time: 2.4538533629591975e14
node: 132766
formulation: LEFPAV