instance: city_628.txt
obj: 99.0
bound: 90.0
gap: 0.09090909090909091
time: 7198.94215297699
preprocess_time: 1.066417
sepa_time: 0.0
node: 24807
formulation: LEFPD