instance: city_276.txt
obj: 40.0
bound: 32.0
gap: 0.2
time: 7198.355370044708
preprocess_time: 1.653553
sepa_time: 2.447814601059414e14
node: 144651
formulation: LEFPAV