instance: city_265.txt
obj: 103.0
bound: 90.0
gap: 0.1262135922330097
time: 3599.945811033249
preprocess_time: 0.057653
node: 342882
formulation: LEFP