instance: city_276.txt
obj: 41.0
bound: 32.0
gap: 0.21951219512195122
time: 3599.9257090091705
preprocess_time: 0.080644
node: 38019
formulation: LEFP