instance: city_276.txt
obj: 156.00000000001614
bound: 155.00000000001623
gap: 0.006410256410251091
time: 217.62623405456543
preprocess_time: 0.063087
node: 7278
formulation: LEFPD