instance: city_276.txt
obj: 41.0
bound: 32.0
gap: 0.21951219512195122
time: 3598.685225009918
preprocess_time: 1.31611
sepa_time: 0.0
node: 37132
formulation: LEFPI