instance: city_132.txt
obj: 0.0
bound: 0.0
gap: 0.0
time: 0.2037639617919922
preprocess_time: 0.061609
node: 0
algo: EVFP0