instance: city_276.txt
obj: 40.0
bound: 32.0
gap: 0.2
time: 7199.936958789825
preprocess_time: 0.069839
sepa_time: 0.0
node: 128277
formulation: EFP