instance: city_479.txt
obj: 78.0
bound: 70.0
gap: 0.10256410256410256
time: 3599.9169919490814
preprocess_time: 0.090683
sepa_time: 0.0
node: 51846
formulation: LEFPV