instance: city_771.txt
obj: 114.0
bound: 100.0
gap: 0.12280701754385964
time: 7198.009253025055
preprocess_time: 2.016847
sepa_time: 2.3515168168496656e14
node: 107215
formulation: LEFPAV