instance: city_628.txt
obj: 96.0
bound: 86.0
gap: 0.10416666666666667
time: 7198.937442064285
preprocess_time: 1.076905
sepa_time: 0.0
node: 62537
formulation: LEFP