instance: city_268.txt
obj: 506.0
bound: 492.0
gap: 0.02766798418972332
time: 7198.729364156723
preprocess_time: 1.273149
sepa_time: 0.0
node: 2374674
formulation: LEFP