instance: city_268.txt
obj: 374.0
bound: 359.0
gap: 0.040106951871657755
time: 3599.9296400547028
preprocess_time: 0.073428
sepa_time: 0.0
node: 835591
formulation: LEFPV