instance: city_628.txt
obj: 93.0
bound: 84.0
gap: 0.0967741935483871
time: 7198.494632959366
preprocess_time: 1.525223
sepa_time: 3.2233526170451475e14
node: 113474
formulation: LEFPAV