instance: city_138.txt
org_node: 99
org_edge: 138
org_min_len: 0.05932304198545514
org_avg_len: 0.40283198504112006
org_max_len: 1.0
dtf_node: 135
dtf_edge: 174
dtf_min_len: 0.0003964044896132557
dtf_avg_len: 0.31948743641192245
dtf_max_len: 1.6061576865194156
sdb_node: 162
sdb_edge: 201
sdb_min_len: 0.0003964044896132557
sdb_avg_len: 0.2765712136103207
sdb_max_len: 0.402831582209135
dlt: 0.40283198504112006
algo: None