instance: city_138.txt
obj: 53.0
bound: 42.99036978824774
gap: 0.18886094739119572
time: 1801.181349992752
preprocess_time: 0.067759
node: 32936
algo: EFPD