instance: city_138.txt
obj: 20.0
bound: 15.073327555606227
gap: 0.246333622218457
time: 1800.6986529827118
preprocess_time: 0.09088
node: 57337
algo: RF