instance: city_265.txt
obj: 38.0
bound: 34.0
gap: 0.10526315789473684
time: 7198.64995598793
preprocess_time: 1.355539
sepa_time: 0.0
node: 131990
formulation: LEFPA