instance: city_213.txt
obj: 85.0
bound: 60.47792750434838
gap: 0.2884949705367385
time: 1801.2394759654999
preprocess_time: 0.07882
node: 11226
algo: EFPD