instance: city_771.txt
obj: 731.0000000016946
bound: 267.93792490087986
gap: 0.6334638510255511
time: 1828.1909120082855
preprocess_time: 11.205557
node: 3902
algo: EFPV2