instance: city_276.txt
obj: 43.0
bound: 26.90386196557242
gap: 0.37432879149744525
time: 1801.7354619503021
preprocess_time: 0.12092
node: 13264
formulation: LEVFP