instance: city_138.txt
obj: 54.0
bound: 42.75181086666852
gap: 0.208299798765012
time: 1832.1730618476868
preprocess_time: 0.283541
node: 30142
algo: EFPV