instance: city_132.txt
obj: 56.0
bound: 49.25848559517949
gap: 0.12038418580015121
time: 1802.3291399478912
preprocess_time: 0.195842
node: 107893
algo: EFPV