instance: city_213.txt
obj: 294.0
bound: 273.0
gap: 0.07142857142857142
time: 3599.58394408226
preprocess_time: 0.429079
sepa_time: 6.91003545386974e-310
node: 15592
formulation: EVFP