instance: city_265.txt
obj: 503.0
bound: 492.0
gap: 0.02186878727634195
time: 3598.63991189003
preprocess_time: 1.363056
sepa_time: 0.0
node: 403593
formulation: LEFPD