instance: city_138.txt
obj: 21.0
bound: 17.0
gap: 0.19047619047619047
time: 3601.0252339839935
preprocess_time: 0.040822
node: 10202
formulation: EF