instance: city_138.txt
obj: 20.0
bound: 15.242583737902333
gap: 0.23787081310369404
time: 1802.600919008255
preprocess_time: 0.082948
node: 66210
algo: F