instance: city_132.txt
obj: 22.0
bound: 20.0
gap: 0.09090909090909091
time: 3599.953686952591
preprocess_time: 0.046924
node: 468954
formulation: LEFPI