instance: city_771.txt
obj: 116.0
bound: 103.0
gap: 0.11206896551724138
time: 7199.754721164703
preprocess_time: 0.263635
sepa_time: 0.0
node: 90600
formulation: EFP