instance: city_628.txt
obj: 96.0
bound: 83.0
gap: 0.13541666666666666
time: 3599.6405651569366
preprocess_time: 0.370521
node: 13122
formulation: LEFPI