instance: city_265.txt
obj: 40.0
bound: 32.78797506989464
gap: 0.18030062325218318
time: 3603.137850999832
preprocess_time: 0.075663
node: 53088
formulation: LEFP