instance: city_628.txt
obj: 277.0
bound: 261.3243268086823
gap: 0.05659087794697482
time: 3603.8647298812866
preprocess_time: 0.391321
node: 145562
formulation: LEFPI