instance: city_138.txt
obj: 19.0
bound: 18.000000000000004
gap: 0.05263157894736823
time: 3792.1054470539093
preprocess_time: 0.040442
sepa_time: 0.0
node: 266005
formulation: EFP