instance: city_213.txt
obj: 29.0
bound: 22.0
gap: 0.2413793103448276
time: 7198.349610090256
preprocess_time: 1.651293
sepa_time: 0.0
node: 140544
formulation: LEFPAI