instance: city_628.txt
obj: 1178.0
bound: 1149.0
gap: 0.02461799660441426
time: 7198.154164075851
preprocess_time: 1.852382
sepa_time: 0.9156839999999999
node: 1028262
formulation: LEFPAV