instance: city_771.txt
obj: 307.0
bound: 273.0
gap: 0.11074918566775244
time: 3599.496701002121
preprocess_time: 0.507964
node: 86740
formulation: LEFPI