instance: city_132.txt
obj: 22.0
bound: 19.04160581041833
gap: 0.13447246316219202
time: 1802.1913239955902
preprocess_time: 0.06205
node: 55561
algo: EFP0