instance: city_276.txt
obj: 39.0
bound: 32.0
gap: 0.1794871794871795
time: 7199.011955976486
preprocess_time: 0.992138
sepa_time: 4.659627630729064e14
node: 74029
formulation: LEFPAV