instance: city_265.txt
obj: 40.0
bound: 29.78340819390615
gap: 0.2554147951517077
time: 1812.8689930438995
preprocess_time: 44.681115
node: 7046
algo: EFPV2