instance: city_268.txt
obj: 506.0
bound: 492.0
gap: 0.02766798418972332
time: 7199.029233932495
preprocess_time: 0.972969
sepa_time: 0.0
node: 2604491
formulation: LEFP