instance: city_479.txt
obj: 193.0
bound: 182.0
gap: 0.05699481865284974
time: 3599.772386074066
preprocess_time: 0.238708
sepa_time: 5.0e-324
node: 31644
formulation: EVFP