instance: city_276.txt
obj: 105.0
bound: 83.53925800019032
gap: 0.20438801904561185
time: 1801.9832789897919
preprocess_time: 0.11107
node: 19797
formulation: LEVFP