instance: city_265.txt
obj: 105.0
bound: 85.4184102783223
gap: 0.18649133068246718
time: 1801.4251868724823
preprocess_time: 0.084416
node: 19850
algo: EFPLg