instance: city_771.txt
obj: 116.0
bound: 98.0
gap: 0.15517241379310345
time: 3599.5961911678314
preprocess_time: 0.4094
node: 23932
formulation: LEFPI