instance: city_138.txt
obj: 21.0
bound: 17.0
gap: 0.19047619047619047
time: 7200.966047048569
preprocess_time: 0.034415
sepa_time: 0.0
node: 11474
formulation: EF