instance: city_479.txt
obj: 78.99999967619257
bound: 73.0
gap: 0.07594936330108279
time: 3599.05703997612
preprocess_time: 0.94617
sepa_time: 0.0
node: 18725
formulation: LEFPD