instance: city_138.txt
obj: 54.0
bound: 48.0
gap: 0.1111111111111111
time: 3599.954435825348
preprocess_time: 0.047864
node: 111241
formulation: LEFPD