instance: city_138.txt
obj: 259.0
bound: 254.0
gap: 0.019305019305019305
time: 3599.940885782242
preprocess_time: 0.061035
sepa_time: 0.0
node: 1925872
formulation: LEFP