instance: city_138.txt
obj: 54.0
bound: 42.999999999999986
gap: 0.20370370370332674
time: 1800.8811249732971
preprocess_time: 0.06551
node: 36382
algo: EFP