instance: city_138.txt
org_node: 99
org_edge: 138
org_min_len: 0.05932304198545514
org_avg_len: 0.40283198504112006
org_max_len: 1.0
dtf_node: 90
dtf_edge: 129
dtf_min_len: 0.014551316874472975
dtf_avg_len: 0.430936542137012
dtf_max_len: 1.6061576865194156
sdb_node: 440
sdb_edge: 479
sdb_min_len: 0.05932304198545514
sdb_avg_len: 0.11605597898888245
sdb_max_len: 0.13279713788784053
dlt: 0.13293455506356963
formulation: None