instance: city_265.txt
obj: 106.0
bound: 85.64766927318564
gap: 0.19200312006410525
time: 1801.4146511554718
preprocess_time: 0.186558
node: 26358
algo: EFP0