instance: city_628.txt
obj: 93.0
bound: 82.0
gap: 0.11827956989247312
time: 7198.084216117859
preprocess_time: 1.92253
sepa_time: 0.0
node: 25948
formulation: LEFPAD