instance: city_479.txt
obj: 109.00000000000016
bound: 109.00000000000016
gap: 0.0
time: 1201.416913986206
preprocess_time: 0.121856
node: 5003
formulation: LEFPD