instance: city_213.txt
obj: 87.0
bound: 60.50168428302562
gap: 0.3045783415740681
time: 1801.4386768341064
preprocess_time: 0.126972
node: 13660
formulation: EFPD