instance: city_132.txt
obj: 22.0
bound: 21.0
gap: 0.045454545454545456
time: 7198.932776927948
preprocess_time: 1.0765
sepa_time: 0.0
node: 245266
formulation: LEFPD