instance: city_132.txt
obj: 56.0
bound: 49.33008482742322
gap: 0.11910562808151551
time: 1803.304183959961
preprocess_time: 0.175388
node: 127356
formulation: EFPV