instance: city_132.txt
obj: 35.0
bound: 33.99999999999993
gap: 0.028571428571348968
time: 32.36795687675476
preprocess_time: 0.061644
node: 2496
formulation: LEFPD