instance: city_268.txt
obj: 43.0
bound: 27.981237237308502
gap: 0.3492735526199202
time: 1808.6671419143677
preprocess_time: 47.556711
node: 7691
algo: EFPV2