instance: city_268.txt
obj: 211.99999955275314
bound: 211.99999955275314
gap: 0.0
time: 0.05028104782104492
preprocess_time: 1.325965
sepa_time: 0.0
node: 1
formulation: LEFPAI