instance: city_213.txt
obj: 29.0
bound: 19.29664195332297
gap: 0.33459855333253696
time: 1800.7326200008392
preprocess_time: 0.0664
node: 24256
algo: F0