instance: city_628.txt
obj: 1205.0
bound: 1038.0
gap: 0.13858921161825727
time: 7197.488380908966
preprocess_time: 2.541717
sepa_time: 0.0
node: 189529
formulation: EFP