instance: city_628.txt
obj: 97.0
bound: 87.0
gap: 0.10309278350515463
time: 3599.9291689395905
preprocess_time: 0.105722
sepa_time: 1.425981175402e-311
node: 10236
formulation: EVFP