instance: city_628.txt
obj: 111.0
bound: 81.16605328110383
gap: 0.26877429476458825
time: 1800.7791130542755
preprocess_time: 0.19633
node: 2173
formulation: EFP