instance: city_771.txt
obj: 127.0
bound: 91.58412694265515
gap: 0.27886514218359815
time: 3601.1863510608673
preprocess_time: 0.185065
node: 8256
formulation: LEVFP