instance: city_268.txt
obj: 133.99999993750012
bound: 83.09273767684395
gap: 0.3799049424206134
time: 1800.6793801784515
preprocess_time: 0.122182
node: 7783
algo: EVFP