instance: city_771.txt
obj: 129.0
bound: 89.53865101003119
gap: 0.3059019301545599
time: 3602.4997069835663
preprocess_time: 0.387487
node: 33670
formulation: EFP