instance: city_265.txt
obj: 39.0
bound: 30.993623619196786
gap: 0.2052917020713509
time: 1774.39146900177
preprocess_time: 27.113334
node: 26381
algo: EFPV2