instance: city_132.txt
obj: 22.0
bound: 20.00000000000008
gap: 0.09090909090908719
time: 7198.642504930496
preprocess_time: 1.360841
sepa_time: 0.0
node: 229456
formulation: LEFPD