instance: city_268.txt
obj: 46.0
bound: 27.915532450681454
gap: 0.39314059889737457
time: 1848.0943319797516
preprocess_time: 0.635862
node: 6235
algo: EFPV