instance: city_276.txt
obj: 104.0
bound: 89.0
gap: 0.14423076923076922
time: 3599.9229259490967
preprocess_time: 0.0822
sepa_time: 0.0
node: 158037
formulation: LEFPV2