instance: city_268.txt
obj: 105.0
bound: 87.00071328629922
gap: 0.17142177822555849
time: 1802.4309520721436
preprocess_time: 0.086359
node: 26825
formulation: LEVFP