instance: city_268.txt
obj: 511.0
bound: 432.0
gap: 0.15459882583170254
time: 3599.333482027054
preprocess_time: 0.680811
sepa_time: 0.0
node: 257117
formulation: EFP