instance: city_265.txt
obj: 495.0
bound: 478.0
gap: 0.03434343434343434
time: 7198.60468006134
preprocess_time: 1.398364
sepa_time: 0.0
node: 403469
formulation: LEFPAD