instance: city_628.txt
obj: 675.9999999999999
bound: 200.80831394357372
gap: 0.7029462811484556
time: 1800.072557926178
preprocess_time: 0.587529
node: 600
algo: EFPD