instance: city_771.txt
obj: 341.00000000002393
bound: 310.92114173553045
gap: 0.08820779549701627
time: 3606.195802927017
preprocess_time: 0.496557
node: 139668
formulation: LEFPI