instance: city_628.txt
obj: 1197.0
bound: 1086.0
gap: 0.09273182957393483
time: 3597.3304731845856
preprocess_time: 2.681371
sepa_time: 6.9488082471339e-310
node: 3667
formulation: EVFP