instance: city_276.txt
obj: 155.0
bound: 76.94484425023896
gap: 0.5035816499981335
time: 1800.6087818145752
preprocess_time: 0.133334
node: 3316
formulation: EVFP