instance: city_628.txt
obj: 95.9999991232008
bound: 84.0
gap: 0.1249999920083405
time: 3599.637638092041
preprocess_time: 0.372562
node: 16846
formulation: LEFP