instance: city_628.txt
obj: 108.0
bound: 78.21317829232655
gap: 0.27580390470042476
time: 1798.3176639080048
preprocess_time: 2.889299
node: 2888
algo: EFPV