instance: city_138.txt
obj: 20.0
bound: 15.812708868634372
gap: 0.2093645565672346
time: 1788.9681539535522
preprocess_time: 12.028723
node: 45332
algo: EFPV2