instance: city_479.txt
obj: 908.0
bound: 891.0
gap: 0.018722466960352423
time: 3598.643389940262
preprocess_time: 1.361373
sepa_time: 0.0
node: 604779
formulation: LEFPV2