instance: city_479.txt
obj: 909.0
bound: 891.0
gap: 0.019801980198019802
time: 7198.122161149979
preprocess_time: 1.879515
sepa_time: 0.0
node: 1239028
formulation: LEFPAI