instance: city_276.txt
org_node: 191
org_edge: 276
org_min_len: 0.011848341232227487
org_avg_len: 0.20974139707397485
org_max_len: 1.0
dtf_node: 232
dtf_edge: 317
dtf_min_len: 0.0011592866010715352
dtf_avg_len: 0.18261396085935958
dtf_max_len: 1.5
sdb_node: 318
sdb_edge: 403
sdb_min_len: 0.0011592866010715352
sdb_avg_len: 0.143644232239248
sdb_max_len: 0.20974118733257777
dlt: 0.20974139707397485
algo: None