instance: city_276.txt
obj: 525.0
bound: 447.0
gap: 0.14857142857142858
time: 7199.460891962051
preprocess_time: 0.554256
sepa_time: 0.0
node: 718003
formulation: EFP