instance: city_268.txt
org_node: 195
org_edge: 268
org_min_len: 0.014553014553014554
org_avg_len: 0.17736680423247597
org_max_len: 1.0
dtf_node: 229
dtf_edge: 302
dtf_min_len: 0.005585556086511234
dtf_avg_len: 0.15739835607385266
dtf_max_len: 2.047817047817048
sdb_node: 307
sdb_edge: 380
sdb_min_len: 0.004934105936016231
sdb_avg_len: 0.12509027245869336
sdb_max_len: 0.17736662686567173
dlt: 0.17736680423247597
algo: None