instance: city_268.txt
obj: 109.99999900000464
bound: 88.96994152992555
gap: 0.19118234237492204
time: 1793.4436860084534
preprocess_time: 8.700345
node: 32585
formulation: EFPV2