instance: city_138.txt
obj: 54.999999999999844
bound: 50.666666666666615
gap: 0.07878787878773387
time: 3606.4955270290375
preprocess_time: 0.051124
node: 726526
formulation: LEFPDB