instance: city_276.txt
obj: 517.0
bound: 496.0
gap: 0.04061895551257253
time: 3599.9472000598907
preprocess_time: 0.055334
sepa_time: 0.0
node: 653330
formulation: LEFPV2