instance: city_268.txt
obj: 42.0
bound: 27.383186321256098
gap: 0.34801937330259763
time: 1800.4486038684845
preprocess_time: 0.098363
node: 13915
algo: SF