instance: city_213.txt
obj: 29.0
bound: 17.318417413323854
gap: 0.40281319264261606
time: 1801.2214150428772
preprocess_time: 0.061784
node: 19016
algo: EVFPL