instance: city_771.txt
obj: 165.0000000000001
bound: 159.1686557447876
gap: 0.035341480334599856
time: 3601.080137014389
preprocess_time: 0.189845
node: 9712
formulation: LEFPD