instance: city_268.txt
obj: 44.0
bound: 28.780688816865418
gap: 0.3458934359795453
time: 1800.4817669391632
preprocess_time: 0.087495
node: 1797
algo: EFPD