instance: city_268.txt
obj: 109.0
bound: 86.10024192696724
gap: 0.21008952360561237
time: 1852.107731103897
preprocess_time: 3.934412
node: 18055
algo: EFPV2