instance: city_132.txt
obj: 258.0
bound: 256.0
gap: 0.007751937984496124
time: 7199.0834221839905
preprocess_time: 0.917736
sepa_time: 0.0
node: 1449755
formulation: LEFPD