instance: city_628.txt
obj: 97.99999908832197
bound: 84.0
gap: 0.14285713488328247
time: 7198.125695943832
preprocess_time: 1.884216
sepa_time: 0.0
node: 15706
formulation: LEFPAD