instance: city_276.txt
obj: 40.0
bound: 32.0
gap: 0.2
time: 7199.951071977615
preprocess_time: 0.05267
sepa_time: 0.0
node: 88998
formulation: EFP