instance: city_268.txt
obj: 506.0
bound: 493.0
gap: 0.025691699604743084
time: 7198.677253007889
preprocess_time: 1.323716
sepa_time: 0.0
node: 2354013
formulation: LEFPAI