instance: city_628.txt
obj: 100.0
bound: 86.0
gap: 0.14
time: 3599.64427113533
preprocess_time: 0.383736
sepa_time: 0.0
node: 10251
formulation: LEFPD