instance: city_268.txt
obj: 502.0
bound: 492.0
gap: 0.0199203187250996
time: 7198.353214979172
preprocess_time: 1.647923
sepa_time: 0.0
node: 2693281
formulation: LEFPAI