instance: city_265.txt
obj: 40.0
bound: 33.0
gap: 0.175
time: 3598.6333301067352
preprocess_time: 1.372608
sepa_time: 0.0
node: 22836
formulation: LEFPD