instance: city_628.txt
obj: 96.0
bound: 83.0
gap: 0.13541666666666666
time: 3599.614809036255
preprocess_time: 0.389371
sepa_time: 0.0
node: 17417
formulation: EFP