instance: city_138.txt
obj: 20.0
bound: 15.829194454709983
gap: 0.20854027726345817
time: 1788.9288358688354
preprocess_time: 12.131572
node: 46835
algo: EFPV2