instance: city_132.txt
obj: 255.0
bound: 251.0
gap: 0.01568627450980392
time: 3598.702094078064
preprocess_time: 1.299264
sepa_time: 0.0
node: 1712034
formulation: LEFPV