instance: city_771.txt
obj: 1483.0
bound: 1287.0
gap: 0.13216453135536074
time: 7197.153239965439
preprocess_time: 2.872154
sepa_time: 0.0
node: 102527
formulation: EFP