instance: city_132.txt
obj: 0.0
bound: 0.0
gap: 0.0
time: 0.31658315658569336
preprocess_time: 0.061036
node: 0
algo: EVFP