instance: city_265.txt
obj: 40.0
bound: 33.0
gap: 0.175
time: 3599.925266981125
preprocess_time: 0.077499
sepa_time: 0.0
node: 23455
formulation: LEFPD