instance: city_276.txt
obj: 40.0
bound: 32.0
gap: 0.2
time: 7199.935306072235
preprocess_time: 0.068938
sepa_time: 2.5e-323
node: 23465
formulation: LEVFP