instance: city_479.txt
obj: 1.0
bound: 0.0
gap: 0.9999999999
time: 2.1009578704833984
preprocess_time: 0.146411
node: 0
algo: EVFP