instance: city_771.txt
obj: 1461.0
bound: 1429.0
gap: 0.02190280629705681
time: 7199.768357992172
preprocess_time: 0.241672
sepa_time: 0.0
node: 662040
formulation: LEVFP