instance: city_479.txt
obj: 0.0
bound: 0.0
gap: 0.0
time: 6.6924498081207275
preprocess_time: 0.142356
node: 199
algo: EVFPV