instance: city_628.txt
obj: 1196.0
bound: 1087.0
gap: 0.09113712374581939
time: 3597.247658967972
preprocess_time: 2.762409
sepa_time: 0.0
node: 3710
formulation: EVFP