instance: city_276.txt
obj: 1.0
bound: 0.0
gap: 0.9999999999
time: 16.09853506088257
preprocess_time: 0.19274
node: 1112
algo: EVFPV