instance: city_479.txt
obj: 367.0
bound: 163.56707093138712
gap: 0.5543131582249522
time: 1800.348191022873
preprocess_time: 0.223636
node: 5093
algo: EVFPV