instance: city_132.txt
obj: 22.0
bound: 18.20110160251552
gap: 0.17267719988487323
time: 1802.1897809505463
preprocess_time: 0.042834
node: 129099
formulation: EFPI