instance: city_479.txt
obj: 908.0
bound: 891.0
gap: 0.018722466960352423
time: 7198.613611936569
preprocess_time: 1.389936
sepa_time: 0.0
node: 1282087
formulation: LEFPI