instance: city_265.txt
obj: 42.0
bound: 29.833039531773927
gap: 0.2896895349570739
time: 3602.57182598114
preprocess_time: 0.073279
node: 26425
formulation: LEVFP