instance: city_265.txt
obj: 38.0
bound: 33.0
gap: 0.13157894736842105
time: 3599.9487500190735
preprocess_time: 0.056245
node: 91529
formulation: LEFPI