instance: city_268.txt
obj: 41.0
bound: 29.288888746749954
gap: 0.2856368598346703
time: 1756.6475458145142
preprocess_time: 44.263214
node: 16795
algo: EFPV2