instance: city_138.txt
obj: 20.0
bound: 18.000000000000014
gap: 0.09999999999999928
time: 7198.536033153534
preprocess_time: 1.466297
sepa_time: 1.9357754782056644e14
node: 711559
formulation: LEFPAV