instance: city_771.txt
obj: 119.0
bound: 93.5173109011888
gap: 0.21414024452764532
time: 1738.395455121994
preprocess_time: 62.889943
node: 8219
algo: EFPV2