instance: city_132.txt
obj: 22.0
bound: 21.000000000000018
gap: 0.045454545454544644
time: 7199.951081991196
preprocess_time: 0.051661
sepa_time: 0.0
node: 352226
formulation: LEVFP