instance: city_276.txt
obj: 107.00000056440624
bound: 81.20426771682027
gap: 0.24108161412611115
time: 1801.2681500911713
preprocess_time: 0.135695
node: 16972
algo: EFP