instance: city_628.txt
obj: 532.9999992792385
bound: 213.38783563572508
gap: 0.5996475873839706
time: 1800.8963289260864
preprocess_time: 0.315775
node: 7283
algo: EFP0