instance: city_138.txt
obj: 52.0
bound: 45.0
gap: 0.1346153846153846
time: 3599.937483072281
preprocess_time: 0.065136
sepa_time: 0.0
node: 478018
formulation: LEFPV2