instance: city_265.txt
obj: 496.0
bound: 483.0
gap: 0.02620967741935484
time: 7198.685450077057
preprocess_time: 1.316991
sepa_time: 0.0
node: 2037472
formulation: LEFP