instance: city_268.txt
obj: 40.0
bound: 29.68912728073967
gap: 0.25777181798086385
time: 1801.2214269638062
preprocess_time: 1.009512
node: 21740
algo: EFPV