instance: city_138.txt
obj: 22.0
bound: 15.58025779112116
gap: 0.2918064640386209
time: 1800.7135939598083
preprocess_time: 0.045332
node: 16580
algo: EFPD