instance: city_138.txt
obj: 20.0
bound: 14.781023253093048
gap: 0.2609488373440429
time: 1801.9558069705963
preprocess_time: 0.036799
node: 40552
formulation: LEVFP