instance: city_771.txt
obj: 1461.0
bound: 1426.0
gap: 0.023956194387405885
time: 3599.5540750026703
preprocess_time: 0.459139
sepa_time: 0.0
node: 453949
formulation: LEFPV