instance: city_479.txt
obj: 89.0
bound: 87.99999999999994
gap: 0.01123595505616779
time: 4.541296005249023
preprocess_time: 0.127338
node: 1209
algo: SFD