instance: city_265.txt
obj: 105.0
bound: 85.28504890220741
gap: 0.1877614390264173
time: 1802.0246720314026
preprocess_time: 0.280152
node: 33246
formulation: EFPV