instance: city_628.txt
obj: 885.0
bound: 775.0
gap: 0.12429378531073447
time: 3598.2106919288635
preprocess_time: 1.816252
sepa_time: 0.0
node: 45336
formulation: EFP