instance: city_479.txt
obj: 79.0
bound: 73.0
gap: 0.0759493670886076
time: 7198.650997161865
preprocess_time: 1.36249
sepa_time: 0.0
node: 35896
formulation: LEFPD