instance: city_276.txt
obj: 517.0
bound: 494.0
gap: 0.04448742746615087
time: 3599.929494857788
preprocess_time: 0.074015
sepa_time: 0.0
node: 831673
formulation: LEFP