instance: city_132.txt
obj: 22.0
bound: 21.0
gap: 0.045454545454545456
time: 3599.956913948059
preprocess_time: 0.044848
node: 188553
formulation: LEVFP