instance: city_628.txt
obj: 268.0
bound: 215.6282545607494
gap: 0.1954169605941457
time: 1800.8773651123047
preprocess_time: 0.904847
node: 14438
formulation: EFPV