instance: city_479.txt
obj: 81.0
bound: 66.63688598825462
gap: 0.1773223952065142
time: 1759.0723760128021
preprocess_time: 42.113457
node: 11959
algo: EFPV2