instance: city_138.txt
obj: 21.0
bound: 17.0
gap: 0.19047619047619047
time: 7201.173331975937
preprocess_time: 0.046819
sepa_time: 0.0
node: 10813
formulation: EF