instance: city_628.txt
obj: 96.0
bound: 86.0
gap: 0.10416666666666667
time: 7199.87543797493
preprocess_time: 0.140924
sepa_time: 4.2439915844e-314
node: 15464
formulation: LEVFP