instance: city_771.txt
obj: 690.9999995000012
bound: 236.92143274766326
gap: 0.6571325138651775
time: 1799.7553849220276
preprocess_time: 0.485372
node: 194
algo: EFPD