instance: city_276.txt
obj: 112.0
bound: 103.91595727466441
gap: 0.07217895290471762
time: 3604.015939950943
preprocess_time: 0.081669
node: 179909
formulation: LEFPI