instance: city_276.txt
obj: 41.0
bound: 26.88964812956289
gap: 0.3441549236683584
time: 1800.6467959880829
preprocess_time: 0.10534
node: 13388
algo: RF