instance: city_276.txt
obj: 392.0
bound: 376.0
gap: 0.04081632653061224
time: 3599.9281890392303
preprocess_time: 0.075636
sepa_time: 0.0
node: 166715
formulation: LEFPD