instance: city_268.txt
obj: 40.0
bound: 29.968890540351506
gap: 0.2507777364905854
time: 1754.546000957489
preprocess_time: 46.982264
node: 17132
algo: EFPV2