instance: city_138.txt
obj: 263.0
bound: 228.0
gap: 0.13307984790874525
time: 3599.865979909897
preprocess_time: 0.1421
sepa_time: 0.0
node: 563544
formulation: EFP