instance: city_268.txt
obj: 108.0
bound: 85.6245442295591
gap: 0.20718014602240903
time: 1851.1907351016998
preprocess_time: 0.281444
node: 16326
algo: EFPV