instance: city_479.txt
obj: 685.0
bound: 171.73380074840955
gap: 0.7492937215350591
time: 1800.5928480625153
preprocess_time: 0.76226
node: 15537
formulation: EFPV