instance: city_213.txt
obj: 398.0
bound: 386.0
gap: 0.03015075376884422
time: 3599.937847137451
preprocess_time: 0.065443
sepa_time: 0.0
node: 1594604
formulation: LEFP