instance: city_276.txt
obj: 106.0
bound: 84.94136194490437
gap: 0.19866639674599773
time: 3603.5741670131683
preprocess_time: 0.080431
node: 52302
formulation: LEVFP