instance: city_132.txt
obj: 21.0
bound: 20.0
gap: 0.047619047619047616
time: 7198.6968331336975
preprocess_time: 1.30651
sepa_time: 0.0
node: 317474
formulation: LEFPAD