instance: city_138.txt
obj: 0.0
bound: 0.0
gap: 0.0
time: 0.5135860443115234
preprocess_time: 0.049072
node: 0
algo: EVFP