instance: city_628.txt
obj: 98.0
bound: 83.0
gap: 0.15306122448979592
time: 3599.6263921260834
preprocess_time: 0.382087
node: 19945
formulation: EFP