instance: city_771.txt
obj: 1465.0
bound: 1419.0
gap: 0.031399317406143344
time: 7198.023503065109
preprocess_time: 1.986488
sepa_time: 0.0
node: 196253
formulation: LEFPAD