instance: city_276.txt
obj: 42.0
bound: 28.01628856409142
gap: 0.33294551037798303
time: 3602.9064841270447
preprocess_time: 0.076053
node: 25389
formulation: LEVFP