instance: city_628.txt
obj: 105.0
bound: 79.19476958121128
gap: 0.24576409922632522
time: 1801.8395159244537
preprocess_time: 0.142538
node: 3509
algo: RF