instance: city_479.txt
obj: 77.0
bound: 73.0
gap: 0.05194805194805195
time: 7198.8700070381165
preprocess_time: 1.137849
sepa_time: 0.0
node: 26638
formulation: LEFPAD