instance: city_138.txt
obj: 20.0
bound: 18.0
gap: 0.1
time: 3599.9541161060333
preprocess_time: 0.047539
node: 303392
formulation: LEFP