instance: city_771.txt
obj: 1461.0
bound: 1426.0
gap: 0.023956194387405885
time: 3599.559478998184
preprocess_time: 0.451117
sepa_time: 0.0
node: 463492
formulation: LEFPV2