instance: city_479.txt
obj: 202.0
bound: 64.92458841313382
gap: 0.6785911464692986
time: 1800.7167179584503
preprocess_time: 0.190537
node: 596
algo: EFPD