instance: city_138.txt
obj: 20.0
bound: 18.0
gap: 0.1
time: 3599.9565711021423
preprocess_time: 0.045361
node: 100642
formulation: LEVFP