instance: city_628.txt
obj: 96.0
bound: 86.0
gap: 0.10416666666666667
time: 3598.594640016556
preprocess_time: 1.40963
sepa_time: 0.0
node: 21988
formulation: LEFP