instance: city_138.txt
obj: 261.0
bound: 243.0
gap: 0.06896551724137931
time: 3599.8726069927216
preprocess_time: 0.138053
sepa_time: 0.0
node: 33101
formulation: EVFP