instance: city_132.txt
obj: 22.0
bound: 21.000000000000004
gap: 0.045454545454545296
time: 3928.5993139743805
preprocess_time: 0.038654
sepa_time: 0.0
node: 711374
formulation: EFP