instance: city_479.txt
obj: 908.0
bound: 890.0
gap: 0.019823788546255508
time: 7199.907133102417
preprocess_time: 0.098004
sepa_time: 6.94124163924916e-310
node: 739409
formulation: LEVFP