instance: city_771.txt
obj: 323.00000098795783
bound: 270.2061410970445
gap: 0.16344848213441726
time: 1803.116513967514
preprocess_time: 0.291436
node: 11247
algo: RF