instance: city_771.txt
obj: 133.0
bound: 93.21227055344875
gap: 0.29915586050016046
time: 1739.4634909629822
preprocess_time: 61.544417
node: 4834
algo: EFPV2