instance: city_265.txt
obj: 496.0
bound: 484.0
gap: 0.024193548387096774
time: 7198.660519123077
preprocess_time: 1.340654
sepa_time: 0.0
node: 2847753
formulation: LEFPAI