instance: city_628.txt
obj: 96.0
bound: 86.0
gap: 0.10416666666666667
time: 3599.6381180286407
preprocess_time: 0.371796
node: 10239
formulation: LEVFP