instance: city_276.txt
obj: 114.0
bound: 102.37960507051791
gap: 0.10193328885501662
time: 3604.944128036499
preprocess_time: 0.084033
node: 212725
formulation: LEFPD