instance: city_213.txt
obj: 30.0
bound: 20.772452912276325
gap: 0.30758490292309726
time: 3602.375396966934
preprocess_time: 0.068539
node: 96008
formulation: LEFP