instance: city_771.txt
obj: 1461.0
bound: 1429.0
gap: 0.02190280629705681
time: 3599.732169151306
preprocess_time: 0.276915
sepa_time: 0.0
node: 300047
formulation: LEVFP