instance: city_628.txt
obj: 96.0
bound: 87.0
gap: 0.09375
time: 7198.943388938904
preprocess_time: 1.064736
sepa_time: 0.0
node: 42280
formulation: LEFP