instance: city_268.txt
obj: 371.99999970930844
bound: 359.0
gap: 0.03494623580501886
time: 3599.927992105484
preprocess_time: 0.073444
sepa_time: 0.0
node: 591780
formulation: LEFPI