instance: city_213.txt
obj: 28.99999977579997
bound: 22.0
gap: 0.24137930447990408
time: 3598.69925904274
preprocess_time: 1.302574
sepa_time: 0.0
node: 84042
formulation: LEFPI