instance: city_132.txt
obj: 22.0
bound: 17.26987396976126
gap: 0.21500572864623815
time: 1801.7923729419708
preprocess_time: 0.064999
node: 65242
algo: EVFP