instance: city_132.txt
obj: 22.0
bound: 20.000000000000014
gap: 0.09090909090909026
time: 3599.940983057022
preprocess_time: 0.061575
sepa_time: 0.0
node: 461034
formulation: LEFPV2