instance: city_265.txt
obj: 182.0
bound: 131.87560315572114
gap: 0.2754087738695128
time: 3605.2399220466614
preprocess_time: 0.08327
node: 645430
formulation: LEFPDB