instance: city_771.txt
obj: 115.99999977513761
bound: 98.0
gap: 0.15517241215543146
time: 7198.790957927704
preprocess_time: 1.214613
sepa_time: 0.0
node: 24255
formulation: LEFPAD