instance: city_276.txt
obj: 40.0
bound: 32.0
gap: 0.2
time: 3599.994841814041
preprocess_time: 0.061419
sepa_time: -1.0
node: 10323
formulation: EVFP