instance: city_479.txt
obj: 81.0
bound: 71.83174822385834
gap: 0.11318829353247334
time: 3614.042491912842
preprocess_time: 0.119877
node: 63650
formulation: LEFP