instance: city_138.txt
obj: 39.0
bound: 18.53919002100261
gap: 0.5246361533062801
time: 3602.922703027725
preprocess_time: 0.061642
node: 167870
formulation: LEFPDB