instance: city_132.txt
obj: 255.0
bound: 250.0
gap: 0.0196078431372549
time: 7199.964811086655
preprocess_time: 0.03674
sepa_time: 0.0
node: 2992286
formulation: LEVFP