instance: city_132.txt
obj: 57.0
bound: 48.88542921810053
gap: 0.14236089091026718
time: 1801.170644044876
preprocess_time: 0.111861
node: 54957
algo: F