instance: city_138.txt
obj: 53.0
bound: 42.64304816751365
gap: 0.19541418551824172
time: 1801.9845638275146
preprocess_time: 0.093563
node: 40171
algo: EVFPL