instance: city_479.txt
obj: 908.0
bound: 890.0
gap: 0.019823788546255508
time: 7199.906561136246
preprocess_time: 0.100638
sepa_time: 0.0
node: 706924
formulation: LEVFP