instance: city_132.txt
obj: 22.0
bound: 20.0
gap: 0.09090909090909091
time: 7198.676878929138
preprocess_time: 1.326113
sepa_time: 0.0
node: 187098
formulation: LEFPD