instance: city_628.txt
obj: 535.0
bound: 211.45584339006496
gap: 0.6047554329156534
time: 1800.8697710037231
preprocess_time: 0.197342
node: 9145
algo: EFPLg