instance: city_265.txt
obj: 39.0
bound: 30.746847044783586
gap: 0.211619306543468
time: 1801.0997121334076
preprocess_time: 0.899096
node: 25456
formulation: EFPV