instance: city_213.txt
obj: 31.0
bound: 18.156600333899586
gap: 0.4143032150341608
time: 1800.803535938263
preprocess_time: 0.095039
node: 22564
algo: RF