instance: city_265.txt
obj: 42.0
bound: 28.208511340255082
gap: 0.3283687776121924
time: 1801.2812130451202
preprocess_time: 0.077872
node: 15499
formulation: EVFP