instance: city_628.txt
obj: 257.0
bound: 218.45322791538985
gap: 0.14998744001788
time: 3602.983591079712
preprocess_time: 0.383144
node: 28649
formulation: LEVFP