instance: city_265.txt
obj: 40.0
bound: 30.441537492069727
gap: 0.2389615626976594
time: 1758.4923839569092
preprocess_time: 43.165534
node: 22452
algo: EFPV2