instance: city_479.txt
obj: 78.0
bound: 70.0
gap: 0.10256410256410256
time: 3599.8941729068756
preprocess_time: 0.12044
node: 13992
formulation: LEFPD