instance: city_628.txt
obj: 96.0
bound: 86.0
gap: 0.10416666666666667
time: 3599.025609970093
preprocess_time: 0.979257
sepa_time: 0.0
node: 20996
formulation: LEFPV2