instance: city_771.txt
obj: 1491.0
bound: 1450.0
gap: 0.02749832327297116
time: 7198.862640142441
preprocess_time: 1.145756
sepa_time: 0.0
node: 265005
formulation: LEFPD