instance: city_265.txt
obj: 112.99999991666678
bound: 80.70138043032537
gap: 0.28582849124010473
time: 1801.2364089488983
preprocess_time: 0.118324
node: 15895
formulation: EVFP