instance: city_265.txt
obj: 38.0
bound: 30.776238553412977
gap: 0.19009898543600035
time: 3623.8707299232483
preprocess_time: 0.076075
node: 91981
formulation: EFP