instance: city_268.txt
obj: 39.0
bound: 33.0
gap: 0.15384615384615385
time: 7198.7490429878235
preprocess_time: 1.25876
sepa_time: 0.0
node: 135324
formulation: LEFP