instance: city_268.txt
obj: 40.0
bound: 30.81518074381662
gap: 0.22962048140401048
time: 3603.9432759284973
preprocess_time: 0.07743
node: 61491
formulation: LEFP