instance: city_265.txt
obj: 503.0
bound: 492.0
gap: 0.02186878727634195
time: 7198.682228088379
preprocess_time: 1.320894
sepa_time: 0.0
node: 755227
formulation: LEFPD