instance: city_213.txt
obj: 87.0
bound: 77.70794254330377
gap: 0.10680525812282238
time: 3606.1888558864594
preprocess_time: 0.075411
node: 568713
formulation: LEFPDB