instance: city_265.txt
obj: 497.0
bound: 485.0
gap: 0.02414486921529175
time: 7198.335104942322
preprocess_time: 1.667617
sepa_time: 0.0
node: 1834745
formulation: LEFPA