instance: city_628.txt
obj: 1182.0
bound: 1144.0
gap: 0.032148900169204735
time: 3599.86798787117
preprocess_time: 0.14654
sepa_time: 0.0
node: 520302
formulation: LEFP