instance: city_265.txt
obj: 0.0
bound: 0.0
gap: 0.0
time: 0.840656042098999
preprocess_time: 0.168817
node: 0
algo: EVFP