instance: city_268.txt
obj: 43.0
bound: 26.573062263101612
gap: 0.3820218078339578
time: 1801.4231929779053
preprocess_time: 0.124481
node: 6982
formulation: EVFP