instance: city_479.txt
org_node: 374
org_edge: 479
org_min_len: 0.011038381786636199
org_avg_len: 0.16227027075736214
org_max_len: 1.0
dtf_node: 352
dtf_edge: 457
dtf_min_len: 0.0018006065203794996
dtf_avg_len: 0.17008196869316505
dtf_max_len: 3.033657483813635
sdb_node: 379
sdb_edge: 484
sdb_min_len: 0.0018006065203794996
sdb_avg_len: 0.16059392498507535
sdb_max_len: 0.3245402169741828
dlt: 0.3245405415147243
algo: None