instance: city_213.txt
obj: 32.0
bound: 19.19217647788996
gap: 0.400244485064688
time: 1800.4831399917603
preprocess_time: 0.067612
node: 6173
algo: EFPD