instance: city_265.txt
obj: 40.0
bound: 29.02441797764112
gap: 0.27438955055828596
time: 1800.7317690849304
preprocess_time: 0.092103
node: 15067
algo: EVFPL