instance: city_628.txt
obj: 1178.0
bound: 1149.0
gap: 0.02461799660441426
time: 7198.078634023666
preprocess_time: 1.92786
sepa_time: 0.0
node: 808542
formulation: LEFPA