instance: city_213.txt
obj: 29.0
bound: 23.0
gap: 0.20689655172413793
time: 7199.950531959534
preprocess_time: 0.053737
sepa_time: 6.94426350308677e-310
node: 71302
formulation: EVFP