instance: city_771.txt
org_node: 592
org_edge: 771
org_min_len: 0.009111617312072893
org_avg_len: 0.19670043637674384
org_max_len: 1.0
dtf_node: 755
dtf_edge: 934
dtf_min_len: 0.0014774368612779643
dtf_avg_len: 0.16237263002834018
dtf_max_len: 1.8109339407744875
sdb_node: 944
sdb_edge: 1123
sdb_min_len: 0.015945330296127564
sdb_avg_len: 0.1350454465240159
sdb_max_len: 0.1958997722095672
dlt: 0.19670043637674384
formulation: None