instance: city_265.txt
obj: 114.00000000000009
bound: 103.64096332452253
gap: 0.0908687427672672
time: 3608.241478919983
preprocess_time: 0.078787
node: 674453
formulation: LEFPDB