instance: city_628.txt
obj: 96.0
bound: 87.0
gap: 0.09375
time: 7199.869467020035
preprocess_time: 0.148616
sepa_time: 0.0
node: 12789
formulation: EVFP