instance: city_265.txt
obj: 104.0
bound: 84.16409360093941
gap: 0.19072986922155305
time: 1801.9702920913696
preprocess_time: 0.082501
node: 29729
formulation: EFP