instance: city_138.txt
obj: 20.0
bound: 18.0
gap: 0.1
time: 7199.001114845276
preprocess_time: 1.000547
sepa_time: 0.0
node: 668543
formulation: LEFPV