instance: city_265.txt
obj: 40.0
bound: 28.965472249204502
gap: 0.27586319376919777
time: 1801.1372609138489
preprocess_time: 0.115452
node: 11191
formulation: LEVFP