instance: city_479.txt
obj: 238.00001021878654
bound: 168.7759528854392
gap: 0.29085737126516326
time: 1849.423316001892
preprocess_time: 0.961286
node: 8937
algo: EFPV