instance: city_268.txt
obj: 0.0
bound: 0.0
gap: 0.0
time: 8.415740013122559
preprocess_time: 0.116774
node: 1316
algo: EVFPV