instance: city_138.txt
obj: 20.0
bound: 18.0
gap: 0.1
time: 7199.942887067795
preprocess_time: 0.059629
sepa_time: 0.0
node: 512501
formulation: EFP