instance: city_628.txt
obj: 111.0
bound: 80.98328709036781
gap: 0.2704208370234698
time: 1800.6480429172516
preprocess_time: 0.162944
node: 3292
algo: EFP0