instance: city_268.txt
obj: 39.0
bound: 32.0
gap: 0.1794871794871795
time: 3599.922877073288
preprocess_time: 0.07866
node: 56387
formulation: LEFPI