instance: city_132.txt
obj: 255.0
bound: 251.0
gap: 0.01568627450980392
time: 7198.995954990387
preprocess_time: 1.004867
sepa_time: 1.8446742033600547e13
node: 3005189
formulation: LEFPAV