instance: city_479.txt
obj: 524.0
bound: 170.7719548739915
gap: 0.6740993227594295
time: 1800.4723370075226
preprocess_time: 0.227583
node: 1012
formulation: EFPD