instance: city_479.txt
obj: 908.0
bound: 890.0
gap: 0.019823788546255508
time: 3599.6742231845856
preprocess_time: 0.330954
sepa_time: 6.948783224799e-310
node: 331493
formulation: LEVFP