instance: city_276.txt
obj: 166.0
bound: 80.98541059978308
gap: 0.5121360807238898
time: 1800.3864889144897
preprocess_time: 0.061129
node: 8900
algo: EFPLg