instance: city_132.txt
obj: 85.00000000001351
bound: 84.00000000003845
gap: 0.011764705882043817
time: 1201.8857600688934
preprocess_time: 0.06213
node: 723014
formulation: LEFPDB