instance: city_479.txt
obj: 78.0
bound: 73.0
gap: 0.0641025641025641
time: 7198.659725904465
preprocess_time: 1.350901
sepa_time: 0.0
node: 134962
formulation: LEFPV2