instance: city_628.txt
obj: 251.0
bound: 223.0
gap: 0.11155378486055777
time: 3599.516723871231
preprocess_time: 0.496962
node: 91997
formulation: EFP