instance: city_213.txt
obj: 89.0
bound: 63.37414257840585
gap: 0.28793098226477926
time: 1811.3542530536652
preprocess_time: 0.090112
node: 60041
algo: F0