instance: city_265.txt
obj: 37.0
bound: 32.0
gap: 0.13513513513513514
time: 7198.65135383606
preprocess_time: 1.353741
sepa_time: 0.0
node: 262892
formulation: LEFPA