instance: city_268.txt
obj: 42.0
bound: 28.047466863750117
gap: 0.33220316990992055
time: 1801.265508890152
preprocess_time: 0.081259
node: 20540
formulation: EFP