instance: city_628.txt
obj: 602.9999990000041
bound: 215.59314603119375
gap: 0.642465760549269
time: 1821.8283541202545
preprocess_time: 22.053315
node: 4918
algo: EFPV2