instance: city_132.txt
obj: 22.0
bound: 22.0
gap: 0.0
time: 5850.388860940933
preprocess_time: 1.087608
sepa_time: 0.0
node: 710558
formulation: LEFPA