instance: city_213.txt
obj: 76.0
bound: 65.0
gap: 0.14473684210526316
time: 3599.9266889095306
preprocess_time: 0.078188
sepa_time: 0.0
node: 190057
formulation: LEFPV2