instance: city_132.txt
obj: 0.0
bound: 0.0
gap: 0.0
time: 0.31468892097473145
preprocess_time: 0.043466
node: 0
algo: EVFP0