instance: city_265.txt
obj: 499.0
bound: 470.0
gap: 0.05811623246492986
time: 3599.4775109291077
preprocess_time: 0.534429
sepa_time: 6.90149691326557e-310
node: 3458
formulation: EVFP