instance: city_268.txt
obj: 511.0
bound: 500.0
gap: 0.021526418786692758
time: 3598.677346944809
preprocess_time: 1.327049
sepa_time: 0.0
node: 297686
formulation: LEFPD