instance: city_268.txt
obj: 114.0
bound: 110.48120168284314
gap: 0.0308666519048577
time: 3605.88369512558
preprocess_time: 0.07934
node: 451836
formulation: LEFPI