instance: city_268.txt
obj: 39.0
bound: 33.0
gap: 0.15384615384615385
time: 3599.9280910491943
preprocess_time: 0.078083
sepa_time: 0.0
node: 48340
formulation: LEFPV