instance: city_276.txt
obj: 43.0
bound: 43.0
gap: 0.0
time: 11.974606037139893
preprocess_time: 0.090276
node: 946
algo: SFD