instance: city_213.txt
obj: 30.0
bound: 18.904318101974482
gap: 0.36985606326628445
time: 1800.729485988617
preprocess_time: 0.04878
node: 23013
algo: EFPLg