instance: city_276.txt
obj: 515.0
bound: 500.0
gap: 0.02912621359223301
time: 7198.5998611450195
preprocess_time: 1.40153
sepa_time: 0.0
node: 1284428
formulation: LEFPAI