instance: city_628.txt
obj: 251.0
bound: 221.0
gap: 0.11952191235059761
time: 3599.8439178466797
preprocess_time: 0.171476
sepa_time: 0.0
node: 122958
formulation: LEFPV2