instance: city_268.txt
obj: 505.0
bound: 491.0
gap: 0.027722772277227723
time: 7199.011829137802
preprocess_time: 0.989966
sepa_time: 0.0
node: 3045777
formulation: LEFPV2