instance: city_265.txt
obj: 41.0
bound: 27.875196121154687
gap: 0.3201171677759342
time: 1801.0682849884033
preprocess_time: 0.087708
node: 15129
algo: SF