instance: city_138.txt
obj: 20.0
bound: 16.15
gap: 0.19249999999903758
time: 1801.8027379512787
preprocess_time: 0.332353
node: 100826
algo: EFPV