instance: city_268.txt
obj: 114.0
bound: 86.39200387123316
gap: 0.2421754046380932
time: 1800.7445709705353
preprocess_time: 0.06348
node: 10863
algo: EFPD