instance: city_628.txt
obj: 106.0
bound: 86.07949129103788
gap: 0.18792932744286156
time: 3604.133162021637
preprocess_time: 0.150135
node: 57626
formulation: LEFPI