instance: city_132.txt
obj: 55.0
bound: 52.0
gap: 0.05454545454545454
time: 3599.9549560546875
preprocess_time: 0.047042
node: 417575
formulation: LEVFP