instance: city_265.txt
obj: 104.0
bound: 90.0
gap: 0.1346153846153846
time: 3599.927222967148
preprocess_time: 0.077221
sepa_time: 0.0
node: 237462
formulation: LEFPV2