instance: city_132.txt
obj: 56.0
bound: 50.2081178734277
gap: 0.10342646654574918
time: 3628.027757883072
preprocess_time: 0.060874
node: 297829
formulation: LEVFP