instance: city_132.txt
obj: 63.0
bound: 62.0
gap: 0.015873015872990677
time: 6.154611110687256
preprocess_time: 0.034061
node: 734
formulation: LEFP