instance: city_138.txt
obj: 20.0
bound: 18.0
gap: 0.1
time: 3599.937788963318
preprocess_time: 0.065038
sepa_time: 0.0
node: 281650
formulation: EFP