instance: city_771.txt
obj: 115.0
bound: 103.0
gap: 0.10434782608695652
time: 3599.742667913437
preprocess_time: 0.268288
sepa_time: 1.0e-323
node: 1526
formulation: EVFP