instance: city_479.txt
obj: 201.0
bound: 171.21105174537522
gap: 0.14820372265975107
time: 1794.2390668392181
preprocess_time: 7.468466
node: 15576
algo: EFPV2