instance: city_138.txt
obj: 192.0
bound: 188.0
gap: 0.020833333333333332
time: 3599.941071987152
preprocess_time: 0.061539
sepa_time: 0.0
node: 924111
formulation: LEVFP