instance: city_138.txt
obj: 20.0
bound: 18.0
gap: 0.1
time: 7198.751628875732
preprocess_time: 1.252475
sepa_time: 0.0
node: 151576
formulation: LEFPD