instance: city_213.txt
obj: 115.99998471325745
bound: 115.00000000000003
gap: 0.00862055900893813
time: 17.057594060897827
preprocess_time: 0.073487
node: 1022
formulation: LEFPD