instance: city_276.txt
obj: 42.0
bound: 27.57975774478608
gap: 0.3433391013137997
time: 1714.6668219566345
preprocess_time: 86.579222
node: 9951
formulation: EFPV2