instance: city_276.txt
obj: 43.0
bound: 27.212773197309996
gap: 0.36714480936403
time: 1801.198566198349
preprocess_time: 0.171151
node: 13824
algo: EFP0