instance: city_213.txt
obj: 29.0
bound: 17.316694996418985
gap: 0.40287258632899065
time: 1801.5284750461578
preprocess_time: 0.104256
node: 18885
formulation: LEVFP