instance: city_628.txt
obj: 96.0
bound: 86.0
gap: 0.10416666666666667
time: 3599.9977040290833
preprocess_time: 0.095949
sepa_time: 8.65e-322
node: 10268
formulation: LEVFP