instance: city_276.txt
obj: 40.0
bound: 32.0
gap: 0.2
time: 7199.933402776718
preprocess_time: 0.069056
sepa_time: 0.0
node: 23388
formulation: LEVFP