instance: city_268.txt
obj: 378.0
bound: 324.0
gap: 0.14285714285714285
time: 3599.4660999774933
preprocess_time: 0.5472
sepa_time: 0.0
node: 361297
formulation: EFP