instance: city_138.txt
obj: 21.0
bound: 15.468634476891276
gap: 0.2633983582420183
time: 3603.5919630527496
preprocess_time: 0.062012
node: 98060
formulation: LEVFP