instance: city_268.txt
obj: 104.0
bound: 91.0
gap: 0.125
time: 3599.9212040901184
preprocess_time: 0.081251
node: 378280
formulation: LEFPI