instance: city_265.txt
obj: 35.0
bound: 31.0
gap: 0.11428571428571428
time: 7198.219525098801
preprocess_time: 1.786589
sepa_time: 0.0
node: 68920
formulation: LEFPAD