instance: city_276.txt
obj: 42.0
bound: 31.366576269117044
gap: 0.25317675549661045
time: 3602.790015935898
preprocess_time: 0.077875
node: 48022
formulation: LEFP