instance: city_479.txt
obj: 920.0
bound: 795.0
gap: 0.1358695652173913
time: 3598.718591928482
preprocess_time: 1.320621
sepa_time: 0.0
node: 83556
formulation: EFP