instance: city_138.txt
obj: 31.0
bound: 14.836095764272558
gap: 0.5214162656669452
time: 1802.4441549777985
preprocess_time: 0.038341
node: 32
formulation: EF