instance: city_479.txt
obj: 206.0
bound: 166.43714389622266
gap: 0.19205269953280646
time: 1801.12735080719
preprocess_time: 0.279738
node: 11803
algo: EVFP0