instance: city_213.txt
obj: 398.0
bound: 387.0
gap: 0.02763819095477387
time: 7198.344092845917
preprocess_time: 1.659427
sepa_time: 1.3842199804212057e13
node: 2398543
formulation: LEFPAV