instance: city_268.txt
obj: 133.99999993750012
bound: 83.11920111455801
gap: 0.37970745407937173
time: 1801.1207139492035
preprocess_time: 0.099249
node: 9809
formulation: EVFP