instance: city_268.txt
obj: 505.0
bound: 493.0
gap: 0.023762376237623763
time: 7199.941862106323
preprocess_time: 0.061426
sepa_time: 1.5e-323
node: 1770269
formulation: LEVFP