instance: city_628.txt
obj: 97.0
bound: 84.0
gap: 0.13402061855670103
time: 3599.859209060669
preprocess_time: 0.151742
sepa_time: 0.0
node: 22584
formulation: LEFPV2