instance: city_213.txt
obj: 293.0
bound: 278.0
gap: 0.051194539249146756
time: 3599.9344210624695
preprocess_time: 0.068361
sepa_time: 0.0
node: 854255
formulation: LEFPV