instance: city_268.txt
obj: 41.999999669956864
bound: 26.57017894824603
gap: 0.36737668673629165
time: 1800.7384760379791
preprocess_time: 0.081331
node: 6765
algo: EVFP