instance: city_276.txt
obj: 107.0
bound: 82.0469733018482
gap: 0.23320585699185498
time: 1789.4775171279907
preprocess_time: 11.620223
node: 8813
algo: EFPV2