instance: city_213.txt
obj: 402.0
bound: 376.0
gap: 0.06467661691542288
time: 3599.470169067383
preprocess_time: 0.544052
sepa_time: 0.0
node: 30667
formulation: EVFP