instance: city_771.txt
obj: 1117.0
bound: 267.37065308168843
gap: 0.7606350464800675
time: 1772.6547009944916
preprocess_time: 28.626452
node: 1706
formulation: EFPV2