instance: city_132.txt
obj: 22.0
bound: 18.49502516697271
gap: 0.1593170378641527
time: 3602.962171792984
preprocess_time: 0.061124
node: 98950
formulation: LEVFP