instance: city_213.txt
obj: 404.0
bound: 348.0
gap: 0.13861386138613863
time: 3599.4635491371155
preprocess_time: 0.549848
sepa_time: 0.0
node: 366324
formulation: EFP