instance: city_265.txt
obj: 37.0
bound: 34.0
gap: 0.08108108108108109
time: 7198.705534934998
preprocess_time: 1.299666
sepa_time: 0.0
node: 120207
formulation: LEFP