instance: city_628.txt
obj: 93.0
bound: 83.0
gap: 0.10752688172043011
time: 7198.39466881752
preprocess_time: 1.607616
sepa_time: 0.0
node: 103377
formulation: LEFPAI