instance: city_276.txt
obj: 40.0
bound: 32.0
gap: 0.2
time: 7198.947844982147
preprocess_time: 1.056148
sepa_time: 0.0
node: 73281
formulation: LEFP