instance: city_265.txt
org_node: 190
org_edge: 265
org_min_len: 0.024193548387096774
org_avg_len: 0.2751217285453437
org_max_len: 1.0
dtf_node: 184
dtf_edge: 259
dtf_min_len: 0.005984113918594089
dtf_avg_len: 0.2814952048823015
dtf_max_len: 1.8790322580645162
sdb_node: 831
sdb_edge: 906
sdb_min_len: 0.024193548387096774
sdb_avg_len: 0.08047158726767775
sdb_max_len: 0.0907258064516129
dlt: 0.09079017041996343
formulation: None