instance: city_213.txt
obj: 145.0
bound: 145.0
gap: 0.0
time: 0.035359859466552734
preprocess_time: 1.420106
sepa_time: 0.0
node: 1
formulation: LEFPA