instance: city_276.txt
obj: 40.0
bound: 32.0
gap: 0.2
time: 3599.7015328407288
preprocess_time: 0.304765
sepa_time: 6.9308114085019e-310
node: 10686
formulation: LEVFP