instance: city_771.txt
obj: 305.0
bound: 276.0
gap: 0.09508196721311475
time: 3599.5079851150513
preprocess_time: 0.50564
node: 76359
formulation: LEFPV