instance: city_479.txt
obj: 213.0
bound: 171.4001496809689
gap: 0.19530446159160364
time: 3625.092859983444
preprocess_time: 0.405026
node: 82047
formulation: EFP