instance: city_265.txt
obj: 41.0
bound: 29.919011944612496
gap: 0.2702680013502555
time: 1857.4924249649048
preprocess_time: 0.986023
node: 8937
algo: EFPV