instance: city_628.txt
obj: 1205.0
bound: 1162.0
gap: 0.03568464730290456
time: 3599.6348538398743
preprocess_time: 0.374875
sepa_time: 0.0
node: 140958
formulation: LEFPD