instance: city_268.txt
obj: 41.0
bound: 30.111908374122084
gap: 0.2655632103866185
time: 3602.3687331676483
preprocess_time: 0.078905
node: 66335
formulation: LEFPI