instance: city_213.txt
obj: 409.0
bound: 345.0
gap: 0.15647921760391198
time: 7199.655739784241
preprocess_time: 0.358608
sepa_time: 0.0
node: 990165
formulation: EFP