instance: city_265.txt
obj: 106.0
bound: 86.46232888310024
gap: 0.18431765204605025
time: 1801.0653550624847
preprocess_time: 0.40177
node: 35029
algo: EFPV