instance: city_138.txt
obj: 259.0
bound: 255.0
gap: 0.015444015444015444
time: 7198.746675014496
preprocess_time: 1.254749
sepa_time: 1.3842199804212002e13
node: 2707895
formulation: LEFPV