instance: city_265.txt
obj: 367.0
bound: 353.0
gap: 0.03814713896457766
time: 3599.9298899173737
preprocess_time: 0.073152
sepa_time: 0.0
node: 405119
formulation: LEVFP