instance: city_132.txt
obj: 22.0
bound: 22.0
gap: 0.0
time: 5771.847848892212
preprocess_time: 0.975748
sepa_time: 1.1998735222555752e14
node: 778978
formulation: LEFPAV