instance: city_276.txt
obj: 41.0
bound: 27.626128316055855
gap: 0.32619199229052503
time: 1801.1519658565521
preprocess_time: 0.120784
node: 13260
formulation: EFPI