instance: city_771.txt
obj: 343.0000000000239
bound: 310.911994258888
gap: 0.09355103714613494
time: 3606.0676140785217
preprocess_time: 0.517416
node: 133708
formulation: LEFPI