instance: city_132.txt
obj: 22.0
bound: 18.49963536536112
gap: 0.15910748339195321
time: 3602.977059841156
preprocess_time: 0.061648
node: 99497
formulation: LEVFP