instance: city_268.txt
obj: 39.0
bound: 34.0
gap: 0.1282051282051282
time: 3599.9268519878387
preprocess_time: 0.079518
sepa_time: 0.0
node: 16346
formulation: EVFP