instance: city_213.txt
obj: 29.0
bound: 22.0
gap: 0.2413793103448276
time: 7199.0142550468445
preprocess_time: 0.988563
sepa_time: 0.0
node: 186015
formulation: LEFPV