instance: city_628.txt
obj: 115.0
bound: 78.8291208209012
gap: 0.31452938416580306
time: 1800.527151107788
preprocess_time: 0.222507
node: 2451
algo: EVFP