instance: city_276.txt
obj: 186.99999913799905
bound: 186.99999913799905
gap: 0.0
time: 0.5497210025787354
preprocess_time: 1.392498
sepa_time: 0.0
node: 183
formulation: LEFPAD