instance: city_276.txt
obj: 517.0
bound: 497.0
gap: 0.03868471953578337
time: 3599.929638147354
preprocess_time: 0.072356
sepa_time: 0.0
node: 588340
formulation: LEFPI