instance: city_276.txt
obj: 109.0
bound: 81.40025909710957
gap: 0.2532086321363772
time: 1830.613774061203
preprocess_time: 13.311967
node: 12905
algo: EFPV2