instance: city_132.txt
obj: 256.0
bound: 243.0
gap: 0.05078125
time: 3599.655673980713
preprocess_time: 0.355496
sepa_time: 0.0
node: 39871
formulation: EVFP