instance: city_771.txt
obj: 115.0
bound: 103.0
gap: 0.10434782608695652
time: 7199.890108823776
preprocess_time: 0.127178
sepa_time: 0.0
node: 17035
formulation: LEVFP