instance: city_213.txt
obj: 76.0
bound: 65.0
gap: 0.14473684210526316
time: 3599.945820093155
preprocess_time: 0.056768
node: 210827
formulation: LEFPV