instance: city_213.txt
obj: 29.0
bound: 22.0
gap: 0.2413793103448276
time: 3599.9529960155487
preprocess_time: 0.049443
node: 96909
formulation: EFP