instance: city_628.txt
obj: 96.0
bound: 86.0
gap: 0.10416666666666667
time: 3598.999162912369
preprocess_time: 1.003576
sepa_time: 0.0
node: 22795
formulation: LEFPV