instance: city_771.txt
obj: 123.0
bound: 100.1684366309353
gap: 0.1856224664150092
time: 3604.8152079582214
preprocess_time: 0.186945
node: 27591
formulation: LEFPI