instance: city_276.txt
obj: 516.0
bound: 500.0
gap: 0.031007751937984496
time: 3599.931298971176
preprocess_time: 0.071964
sepa_time: 0.0
node: 447588
formulation: LEVFP