instance: city_268.txt
obj: 109.0
bound: 89.03588476261962
gap: 0.18315702052625749
time: 1798.1410598754883
preprocess_time: 3.77108
node: 38016
algo: EFPV2