instance: city_138.txt
obj: 20.0
bound: 18.0
gap: 0.1
time: 7198.368653059006
preprocess_time: 1.634037
sepa_time: 0.0
node: 643972
formulation: LEFPA