instance: city_268.txt
obj: 38.0
bound: 33.0
gap: 0.13157894736842105
time: 7199.943106889725
preprocess_time: 0.066911
sepa_time: 6.91085538416917e-310
node: 37659
formulation: LEVFP