instance: city_132.txt
obj: 22.0
bound: 19.000000000000018
gap: 0.13636363636363555
time: 3600.7364270687103
preprocess_time: 0.054404
sepa_time: 1.0e-323
node: 10465
formulation: EF