instance: city_213.txt
obj: 29.0
bound: 22.0
gap: 0.2413793103448276
time: 7199.946130990982
preprocess_time: 0.059365
sepa_time: 6.92661652509025e-310
node: 52144
formulation: LEVFP