instance: city_479.txt
obj: 79.0
bound: 69.0
gap: 0.12658227848101267
time: 7198.151782989502
preprocess_time: 1.869635
sepa_time: 0.0
node: 43000
formulation: LEFPAD