instance: city_138.txt
obj: 54.0
bound: 43.43538453460342
gap: 0.19564102713661136
time: 1800.5964529514313
preprocess_time: 0.082372
node: 32644
algo: SF