instance: city_132.txt
obj: 22.0
bound: 18.02107143966101
gap: 0.18086038910549562
time: 1801.4647059440613
preprocess_time: 0.08988
node: 106704
algo: RF