instance: city_138.txt
obj: 54.0
bound: 43.34208975531954
gap: 0.1973687082344578
time: 1801.2555601596832
preprocess_time: 0.255216
node: 47074
formulation: EFPV