instance: city_265.txt
obj: 39.0
bound: 34.0
gap: 0.1282051282051282
time: 7199.953391075134
preprocess_time: 0.050295
sepa_time: 0.0
node: 209359
formulation: EFP