instance: city_628.txt
obj: 106.0
bound: 86.07949129103788
gap: 0.18792932744286156
time: 3605.0295600891113
preprocess_time: 0.151399
node: 57595
formulation: LEFPI