instance: city_138.txt
obj: 20.0
bound: 18.0
gap: 0.1
time: 3599.941353082657
preprocess_time: 0.062085
sepa_time: 0.0
node: 258180
formulation: LEFPV2