instance: city_276.txt
obj: 105.0
bound: 88.0
gap: 0.1619047619047619
time: 3599.9302020072937
preprocess_time: 0.073498
node: 157447
formulation: EFP