instance: city_276.txt
obj: 43.0
bound: 27.57812683223245
gap: 0.35864821320306245
time: 1690.6481518745422
preprocess_time: 110.041088
node: 9892
algo: EFPV2