instance: city_132.txt
obj: 22.0
bound: 17.862437299998724
gap: 0.18807103181738494
time: 1829.041620016098
preprocess_time: 0.118509
node: 30896
algo: EFPV