instance: city_265.txt
obj: 43.00000852171931
bound: 29.944434961087815
gap: 0.3036179296105665
time: 1800.5595479011536
preprocess_time: 0.079661
node: 9360
algo: EFP0