instance: city_268.txt
obj: 39.0
bound: 32.0
gap: 0.1794871794871795
time: 3599.6952888965607
preprocess_time: 0.306974
sepa_time: 0.0
node: 20420
formulation: LEFPD