instance: city_132.txt
obj: 22.0
bound: 18.03146174260537
gap: 0.1803881026080269
time: 1801.4163808822632
preprocess_time: 0.062845
node: 52004
algo: EVFPV