instance: city_138.txt
obj: 53.0
bound: 43.31617673966857
gap: 0.182713646421003
time: 1798.5390799045563
preprocess_time: 2.845687
node: 40694
algo: EFPV2