instance: city_138.txt
obj: 193.0
bound: 183.0
gap: 0.05181347150259067
time: 3599.904643058777
preprocess_time: 0.102971
sepa_time: 1.853e-321
node: 46187
formulation: EVFP