instance: city_628.txt
obj: 96.0
bound: 86.0
gap: 0.10416666666666667
time: 7198.983332157135
preprocess_time: 1.028678
sepa_time: 0.0
node: 61802
formulation: LEFPV