instance: city_138.txt
obj: 259.0
bound: 255.0
gap: 0.015444015444015444
time: 7199.951943874359
preprocess_time: 0.049733
sepa_time: 6.9129151279354e-310
node: 2538569
formulation: LEVFP