instance: city_276.txt
obj: 40.0
bound: 32.0
gap: 0.2
time: 3599.9327540397644
preprocess_time: 0.077838
node: 10706
formulation: LEVFP