instance: city_132.txt
obj: 258.0
bound: 227.0
gap: 0.12015503875968993
time: 7199.920876979828
preprocess_time: 0.083063
sepa_time: 0.0
node: 1362623
formulation: EFP