instance: city_276.txt
obj: 105.0
bound: 83.27862884713646
gap: 0.20687020145564622
time: 1801.2912499904633
preprocess_time: 0.440934
node: 21795
algo: EFPV