instance: city_213.txt
obj: 81.0
bound: 60.787285152058324
gap: 0.24953968948045335
time: 3605.7518820762634
preprocess_time: 0.08143
node: 184844
formulation: EFP