instance: city_276.txt
obj: 106.0
bound: 82.12222497077462
gap: 0.22526202857738536
time: 1784.8202800750732
preprocess_time: 17.067507
node: 16041
formulation: EFPV2