instance: city_132.txt
obj: 57.0
bound: 48.499999999999986
gap: 0.14912280701728248
time: 3624.811241865158
preprocess_time: 0.333671
node: 454386
formulation: EFP