instance: city_276.txt
obj: 524.0
bound: 445.0
gap: 0.15076335877862596
time: 3599.5031690597534
preprocess_time: 0.517189
sepa_time: 0.0
node: 243214
formulation: EFP