instance: city_276.txt
obj: 517.0
bound: 501.0
gap: 0.030947775628626693
time: 7198.6494970321655
preprocess_time: 1.35166
sepa_time: 0.0
node: 1454985
formulation: LEFPAI