instance: city_265.txt
obj: 496.0
bound: 478.0
gap: 0.036290322580645164
time: 3599.9324657917023
preprocess_time: 0.068579
sepa_time: 0.0
node: 849330
formulation: LEFPI