instance: city_771.txt
obj: 127.0
bound: 89.52959240016659
gap: 0.295042579526015
time: 3602.999659061432
preprocess_time: 0.440667
node: 32035
formulation: EFP