instance: city_268.txt
obj: 107.00000298163155
bound: 86.6968313293809
gap: 0.1897492624903672
time: 1801.4258658885956
preprocess_time: 0.064208
node: 35496
algo: EFPLg