instance: city_771.txt
obj: 115.0
bound: 103.0
gap: 0.10434782608695652
time: 7199.878935813904
preprocess_time: 0.126531
sepa_time: 0.0
node: 18225
formulation: LEVFP