instance: city_268.txt
obj: 39.0
bound: 32.0
gap: 0.1794871794871795
time: 3599.925630092621
preprocess_time: 0.079955
node: 57659
formulation: LEFP