instance: city_771.txt
obj: 116.0
bound: 98.0
gap: 0.15517241379310345
time: 7198.113353013992
preprocess_time: 1.906756
sepa_time: 0.0
node: 83041
formulation: LEFPA