instance: city_771.txt
obj: 668.0
bound: 294.5243115205653
gap: 0.5590953420349982
time: 3608.5597229003906
preprocess_time: 0.505713
node: 536295
formulation: LEFPDB