instance: city_771.txt
obj: 114.0
bound: 100.0
gap: 0.12280701754385964
time: 7198.785835981369
preprocess_time: 1.224485
sepa_time: 2.351516816935557e14
node: 106456
formulation: LEFPAV