instance: city_268.txt
obj: 162.0000000000008
bound: 138.41000823983532
gap: 0.1456172330873506
time: 3608.7511670589447
preprocess_time: 0.061474
node: 728340
formulation: LEFPDB