instance: city_213.txt
obj: 0.0
bound: 0.0
gap: 0.0
time: 1.101072072982788
preprocess_time: 0.080805
node: 0
algo: EVFP0