instance: city_628.txt
obj: 93.0
bound: 84.0
gap: 0.0967741935483871
time: 7198.369360923767
preprocess_time: 1.645081
sepa_time: 3.269199618764858e14
node: 112012
formulation: LEFPAV