instance: city_138.txt
obj: 264.0
bound: 225.0
gap: 0.14772727272727273
time: 7199.880795955658
preprocess_time: 0.126622
sepa_time: 0.0
node: 1539921
formulation: EFP