instance: city_132.txt
obj: 118.0
bound: 14.5
gap: 0.8771186440670533
time: 1801.4979610443115
preprocess_time: 0.024577
node: 0
formulation: EF