instance: city_771.txt
obj: 1461.0
bound: 1431.0
gap: 0.02053388090349076
time: 7198.533100128174
preprocess_time: 1.474314
sepa_time: 0.0
node: 928252
formulation: LEFP