instance: city_276.txt
obj: 41.0
bound: 27.620375507414654
gap: 0.3263323046964076
time: 1800.64532995224
preprocess_time: 0.056126
node: 13335
algo: EFPLg