instance: city_479.txt
obj: 916.0
bound: 853.0
gap: 0.06877729257641921
time: 7198.446131944656
preprocess_time: 1.619004
sepa_time: 6.9034130448757e-310
node: 11713
formulation: EVFP