instance: city_771.txt
obj: 0.0
bound: 0.0
gap: 0.0
time: 14.71272087097168
preprocess_time: 0.249464
node: 0
algo: EVFP0