instance: city_771.txt
obj: 704.0
bound: 264.28439689809557
gap: 0.6245960271332982
time: 1800.4684619903564
preprocess_time: 0.619734
node: 4524
formulation: EFPI