instance: city_268.txt
obj: 40.0
bound: 34.0
gap: 0.15
time: 7198.749887943268
preprocess_time: 1.255959
sepa_time: 4.181314091830985e14
node: 183316
formulation: LEFPV