instance: city_213.txt
obj: 29.0
bound: 21.0
gap: 0.27586206896551724
time: 7198.675599098206
preprocess_time: 1.328854
sepa_time: 0.0
node: 56081
formulation: LEFPAD