instance: city_628.txt
obj: 96.0
bound: 84.0
gap: 0.125
time: 3599.8531589508057
preprocess_time: 0.150437
sepa_time: 0.0
node: 15696
formulation: LEFPI