instance: city_268.txt
obj: 505.0
bound: 491.0
gap: 0.027722772277227723
time: 3599.9288659095764
preprocess_time: 0.072502
sepa_time: 0.0
node: 1205411
formulation: LEFPI