instance: city_138.txt
obj: 258.0
bound: 255.0
gap: 0.011627906976744186
time: 7198.618207931519
preprocess_time: 1.384843
sepa_time: 0.0
node: 2561115
formulation: LEFPA