instance: city_132.txt
obj: 22.0
bound: 20.0
gap: 0.09090909090909091
time: 3599.9548869132996
preprocess_time: 0.046988
node: 172370
formulation: LEFPD