instance: city_479.txt
org_node: 374
org_edge: 479
org_min_len: 0.011038381786636199
org_avg_len: 0.16227027075736214
org_max_len: 1.0
dtf_node: 368
dtf_edge: 473
dtf_min_len: 0.0002293921791454434
dtf_avg_len: 0.1643286674265885
dtf_max_len: 3.033657483813635
sdb_node: 2019
sdb_edge: 2124
sdb_min_len: 0.011038381786636199
sdb_avg_len: 0.0365948491962226
sdb_max_len: 0.0405554144979053
dlt: 0.040567567689340535
formulation: None