instance: city_479.txt
obj: 0.0
bound: 0.0
gap: 0.0
time: 2.5248191356658936
preprocess_time: 0.181784
node: 96
algo: EVFP0