instance: city_276.txt
obj: 111.0
bound: 81.26829600977689
gap: 0.2678531891008678
time: 1788.4514329433441
preprocess_time: 12.985324
node: 19563
algo: EFPV2