instance: city_265.txt
obj: 42.0
bound: 30.12169358058062
gap: 0.28281681950931187
time: 1801.3967590332031
preprocess_time: 0.073165
node: 18742
algo: F0