instance: city_132.txt
obj: 22.0
bound: 18.847896440129453
gap: 0.14327743453891906
time: 1799.9683320522308
preprocess_time: 2.598857
node: 95222
algo: EFPV2