instance: city_213.txt
obj: 86.0
bound: 79.73086226778298
gap: 0.07289695037453173
time: 3667.585531949997
preprocess_time: 0.074473
node: 299600
formulation: LEFPI