instance: city_628.txt
obj: 1181.0
bound: 1147.0
gap: 0.028789161727349702
time: 7199.909446954727
preprocess_time: 0.095359
sepa_time: 0.0
node: 711182
formulation: LEVFP