instance: city_479.txt
obj: 81.0
bound: 68.07275002276066
gap: 0.15959567873115285
time: 1800.622223854065
preprocess_time: 0.069341
node: 12525
algo: EFPLg