instance: city_628.txt
obj: 628.0
bound: 215.91112072298435
gap: 0.6561924829250796
time: 1784.0255179405212
preprocess_time: 17.388646
node: 15268
formulation: EFPV2