instance: city_138.txt
obj: 20.0
bound: 15.885100623924314
gap: 0.20574496880275558
time: 1787.2269599437714
preprocess_time: 14.103581
node: 53024
formulation: EFPV2