instance: city_276.txt
obj: 40.0
bound: 32.0
gap: 0.2
time: 3599.9593369960785
preprocess_time: 0.067307
sepa_time: 0.0
node: 10687
formulation: LEVFP