instance: city_771.txt
obj: 306.0
bound: 275.0
gap: 0.10130718954248366
time: 3599.5094039440155
preprocess_time: 0.506196
node: 88335
formulation: LEFP