instance: city_276.txt
obj: 517.0
bound: 495.0
gap: 0.0425531914893617
time: 7199.044132947922
preprocess_time: 0.95938
sepa_time: 0.0
node: 248112
formulation: LEFPD