instance: city_628.txt
obj: 558.0
bound: 558.0
gap: 0.0
time: 0.8908109664916992
preprocess_time: 1.52207
sepa_time: 0.0
node: 266
formulation: LEFPAD