instance: city_276.txt
obj: 41.0
bound: 32.0
gap: 0.21951219512195122
time: 7199.0245678424835
preprocess_time: 0.979368
sepa_time: 0.0
node: 96277
formulation: LEFP