instance: city_479.txt
obj: 928.0
bound: 805.0
gap: 0.13254310344827586
time: 7198.415159225464
preprocess_time: 1.619666
sepa_time: 0.0
node: 292579
formulation: EFP