instance: city_628.txt
obj: 1193.0
bound: 1099.0
gap: 0.07879295892707461
time: 7197.918076038361
preprocess_time: 2.094586
sepa_time: 0.0
node: 4858
formulation: EVFP