instance: city_132.txt
obj: 22.0
bound: 21.00000000000002
gap: 0.045454545454544484
time: 7199.951493024826
preprocess_time: 0.051308
sepa_time: 0.0
node: 357376
formulation: LEVFP