instance: city_265.txt
obj: 104.0
bound: 89.0
gap: 0.14423076923076922
time: 3599.942622900009
preprocess_time: 0.058351
node: 242053
formulation: LEFPI