instance: city_138.txt
obj: 20.0
bound: 18.0
gap: 0.1
time: 7198.975907802582
preprocess_time: 1.02724
sepa_time: 0.0
node: 684367
formulation: LEFPV2