instance: city_628.txt
obj: 1181.0
bound: 1147.0
gap: 0.028789161727349702
time: 7199.873596906662
preprocess_time: 0.1343
sepa_time: 2.0e-323
node: 735207
formulation: LEVFP