instance: city_265.txt
obj: 41.0
bound: 29.821569885072375
gap: 0.27264463694878927
time: 3603.0953798294067
preprocess_time: 0.074646
node: 26042
formulation: LEVFP