instance: city_132.txt
obj: 22.0
bound: 17.74431763413716
gap: 0.19344010753834068
time: 1802.1962599754333
preprocess_time: 0.079777
node: 58861
algo: F