instance: city_268.txt
obj: 511.0
bound: 500.0
gap: 0.021526418786692758
time: 7198.6850509643555
preprocess_time: 1.318143
sepa_time: 0.0
node: 578956
formulation: LEFPD