instance: city_628.txt
obj: 558.0
bound: 558.0
gap: 0.0
time: 0.9306070804595947
preprocess_time: 1.907498
sepa_time: 0.0
node: 266
formulation: LEFPAD