instance: city_213.txt
obj: 28.0
bound: 22.0
gap: 0.21428571428571427
time: 7198.737149000168
preprocess_time: 1.267301
sepa_time: 1.564944877366219e14
node: 173386
formulation: LEFPV