instance: city_771.txt
obj: 118.0
bound: 97.0
gap: 0.17796610169491525
time: 7198.074819803238
preprocess_time: 1.932021
sepa_time: 0.0
node: 12051
formulation: LEFPAD