instance: city_771.txt
obj: 124.999999999999
bound: 90.28009613239138
gap: 0.27775923094064103
time: 1800.6061570644379
preprocess_time: 0.274687
node: 3318
algo: EVFP0