instance: city_276.txt
obj: 42.0
bound: 27.50357152971363
gap: 0.3451530588155204
time: 1800.9276940822601
preprocess_time: 0.058797
node: 12215
algo: EFP