instance: city_628.txt
obj: 105.0
bound: 79.51190602793315
gap: 0.24274375211469118
time: 3603.392546892166
preprocess_time: 0.150116
node: 10081
formulation: LEVFP