instance: city_132.txt
obj: 255.0
bound: 250.0
gap: 0.0196078431372549
time: 7199.96381688118
preprocess_time: 0.037829
sepa_time: 0.0
node: 2980438
formulation: LEVFP