instance: city_132.txt
obj: 22.0
bound: 22.0
gap: 0.0
time: 4585.371109008789
preprocess_time: 1.633946
sepa_time: 0.0
node: 666383
formulation: LEFPAI