instance: city_268.txt
obj: 41.0
bound: 29.476564685184627
gap: 0.28105939792164064
time: 3604.3055939674377
preprocess_time: 0.076545
node: 74462
formulation: EFP