instance: city_213.txt
obj: 29.0
bound: 22.0
gap: 0.2413793103448276
time: 7199.945640802383
preprocess_time: 0.059841
sepa_time: 2.1e-322
node: 52653
formulation: LEVFP