instance: city_132.txt
obj: 22.0
bound: 20.9999999999999
gap: 0.04545454545434337
time: 2667.537616968155
preprocess_time: 0.061052
node: 376450
formulation: LEFPI