instance: city_276.txt
obj: 125.00000703551997
bound: 81.35749646003241
gap: 0.349140064952566
time: 1831.508507013321
preprocess_time: 0.726579
node: 9506
algo: EFPV