instance: city_276.txt
obj: 516.0
bound: 500.0
gap: 0.031007751937984496
time: 7199.940225124359
preprocess_time: 0.063183
sepa_time: 6.95105351940854e-310
node: 897236
formulation: LEVFP