instance: city_268.txt
obj: 41.0
bound: 29.296762562280993
gap: 0.28544481555342593
time: 1757.4763951301575
preprocess_time: 43.492383
node: 18210
algo: EFPV2