instance: city_213.txt
obj: 402.0
bound: 388.0
gap: 0.03482587064676617
time: 3599.937731027603
preprocess_time: 0.064797
sepa_time: 0.0
node: 221947
formulation: LEFPD