instance: city_213.txt
obj: 87.0
bound: 80.80059523809524
gap: 0.07125752599882337
time: 3606.4910321235657
preprocess_time: 0.073649
node: 189209
formulation: LEFP