instance: city_138.txt
obj: 53.0
bound: 42.922016469286085
gap: 0.19015063265462076
time: 1798.9556460380554
preprocess_time: 3.115296
node: 53084
algo: EFPV2