instance: city_265.txt
obj: 37.0
bound: 34.0
gap: 0.08108108108108109
time: 7199.944576025009
preprocess_time: 0.066261
sepa_time: 0.0
node: 46446
formulation: LEVFP