instance: city_265.txt
obj: 40.0
bound: 32.787340359513216
gap: 0.1803164910117188
time: 3603.0698549747467
preprocess_time: 0.073413
node: 53019
formulation: LEFP