instance: city_268.txt
obj: 505.0
bound: 491.0
gap: 0.027722772277227723
time: 7198.824867963791
preprocess_time: 1.177007
sepa_time: 0.0
node: 2973916
formulation: LEFPV2