instance: city_479.txt
obj: 163.00000000000065
bound: 74.54092682302411
gap: 0.5426937004719137
time: 3603.087702035904
preprocess_time: 0.119422
node: 130497
formulation: LEFPDB