instance: city_138.txt
obj: 20.0
bound: 18.0
gap: 0.1
time: 7199.047581911087
preprocess_time: 0.954034
sepa_time: 1.1053820036361169e14
node: 671559
formulation: LEFPAV