instance: city_213.txt
obj: 89.0
bound: 56.66831240707788
gap: 0.36327738868411
time: 1801.18585896492
preprocess_time: 0.095082
node: 11476
algo: EVFP