instance: city_771.txt
obj: 1461.0
bound: 1429.0
gap: 0.02190280629705681
time: 3599.7630269527435
preprocess_time: 0.245928
sepa_time: 6.9278297214502e-310
node: 304627
formulation: LEVFP