instance: city_276.txt
obj: 40.0
bound: 32.0
gap: 0.2
time: 7199.9356899261475
preprocess_time: 0.071983
sepa_time: 0.0
node: 128375
formulation: EFP