instance: city_138.txt
obj: 20.0
bound: 15.036512148579051
gap: 0.24817439256980658
time: 1855.6386079788208
preprocess_time: 0.356941
node: 24913
algo: EFPV