instance: city_268.txt
obj: 1.0
bound: 0.0
gap: 0.9999999999
time: 1.433434009552002
preprocess_time: 0.168454
node: 0
algo: EVFP0