instance: city_628.txt
obj: 579.9999996666681
bound: 212.49274862850376
gap: 0.6336331918091571
time: 1849.6488869190216
preprocess_time: 0.760112
node: 6732
algo: EFPV