instance: city_138.txt
obj: 261.0
bound: 243.0
gap: 0.06896551724137931
time: 3599.644693136215
preprocess_time: 0.364383
sepa_time: 6.942486290953e-310
node: 33721
formulation: EVFP