instance: city_213.txt
obj: 31.0
bound: 19.762756616630604
gap: 0.3624917220430048
time: 1747.3506999015808
preprocess_time: 53.741569
node: 17297
algo: EFPV2