instance: city_138.txt
obj: 259.0
bound: 255.0
gap: 0.015444015444015444
time: 7199.951510190964
preprocess_time: 0.050192
sepa_time: 6.93985498849535e-310
node: 2468940
formulation: LEVFP