instance: city_268.txt
obj: 39.0
bound: 33.0
gap: 0.15384615384615385
time: 3598.6959631443024
preprocess_time: 1.309773
sepa_time: 0.0
node: 68771
formulation: LEFP