instance: city_771.txt
obj: 363.00000916769704
bound: 309.29607730047053
gap: 0.14794471215123808
time: 3614.867511034012
preprocess_time: 0.512562
node: 70189
formulation: LEFPD