instance: city_132.txt
obj: 101.0
bound: 101.0
gap: 0.0
time: 0.014204025268554688
preprocess_time: 1.31719
sepa_time: 0.0
node: 1
formulation: LEFPAI