instance: city_479.txt
obj: 81.0
bound: 66.97721620143909
gap: 0.1731207876363407
time: 1800.253221988678
preprocess_time: 0.120169
node: 8001
algo: EVFPV