instance: city_132.txt
obj: 55.0
bound: 50.08267685925207
gap: 0.08940587528616348
time: 1802.9222438335419
preprocess_time: 0.049756
node: 113544
algo: EVFPL