instance: city_132.txt
obj: 63.0
bound: 62.00000000000001
gap: 0.015873015872990566
time: 11.904814004898071
preprocess_time: 0.062535
node: 5508
formulation: LEFP