instance: city_268.txt
obj: 512.0
bound: 495.0
gap: 0.033203125
time: 3599.9311470985413
preprocess_time: 0.07187
sepa_time: 0.0
node: 355702
formulation: LEFPD