instance: city_479.txt
obj: 0.0
bound: 0.0
gap: 0.0
time: 2.2336959838867188
preprocess_time: 0.13432
node: 0
algo: EVFP0