instance: city_479.txt
obj: 78.0
bound: 74.0
gap: 0.05128205128205128
time: 7198.269869804382
preprocess_time: 1.739961
sepa_time: 0.0
node: 99436
formulation: LEFPA