instance: city_479.txt
obj: 509.0
bound: 170.7719548739915
gap: 0.6644951770647192
time: 1800.095206975937
preprocess_time: 0.265866
node: 692
algo: EFPD