instance: city_268.txt
obj: 43.0
bound: 28.032373561635698
gap: 0.3480843357751045
time: 1801.19877409935
preprocess_time: 0.079108
node: 10944
formulation: LEVFP