instance: city_276.txt
obj: 40.0
bound: 32.0
gap: 0.2
time: 3599.9396710395813
preprocess_time: 0.078224
sepa_time: 0.0
node: 10294
formulation: EVFP