instance: city_265.txt
obj: 367.0
bound: 351.0
gap: 0.043596730245231606
time: 3599.9286499023438
preprocess_time: 0.074392
sepa_time: 0.0
node: 484081
formulation: LEFPV2