instance: city_132.txt
obj: 256.0
bound: 243.0
gap: 0.05078125
time: 7199.828594923019
preprocess_time: 0.17928
sepa_time: 5.0e-323
node: 115635
formulation: EVFP