instance: city_265.txt
obj: 39.0
bound: 34.0
gap: 0.1282051282051282
time: 3599.94695687294
preprocess_time: 0.056955
node: 122712
formulation: EFP