instance: city_479.txt
obj: 85.0
bound: 66.24540750590586
gap: 0.22064226463614206
time: 1800.7199680805206
preprocess_time: 0.219304
node: 8256
algo: EVFP0