instance: city_771.txt
obj: 1462.0
bound: 1417.0
gap: 0.030779753761969904
time: 3599.5723309516907
preprocess_time: 0.435978
sepa_time: 0.0
node: 423652
formulation: LEFPV2