instance: city_132.txt
org_node: 106
org_edge: 133
org_min_len: 0.017045454545454544
org_avg_len: 0.3277939166097062
org_max_len: 1.0
dtf_node: 112
dtf_edge: 139
dtf_min_len: 0.0074336839114831355
dtf_avg_len: 0.3136445389143229
dtf_max_len: 1.5795454545454546
sdb_node: 152
sdb_edge: 179
sdb_min_len: 0.0035037314593299174
sdb_avg_len: 0.24355637379380388
sdb_max_len: 0.32779358881578957
dlt: 0.3277939166097062
algo: None