instance: city_138.txt
obj: 259.0
bound: 255.0
gap: 0.015444015444015444
time: 7198.758384943008
preprocess_time: 1.243011
sepa_time: 0.0
node: 2489882
formulation: LEFP