instance: city_213.txt
obj: 397.0
bound: 388.0
gap: 0.022670025188916875
time: 7199.959347009659
preprocess_time: 0.042702
sepa_time: 0.0
node: 1505941
formulation: LEVFP