instance: city_479.txt
obj: 81.0
bound: 67.33332659662727
gap: 0.16872436300439325
time: 1800.8171939849854
preprocess_time: 0.119225
node: 6341
formulation: EFP