instance: city_628.txt
obj: 106.0
bound: 85.19574273044164
gap: 0.19626657801451639
time: 3604.147876024246
preprocess_time: 0.149666
node: 24672
formulation: LEFPD