instance: city_628.txt
obj: 257.0
bound: 218.45306907098228
gap: 0.14998805808950474
time: 3605.013164997101
preprocess_time: 0.165882
node: 28383
formulation: LEVFP