instance: city_479.txt
obj: 78.0
bound: 70.0
gap: 0.10256410256410256
time: 3599.890048980713
preprocess_time: 0.120269
sepa_time: 0.0
node: 49900
formulation: LEFPV2