instance: city_276.txt
obj: 381.0
bound: 364.0
gap: 0.04461942257217848
time: 3599.930144071579
preprocess_time: 0.074387
sepa_time: 0.0
node: 638972
formulation: LEFP