instance: city_479.txt
obj: 216.0
bound: 171.40015338282842
gap: 0.20648077137569876
time: 3621.6044471263885
preprocess_time: 0.401421
node: 82290
formulation: EFP