instance: city_265.txt
obj: 39.0
bound: 34.0
gap: 0.1282051282051282
time: 7199.011835098267
preprocess_time: 0.989421
sepa_time: 0.0
node: 214251
formulation: LEFPI