instance: city_628.txt
obj: 99.0
bound: 90.0
gap: 0.09090909090909091
time: 7198.560955047607
preprocess_time: 1.44522
sepa_time: 0.0
node: 23132
formulation: LEFPD