instance: city_628.txt
obj: 1182.0
bound: 1148.0
gap: 0.028764805414551606
time: 7198.447868108749
preprocess_time: 1.558678
sepa_time: 0.0
node: 724267
formulation: LEFPA