instance: city_628.txt
obj: 96.0
bound: 86.0
gap: 0.10416666666666667
time: 7199.857586860657
preprocess_time: 0.146442
sepa_time: 0.0
node: 16045
formulation: LEVFP