instance: city_138.txt
obj: 104.0
bound: 104.0
gap: 0.0
time: 0.03716611862182617
preprocess_time: 1.302434
sepa_time: 0.0
node: 1
formulation: LEFPAD