instance: city_479.txt
obj: 82.0
bound: 67.15705824206705
gap: 0.18101148485262009
time: 1798.3655769824982
preprocess_time: 61.215358
node: 3571
algo: EFPV2