instance: city_479.txt
obj: 78.0
bound: 71.0
gap: 0.08974358974358974
time: 7198.222920894623
preprocess_time: 1.790526
sepa_time: 0.0
node: 249907
formulation: LEFPA