instance: city_268.txt
obj: 505.0
bound: 487.0
gap: 0.03564356435643564
time: 3599.9311039447784
preprocess_time: 0.07187
sepa_time: 0.0
node: 817578
formulation: LEFP