instance: city_276.txt
obj: 516.0
bound: 500.0
gap: 0.031007751937984496
time: 7199.941292047501
preprocess_time: 0.063284
sepa_time: 6.92740094975888e-310
node: 937898
formulation: LEVFP