instance: city_479.txt
obj: 200.0
bound: 168.99521145801017
gap: 0.15502394270987163
time: 1801.4519369602203
preprocess_time: 0.277131
node: 17672
algo: EFP