instance: city_771.txt
obj: 1462.0
bound: 1429.0
gap: 0.022571819425444596
time: 7198.470132112503
preprocess_time: 1.538252
sepa_time: 0.0
node: 900486
formulation: LEFP