instance: city_268.txt
obj: 39.0
bound: 33.0
gap: 0.15384615384615385
time: 3599.926404953003
preprocess_time: 0.079952
sepa_time: 0.0
node: 69055
formulation: EFP