instance: city_479.txt
obj: 193.0
bound: 180.0
gap: 0.06735751295336788
time: 3599.661775112152
preprocess_time: 0.347721
node: 46167
formulation: LEVFP