instance: city_132.txt
obj: 255.0
bound: 252.0
gap: 0.011764705882352941
time: 7198.370630025864
preprocess_time: 1.630691
sepa_time: 0.0
node: 2951414
formulation: LEFPA