instance: city_268.txt
obj: 110.0
bound: 99.0
gap: 0.1
time: 3599.9283530712128
preprocess_time: 0.079507
node: 52211
formulation: LEFPD