instance: city_213.txt
obj: 80.0
bound: 55.65279315653025
gap: 0.3043400855429914
time: 1800.7178220748901
preprocess_time: 0.091744
node: 19227
algo: F