instance: city_132.txt
obj: 22.0
bound: 18.734965226311168
gap: 0.14841067153063597
time: 1801.27228307724
preprocess_time: 0.244568
node: 99662
algo: EFPV