instance: city_479.txt
obj: 78.0
bound: 73.0
gap: 0.0641025641025641
time: 3599.876846075058
preprocess_time: 0.126283
sepa_time: 0.0
node: 13658
formulation: EVFP