instance: city_628.txt
obj: 1181.0
bound: 1147.0
gap: 0.028789161727349702
time: 7199.872779130936
preprocess_time: 0.135671
sepa_time: 0.0
node: 689792
formulation: LEVFP