instance: city_268.txt
obj: 41.0
bound: 30.805751735879234
gap: 0.24864020156331468
time: 3604.096643924713
preprocess_time: 0.079423
node: 60802
formulation: LEFP