instance: city_132.txt
obj: 255.0
bound: 250.0
gap: 0.0196078431372549
time: 3599.9523310661316
preprocess_time: 0.049219
sepa_time: 4.0e-323
node: 1521094
formulation: LEVFP