instance: city_479.txt
obj: 77.0
bound: 74.0
gap: 0.03896103896103896
time: 7199.894600152969
preprocess_time: 0.115293
sepa_time: 0.0
node: 128196
formulation: EFP