instance: city_479.txt
obj: 84.0
bound: 67.49805543415928
gap: 0.1964517210216794
time: 1798.9019520282745
preprocess_time: 1.723474
node: 5530
algo: EFPV