instance: city_771.txt
obj: 353.9999996257035
bound: 89.78355989370776
gap: 0.7463741243256675
time: 1800.2161400318146
preprocess_time: 0.26245
node: 1098
formulation: EFPD