instance: city_771.txt
obj: 115.0
bound: 104.0
gap: 0.09565217391304348
time: 7199.757576227188
preprocess_time: 0.271297
sepa_time: -1.0
node: 10288
formulation: EVFP