instance: city_771.txt
obj: 116.0
bound: 101.0
gap: 0.12931034482758622
time: 3599.0126259326935
preprocess_time: 0.993701
sepa_time: 0.0
node: 45642
formulation: LEFPI