instance: city_265.txt
obj: 37.0
bound: 34.0
gap: 0.08108108108108109
time: 7199.942297935486
preprocess_time: 0.064436
sepa_time: 0.6491935483870968
node: 46918
formulation: LEVFP