instance: city_276.txt
obj: 46.0
bound: 28.225600015693875
gap: 0.3863999996579888
time: 1800.2138221263885
preprocess_time: 0.075461
node: 3082
algo: EFPD