instance: city_771.txt
obj: 305.0
bound: 276.0
gap: 0.09508196721311475
time: 3599.6678240299225
preprocess_time: 0.356108
sepa_time: 0.0
node: 76084
formulation: LEFPV2