instance: city_213.txt
obj: 31.0
bound: 17.113165525598742
gap: 0.4479624023985956
time: 1801.388550043106
preprocess_time: 0.087616
node: 13244
algo: EVFP