instance: city_479.txt
obj: 78.0
bound: 74.0
gap: 0.05128205128205128
time: 7199.930535078049
preprocess_time: 0.080518
sepa_time: 0.0
node: 46149
formulation: LEVFP