instance: city_268.txt
obj: 104.0
bound: 94.0
gap: 0.09615384615384616
time: 3599.9148740768433
preprocess_time: 0.09318
sepa_time: 0.0
node: 47383
formulation: EVFP