instance: city_276.txt
obj: 40.0
bound: 32.0
gap: 0.2
time: 7198.92342376709
preprocess_time: 1.080095
sepa_time: 0.0
node: 63241
formulation: LEFPA