instance: city_276.txt
obj: 40.0
bound: 32.0
gap: 0.2
time: 7199.0554440021515
preprocess_time: 0.948368
sepa_time: 0.0
node: 109471
formulation: LEFPV