instance: city_213.txt
obj: 80.0
bound: 60.785813768553595
gap: 0.24017732789277985
time: 1840.9579088687897
preprocess_time: 0.387675
node: 15626
algo: EFPV