instance: city_276.txt
obj: 36.0
bound: 30.0
gap: 0.16666666666666666
time: 7198.231974124908
preprocess_time: 1.776176
sepa_time: 0.0
node: 37638
formulation: LEFPAD