instance: city_479.txt
obj: 81.0
bound: 64.95507880723315
gap: 0.19808544682403753
time: 3664.306173801422
preprocess_time: 0.124572
node: 91587
formulation: EFP