instance: city_628.txt
obj: 96.0
bound: 86.0
gap: 0.10416666666666667
time: 3599.6520869731903
preprocess_time: 0.381352
sepa_time: 0.0
node: 10232
formulation: LEVFP