instance: city_771.txt
obj: 332.0
bound: 268.60522927982106
gap: 0.19094810457879471
time: 1841.8345901966095
preprocess_time: 0.928863
node: 5114
algo: EFPV