instance: city_268.txt
obj: 106.0
bound: 85.1560161940217
gap: 0.1966413566599871
time: 3605.1814889907837
preprocess_time: 0.07173
node: 252977
formulation: EFP