instance: city_213.txt
obj: 29.0
bound: 23.0
gap: 0.20689655172413793
time: 7198.256401062012
preprocess_time: 1.744427
sepa_time: 0.0
node: 217220
formulation: LEFPAI