instance: city_771.txt
obj: 119.0
bound: 97.0
gap: 0.18487394957983194
time: 3599.5979850292206
preprocess_time: 0.414272
sepa_time: 0.0
node: 7012
formulation: LEFPD