instance: city_771.txt
obj: 715.0
bound: 715.0
gap: 0.0
time: 0.5595219135284424
preprocess_time: 2.110881
sepa_time: 0.0
node: 491
formulation: LEFPA