instance: city_276.txt
obj: 525.0
bound: 447.0
gap: 0.14857142857142858
time: 7199.46314406395
preprocess_time: 0.550811
sepa_time: 0.0
node: 788098
formulation: EFP