instance: city_268.txt
obj: 212.0
bound: 212.0
gap: 0.0
time: 0.029621124267578125
preprocess_time: 1.320992
sepa_time: 0.0
node: 1
formulation: LEFPA