instance: city_265.txt
obj: 38.0
bound: 33.0
gap: 0.13157894736842105
time: 7198.701267004013
preprocess_time: 1.304125
sepa_time: 0.0
node: 240418
formulation: LEFP