instance: city_276.txt
obj: 46.0
bound: 27.164107301723927
gap: 0.4094759282225027
time: 1847.2482838630676
preprocess_time: 1.430171
node: 4972
algo: EFPV