instance: city_771.txt
obj: 117.0
bound: 98.0
gap: 0.1623931623931624
time: 3599.6072130203247
preprocess_time: 0.403307
node: 24653
formulation: LEFPV