instance: city_268.txt
obj: 502.0
bound: 485.0
gap: 0.03386454183266932
time: 7198.339677095413
preprocess_time: 1.663313
sepa_time: 0.0
node: 314104
formulation: LEFPAD