instance: city_265.txt
obj: 497.0
bound: 485.0
gap: 0.02414486921529175
time: 7198.335114955902
preprocess_time: 1.670542
sepa_time: 0.0
node: 1914500
formulation: LEFPAI