instance: city_276.txt
obj: 524.0
bound: 447.0
gap: 0.14694656488549618
time: 3599.3452920913696
preprocess_time: 0.673036
sepa_time: 0.0
node: 242974
formulation: EFP