instance: city_771.txt
obj: 1477.0
bound: 1349.0
gap: 0.08666215301286391
time: 7196.087465047836
preprocess_time: 3.924351
sepa_time: 6.9082064344827e-310
node: 3816
formulation: EVFP