instance: city_771.txt
obj: 304.0
bound: 282.0
gap: 0.07236842105263158
time: 3599.502004146576
preprocess_time: 0.515603
node: 12896
formulation: LEVFP