instance: city_138.txt
obj: 259.0
bound: 255.0
gap: 0.015444015444015444
time: 7198.726583003998
preprocess_time: 1.277532
sepa_time: 0.0
node: 3009449
formulation: LEFP