instance: city_265.txt
obj: 104.0
bound: 90.0
gap: 0.1346153846153846
time: 3599.945814847946
preprocess_time: 0.05788
node: 260993
formulation: LEFPV