instance: city_268.txt
obj: 39.0
bound: 33.0
gap: 0.15384615384615385
time: 3598.6641960144043
preprocess_time: 1.338929
sepa_time: 0.0
node: 66954
formulation: LEFPI