instance: city_138.txt
obj: 259.0
bound: 255.0
gap: 0.015444015444015444
time: 7198.352359056473
preprocess_time: 1.65017
sepa_time: 0.0
node: 3433783
formulation: LEFPAI