instance: city_138.txt
obj: 267.0
bound: 226.0
gap: 0.15355805243445692
time: 7199.881304979324
preprocess_time: 0.125518
sepa_time: 0.0
node: 1701797
formulation: EFP