instance: city_479.txt
obj: 916.0
bound: 801.0
gap: 0.12554585152838427
time: 7198.427791833878
preprocess_time: 1.600623
sepa_time: 0.0
node: 354276
formulation: EFP