instance: city_132.txt
obj: 55.0
bound: 52.0
gap: 0.05454545454545454
time: 3599.9366919994354
preprocess_time: 0.066779
sepa_time: 1.5e-323
node: 185547
formulation: EVFP