instance: city_276.txt
obj: 515.0
bound: 501.0
gap: 0.027184466019417475
time: 7198.743327140808
preprocess_time: 1.260239
sepa_time: 0.0
node: 1547829
formulation: LEFP