instance: city_276.txt
obj: 44.0
bound: 26.54672494999907
gap: 0.39666534204457415
time: 1800.3627920150757
preprocess_time: 0.150187
node: 10509
algo: EVFPV