instance: city_213.txt
obj: 399.0
bound: 388.0
gap: 0.02756892230576441
time: 7199.040942192078
preprocess_time: 0.960665
sepa_time: 1.3842199804211852e13
node: 2093244
formulation: LEFPAV