instance: city_479.txt
obj: 79.0
bound: 67.23783843275369
gap: 0.1488881211041952
time: 1802.0313839912415
preprocess_time: 0.10231
node: 10166
formulation: LEVFP