instance: city_628.txt
obj: 97.0
bound: 87.0
gap: 0.10309278350515463
time: 7198.888833999634
preprocess_time: 1.119916
sepa_time: 3.688869645942468e14
node: 49858
formulation: LEFPAV