instance: city_771.txt
obj: 1095.0
bound: 1051.0
gap: 0.04018264840182648
time: 3599.5678861141205
preprocess_time: 0.444565
sepa_time: 0.0
node: 429133
formulation: LEFP