instance: city_138.txt
obj: 52.0
bound: 48.0
gap: 0.07692307692307693
time: 3599.9352610111237
preprocess_time: 0.068306
sepa_time: 6.91215735986803e-310
node: 147689
formulation: EVFP