instance: city_213.txt
obj: 29.0
bound: 22.0
gap: 0.2413793103448276
time: 7198.658270120621
preprocess_time: 1.350096
sepa_time: 0.0
node: 31615
formulation: LEFPAD