instance: city_479.txt
obj: 194.0
bound: 177.0
gap: 0.08762886597938144
time: 3599.8659410476685
preprocess_time: 0.136294
node: 164485
formulation: LEFPI