instance: city_268.txt
obj: 104.0
bound: 91.0
gap: 0.125
time: 3599.924737930298
preprocess_time: 0.079886
node: 352075
formulation: LEFPV