instance: city_479.txt
obj: 80.0
bound: 69.82685199178452
gap: 0.12716435010253452
time: 3604.6170978546143
preprocess_time: 0.119046
node: 20425
formulation: LEVFP