instance: city_276.txt
obj: 114.0
bound: 81.21614039909946
gap: 0.2875777157971209
time: 1801.6277959346771
preprocess_time: 0.087054
node: 18117
formulation: EFP