instance: city_771.txt
obj: 117.0
bound: 97.0
gap: 0.17094017094017094
time: 3599.7344110012054
preprocess_time: 0.280195
sepa_time: 0.0
node: 22889
formulation: EFP