instance: city_268.txt
obj: 110.0
bound: 82.13605638606917
gap: 0.2533085783082318
time: 1810.924586057663
preprocess_time: 0.133636
node: 23398
algo: F