instance: city_276.txt
obj: 42.0
bound: 31.47565900184965
gap: 0.2505795475744117
time: 3602.3984110355377
preprocess_time: 0.077236
node: 56774
formulation: LEFPI