instance: city_479.txt
obj: 82.0
bound: 69.81460980906144
gap: 0.14860231940150856
time: 3603.352289915085
preprocess_time: 0.120732
node: 28638
formulation: LEFPD