instance: city_138.txt
obj: 52.0
bound: 42.24999999999997
gap: 0.18749999999963995
time: 1801.1052510738373
preprocess_time: 0.066134
node: 19000
algo: EFPLg