instance: city_276.txt
obj: 109.0
bound: 82.0469733018482
gap: 0.2472754742947438
time: 1789.0568630695343
preprocess_time: 11.86234
node: 8887
algo: EFPV2