instance: city_268.txt
obj: 155.99999860415141
bound: 155.99999860415141
gap: 0.0
time: 7.0592310428619385
preprocess_time: 0.060773
node: 512
formulation: LEFPD