instance: city_771.txt
obj: 319.0
bound: 284.0
gap: 0.109717868338558
time: 3599.5084779262543
preprocess_time: 0.512469
node: 10296
formulation: LEFPD