instance: city_276.txt
obj: 519.0
bound: 482.000129408759
gap: 0.07129069478081118
time: 7199.5915620327
preprocess_time: 0.419015
sepa_time: 6.0e-323
node: 30786
formulation: EVFP