instance: city_276.txt
obj: 169.00000099999912
bound: 130.6581151214827
gap: 0.22687506302733063
time: 3605.1382331848145
preprocess_time: 0.166796
node: 452877
formulation: LEFPDB