instance: city_138.txt
obj: 26.0
bound: 14.812500000000002
gap: 0.43028846153680655
time: 3602.641664981842
preprocess_time: 0.053142
node: 733
formulation: EF