instance: city_132.txt
obj: 22.0
bound: 18.002454182783378
gap: 0.18170662805447507
time: 1801.4207139015198
preprocess_time: 0.063569
node: 37269
algo: EFPD