instance: city_276.txt
obj: 0.0
bound: 0.0
gap: 0.0
time: 1.9161651134490967
preprocess_time: 0.17294
node: 45
algo: EVFP