instance: city_276.txt
org_node: 191
org_edge: 276
org_min_len: 0.011848341232227487
org_avg_len: 0.20974139707397485
org_max_len: 1.0
dtf_node: 188
dtf_edge: 273
dtf_min_len: 0.004436741081547499
dtf_avg_len: 0.21204624759127144
dtf_max_len: 1.5
sdb_node: 1132
sdb_edge: 1217
sdb_min_len: 0.011848341232227487
sdb_avg_len: 0.047566660306012164
sdb_max_len: 0.05239599789362823
dlt: 0.05243534926849371
formulation: None