instance: city_771.txt
obj: 126.0
bound: 91.03863624629867
gap: 0.27747114090217134
time: 1800.7270469665527
preprocess_time: 0.147442
node: 3528
formulation: LEVFP