instance: city_138.txt
obj: 20.0
bound: 18.0
gap: 0.1
time: 3599.941171169281
preprocess_time: 0.062465
sepa_time: 6.94897173589954e-310
node: 102545
formulation: EVFP