instance: city_276.txt
obj: 516.0
bound: 499.0
gap: 0.03294573643410853
time: 7199.045092821121
preprocess_time: 0.95689
sepa_time: 0.0
node: 1882847
formulation: LEFPV2