instance: city_132.txt
obj: 56.0
bound: 48.99999999999999
gap: 0.12499999999977691
time: 1801.9621078968048
preprocess_time: 0.086189
node: 56581
formulation: EVFP