instance: city_132.txt
obj: 22.0
bound: 20.000000000000018
gap: 0.0909090909090901
time: 3599.9389519691467
preprocess_time: 0.063465
sepa_time: 0.0
node: 485992
formulation: LEFPI