instance: city_628.txt
obj: 106.0
bound: 81.31622063106843
gap: 0.2328658431029083
time: 1801.0697560310364
preprocess_time: 0.197892
node: 1714
formulation: EFPI