instance: city_213.txt
obj: 402.0
bound: 350.0
gap: 0.12935323383084577
time: 7199.640986919403
preprocess_time: 0.365732
sepa_time: 0.0
node: 961338
formulation: EFP