instance: city_132.txt
obj: 56.0
bound: 48.80350880427293
gap: 0.1285087713520396
time: 1801.2116219997406
preprocess_time: 0.067231
node: 35179
algo: EVFPV