instance: city_628.txt
obj: 279.0
bound: 261.42260001872535
gap: 0.06300143362461776
time: 3606.213187932968
preprocess_time: 0.16515
node: 156367
formulation: LEFP