instance: city_479.txt
obj: 85.0
bound: 67.3917533120548
gap: 0.20715584338734683
time: 1800.7402579784393
preprocess_time: 0.224481
node: 7654
algo: EFP0