instance: city_268.txt
obj: 39.0
bound: 33.0
gap: 0.15384615384615385
time: 7199.113265991211
preprocess_time: 0.890127
sepa_time: 0.0
node: 157082
formulation: LEFPV2