instance: city_771.txt
org_node: 592
org_edge: 771
org_min_len: 0.009111617312072893
org_avg_len: 0.19670043637674384
org_max_len: 1.0
dtf_node: 565
dtf_edge: 744
dtf_min_len: 0.0029548737225559285
dtf_avg_len: 0.20383875866460954
dtf_max_len: 1.8109339407744875
sdb_node: 591
sdb_edge: 770
sdb_min_len: 0.0029548737225559285
sdb_avg_len: 0.1969558914889215
sdb_max_len: 0.3934004793526149
dlt: 0.3934008727534877
formulation: None