instance: city_213.txt
obj: 28.0
bound: 22.0
gap: 0.21428571428571427
time: 7198.643443107605
preprocess_time: 1.359382
sepa_time: 3.0794245685112e14
node: 208717
formulation: LEFPAV