instance: city_132.txt
obj: 22.0
bound: 21.000013229913023
gap: 0.04545394409486259
time: 5945.717922925949
preprocess_time: 0.048128
sepa_time: 0.0
node: 1064473
formulation: EFP