instance: city_628.txt
obj: 108.0
bound: 76.73590711488004
gap: 0.2894823415286205
time: 1800.2452809810638
preprocess_time: 0.153814
node: 5626
algo: EVFPV