instance: city_771.txt
obj: 314.0
bound: 267.22523038668913
gap: 0.14896423443724832
time: 3602.523078918457
preprocess_time: 0.432456
node: 19556
formulation: LEVFP