instance: city_771.txt
obj: 1464.0
bound: 1416.0
gap: 0.03278688524590164
time: 7198.287021160126
preprocess_time: 1.726226
sepa_time: 0.0
node: 123508
formulation: LEFPAD