instance: city_138.txt
obj: 20.0
bound: 14.831984323126886
gap: 0.25840078384236376
time: 1801.4871971607208
preprocess_time: 0.083356
node: 45606
algo: SF