instance: city_628.txt
obj: 96.0
bound: 88.0
gap: 0.08333333333333333
time: 7198.129693031311
preprocess_time: 1.875769
sepa_time: 0.0
node: 32522
formulation: LEFPAI