instance: city_479.txt
obj: 194.0
bound: 177.0
gap: 0.08762886597938144
time: 3599.875890016556
preprocess_time: 0.133004
sepa_time: 0.0
node: 172593
formulation: LEFPV2