instance: city_213.txt
org_node: 143
org_edge: 213
org_min_len: 0.015105740181268883
org_avg_len: 0.2079769655191979
org_max_len: 1.0
dtf_node: 142
dtf_edge: 212
dtf_min_len: 0.0008540748449001739
dtf_avg_len: 0.20895798894145817
dtf_max_len: 1.0
sdb_node: 662
sdb_edge: 732
sdb_min_len: 0.015105740181268883
sdb_avg_len: 0.060517887507635856
sdb_max_len: 0.06862321968062149
dlt: 0.06863239862133531
formulation: None