instance: city_276.txt
obj: 36.0
bound: 31.0
gap: 0.1388888888888889
time: 7198.657474040985
preprocess_time: 1.348779
sepa_time: 0.0
node: 120978
formulation: LEFPA