instance: city_479.txt
obj: 908.0
bound: 892.0
gap: 0.01762114537444934
time: 7198.999447107315
preprocess_time: 1.003353
sepa_time: 1.3842199804211994e13
node: 1770522
formulation: LEFPAV