instance: city_265.txt
obj: 105.0
bound: 84.6429262951916
gap: 0.19387689242656203
time: 1789.1306810379028
preprocess_time: 12.827452
node: 51604
formulation: EFPV2