instance: city_479.txt
obj: 78.0
bound: 72.0
gap: 0.07692307692307693
time: 3599.8821301460266
preprocess_time: 0.124046
sepa_time: 7.0e-322
node: 13375
formulation: EVFP