instance: city_138.txt
obj: 20.0
bound: 17.0
gap: 0.15
time: 3599.9559738636017
preprocess_time: 0.047094
node: 82591
formulation: LEFPD