instance: city_132.txt
obj: 56.0
bound: 51.0
gap: 0.08928571428571429
time: 3602.2895398139954
preprocess_time: 0.051141
node: 10268
formulation: EF