instance: city_213.txt
obj: 398.0
bound: 382.0
gap: 0.04020100502512563
time: 7198.348029851913
preprocess_time: 1.655888
sepa_time: 0.0
node: 375576
formulation: LEFPAD