instance: city_268.txt
obj: 106.0
bound: 88.0916256247652
gap: 0.16894692806809344
time: 1802.2897808551788
preprocess_time: 0.180693
node: 45226
algo: EFP0