instance: city_213.txt
obj: 28.99999977579997
bound: 22.0
gap: 0.24137930447990408
time: 7198.702905893326
preprocess_time: 1.298784
sepa_time: 0.0
node: 182927
formulation: LEFPI