instance: city_265.txt
org_node: 190
org_edge: 265
org_min_len: 0.024193548387096774
org_avg_len: 0.2751217285453437
org_max_len: 1.0
dtf_node: 221
dtf_edge: 296
dtf_min_len: 0.0031043530279977194
dtf_avg_len: 0.2463083042720135
dtf_max_len: 1.8790322580645162
sdb_node: 298
sdb_edge: 373
sdb_min_len: 0.0031043530279977194
sdb_avg_len: 0.19546181786733507
sdb_max_len: 0.27512145342361516
dlt: 0.2751217285453437
algo: None