instance: city_479.txt
obj: 198.0
bound: 172.33212163796054
gap: 0.12963574930316413
time: 3602.650302171707
preprocess_time: 0.130355
node: 60686
formulation: LEVFP