instance: city_479.txt
obj: 923.0
bound: 803.0
gap: 0.13001083423618634
time: 7198.341825962067
preprocess_time: 1.683791
sepa_time: 0.0
node: 273549
formulation: EFP