instance: city_771.txt
obj: 1490.0
bound: 1439.0
gap: 0.03422818791946309
time: 3599.55748796463
preprocess_time: 0.452369
sepa_time: 0.0
node: 101958
formulation: LEFPD