instance: city_265.txt
obj: 496.0
bound: 479.0
gap: 0.034274193548387094
time: 3599.9298231601715
preprocess_time: 0.073012
sepa_time: 0.0
node: 772708
formulation: LEFPV2