instance: city_771.txt
obj: 124.0
bound: 92.48963532190334
gap: 0.254115844177994
time: 1802.0921459197998
preprocess_time: 0.159608
node: 8026
algo: RF