instance: city_265.txt
obj: 39.0
bound: 30.69723835690087
gap: 0.21289132418148313
time: 1800.7989530563354
preprocess_time: 0.849245
node: 24791
algo: EFPV