instance: city_265.txt
obj: 40.0
bound: 27.93531910556918
gap: 0.3016170223600164
time: 1800.4491498470306
preprocess_time: 0.054638
node: 11414
algo: EVFPV