instance: city_276.txt
obj: 42.0
bound: 31.472948380483224
gap: 0.2506440861783741
time: 3603.6106350421906
preprocess_time: 0.077476
node: 56374
formulation: LEFPI