instance: city_265.txt
obj: 40.0
bound: 30.487782624932102
gap: 0.23780543437610294
time: 1757.1562740802765
preprocess_time: 44.54291
node: 22540
algo: EFPV2