instance: city_213.txt
obj: 29.0
bound: 23.0
gap: 0.20689655172413793
time: 7198.288633108139
preprocess_time: 1.715796
sepa_time: 2.3473610378473022e14
node: 231248
formulation: LEFPAV