instance: city_138.txt
obj: 198.0
bound: 192.0
gap: 0.030303030303030304
time: 3599.9401779174805
preprocess_time: 0.061526
sepa_time: 0.0
node: 492411
formulation: LEFPD