instance: city_138.txt
obj: 22.0
bound: 14.705800855073065
gap: 0.33155450658608093
time: 1800.6512019634247
preprocess_time: 0.074435
node: 10697
algo: EFPD