instance: city_213.txt
obj: 1.0
bound: 0.0
gap: 0.9999999999
time: 1.863548994064331
preprocess_time: 0.084908
node: 0
algo: EVFPV