instance: city_479.txt
obj: 910.0
bound: 893.0
gap: 0.01868131868131868
time: 7198.212074041367
preprocess_time: 1.793011
sepa_time: 0.0
node: 1396924
formulation: LEFPA