instance: city_479.txt
obj: 81.0
bound: 67.95024832012459
gap: 0.16110804543036175
time: 1801.1094698905945
preprocess_time: 0.164836
node: 6269
formulation: EFPI