instance: city_132.txt
obj: 22.0
bound: 18.761902166034304
gap: 0.1471862651795899
time: 1802.7290260791779
preprocess_time: 0.119838
node: 110366
algo: EFPV