instance: city_213.txt
obj: 30.0
bound: 17.717961085165385
gap: 0.4094012971597892
time: 3603.0467941761017
preprocess_time: 0.067431
node: 42236
formulation: LEVFP