instance: city_132.txt
obj: 82.000000999999
bound: 81.00052481146452
gap: 0.012188733857860325
time: 1.375704050064087
preprocess_time: 0.062059
node: 768
formulation: LEFPD