instance: city_265.txt
org_node: 190
org_edge: 265
org_min_len: 0.024193548387096774
org_avg_len: 0.2751217285453437
org_max_len: 1.0
dtf_node: 170
dtf_edge: 245
dtf_min_len: 0.003800281805386538
dtf_avg_len: 0.2975806451612902
dtf_max_len: 1.8790322580645162
sdb_node: 1091
sdb_edge: 1166
sdb_min_len: 0.024193548387096774
sdb_avg_len: 0.06252766557848717
sdb_max_len: 0.0685483870967742
dlt: 0.06878043213633593
formulation: None