instance: city_268.txt
obj: 36.0
bound: 31.0
gap: 0.1388888888888889
time: 7198.673439025879
preprocess_time: 1.33222
sepa_time: 2.7688800916961644e14
node: 195726
formulation: LEFPAV