instance: city_771.txt
obj: 116.0
bound: 99.0
gap: 0.14655172413793102
time: 7198.891699790955
preprocess_time: 1.119248
sepa_time: 0.0
node: 82072
formulation: LEFP