instance: city_276.txt
obj: 279.99999737984416
bound: 74.77273659767263
gap: 0.732954509651976
time: 1800.137125968933
preprocess_time: 0.175804
node: 730
algo: EFPD