instance: city_479.txt
obj: 72.0
bound: 65.0
gap: 0.09722222222222222
time: 7198.134863853455
preprocess_time: 1.880464
sepa_time: 0.0
node: 103848
formulation: LEFPAD