instance: city_213.txt
obj: 80.0
bound: 60.81775690387055
gap: 0.23977803870131836
time: 1801.2361929416656
preprocess_time: 0.564648
node: 27348
algo: EFPV