instance: city_138.txt
obj: 193.0
bound: 170.0
gap: 0.11917098445595854
time: 3599.673665046692
preprocess_time: 0.33192
sepa_time: 0.0
node: 932614
formulation: EFP