instance: city_132.txt
obj: 22.0
bound: 20.0
gap: 0.09090909090909091
time: 3599.941179037094
preprocess_time: 0.062447
sepa_time: 0.0
node: 155323
formulation: LEFPD