instance: city_628.txt
obj: 258.0
bound: 214.21351318671958
gap: 0.16971506516768778
time: 1800.5700929164886
preprocess_time: 0.269076
node: 10564
algo: EVFPL