instance: city_268.txt
obj: 39.0
bound: 34.0
gap: 0.1282051282051282
time: 7199.936933040619
preprocess_time: 0.068956
sepa_time: 0.0
node: 143359
formulation: EFP