instance: city_276.txt
obj: 187.0
bound: 187.0
gap: 0.0
time: 0.2706871032714844
preprocess_time: 1.357519
sepa_time: 0.0
node: 115
formulation: LEFPA