instance: city_132.txt
obj: 258.0
bound: 253.0
gap: 0.01937984496124031
time: 3599.9533030986786
preprocess_time: 0.048134
sepa_time: 0.0
node: 943352
formulation: LEFPD