instance: city_265.txt
obj: 110.0
bound: 85.05176751965587
gap: 0.22680211345746773
time: 3603.964621067047
preprocess_time: 0.09133
node: 159731
formulation: EFP