instance: city_132.txt
obj: 189.0
bound: 185.0
gap: 0.021164021164021163
time: 3599.9405438899994
preprocess_time: 0.061184
sepa_time: 0.0
node: 1030220
formulation: LEFPV