instance: city_771.txt
obj: 119.0
bound: 102.0
gap: 0.14285714285714285
time: 7198.955716133118
preprocess_time: 1.048744
sepa_time: 0.0
node: 10610
formulation: LEFPD