instance: city_132.txt
obj: 0.0
bound: 0.0
gap: 0.0
time: 0.5989220142364502
preprocess_time: 0.062035
node: 0
algo: EVFPV