instance: city_132.txt
obj: 22.0
bound: 20.0
gap: 0.09090909090909091
time: 7198.349138021469
preprocess_time: 1.65464
sepa_time: 0.0
node: 275500
formulation: LEFPAD