instance: city_265.txt
obj: 38.0
bound: 34.0
gap: 0.10526315789473684
time: 7198.3375771045685
preprocess_time: 1.667509
sepa_time: 3.6436083496859956e14
node: 146206
formulation: LEFPAV