instance: city_771.txt
obj: 125.0
bound: 98.93802225950841
gap: 0.2084958219237659
time: 3603.1381220817566
preprocess_time: 0.190383
node: 28985
formulation: LEFP