instance: city_771.txt
obj: 117.0
bound: 102.0
gap: 0.1282051282051282
time: 7198.072431087494
preprocess_time: 1.959381
sepa_time: 0.0
node: 10281
formulation: LEFPAD