instance: city_138.txt
obj: 21.0
bound: 16.499451162086956
gap: 0.21431184942341017
time: 3625.758352994919
preprocess_time: 0.047168
node: 299469
formulation: EFP