instance: city_771.txt
obj: 829.0
bound: 258.7133358666567
gap: 0.6879211871330211
time: 3630.2223291397095
preprocess_time: 0.609453
node: 57216
formulation: EFP