instance: city_213.txt
obj: 298.0
bound: 284.0
gap: 0.04697986577181208
time: 3599.9381561279297
preprocess_time: 0.066643
sepa_time: 0.0
node: 199208
formulation: LEFPD