instance: city_213.txt
obj: 80.0
bound: 55.49844976520419
gap: 0.30626937793456477
time: 1800.339380979538
preprocess_time: 0.090464
node: 18398
algo: SF