instance: city_479.txt
obj: 83.0
bound: 66.55812098188949
gap: 0.19809492792880365
time: 1656.3962531089783
preprocess_time: 144.941818
node: 7392
formulation: EFPV2