instance: city_276.txt
obj: 109.0
bound: 83.85388332599223
gap: 0.2306983181099514
time: 1801.097295999527
preprocess_time: 0.312632
node: 19097
formulation: EFPV