instance: city_268.txt
obj: 104.0
bound: 87.93466786186619
gap: 0.15447434748190736
time: 3602.4185960292816
preprocess_time: 0.079557
node: 38248
formulation: LEVFP