instance: city_479.txt
obj: 77.0
bound: 72.0
gap: 0.06493506493506493
time: 7198.624944925308
preprocess_time: 1.384514
sepa_time: 2.4456264268912553e14
node: 118468
formulation: LEFPV