instance: city_276.txt
obj: 515.0
bound: 500.0
gap: 0.02912621359223301
time: 3599.930104970932
preprocess_time: 0.074217
sepa_time: 0.0
node: 802282
formulation: LEFP