instance: city_213.txt
obj: 81.00000380820548
bound: 60.15357745351218
gap: 0.257363276229325
time: 1801.3569328784943
preprocess_time: 0.077399
node: 37923
formulation: EFP