instance: city_138.txt
obj: 259.0
bound: 255.0
gap: 0.015444015444015444
time: 7198.642956018448
preprocess_time: 1.357679
sepa_time: 0.0
node: 2861824
formulation: LEFPAI