instance: city_268.txt
obj: 42.0
bound: 27.19929636783026
gap: 0.3523977055270119
time: 1800.8974919319153
preprocess_time: 0.055364
node: 11789
algo: EVFPV