instance: city_771.txt
obj: 130.0
bound: 90.82052652742547
gap: 0.30138056517341844
time: 1800.6207480430603
preprocess_time: 0.24266
node: 3760
formulation: EVFP