instance: city_268.txt
obj: 114.00000000065447
bound: 108.50691948789624
gap: 0.04818491677826203
time: 3608.8186118602753
preprocess_time: 0.078839
node: 746330
formulation: LEFPDB