instance: city_268.txt
obj: 39.0
bound: 34.0
gap: 0.1282051282051282
time: 3599.6981320381165
preprocess_time: 0.307146
sepa_time: 0.0
node: 16557
formulation: EVFP