instance: city_771.txt
obj: 1494.0
bound: 1294.0
gap: 0.13386880856760375
time: 7196.3905420303345
preprocess_time: 3.660412
sepa_time: 0.0
node: 111109
formulation: EFP