instance: city_276.txt
obj: 106.0
bound: 84.94369499823644
gap: 0.1986443868089028
time: 3603.318230867386
preprocess_time: 0.081278
node: 52899
formulation: LEVFP