instance: city_276.txt
obj: 41.0
bound: 32.0
gap: 0.21951219512195122
time: 3599.922297000885
preprocess_time: 0.079429
node: 36544
formulation: LEFPI