instance: city_771.txt
obj: 115.0
bound: 103.0
gap: 0.10434782608695652
time: 7198.8561108112335
preprocess_time: 1.154635
sepa_time: 3.0403487845971075e14
node: 89054
formulation: LEFPAV