instance: city_479.txt
obj: 78.0
bound: 73.0
gap: 0.0641025641025641
time: 7199.0348608493805
preprocess_time: 0.972212
sepa_time: 0.0
node: 144216
formulation: LEFPV