instance: city_138.txt
obj: 259.0
bound: 255.0
gap: 0.015444015444015444
time: 7198.760097980499
preprocess_time: 1.241478
sepa_time: 0.0
node: 2900134
formulation: LEFP