instance: city_265.txt
obj: 104.0
bound: 84.44846069248412
gap: 0.187995570264395
time: 1801.8488969802856
preprocess_time: 0.138603
node: 29896
formulation: EFPI