instance: city_265.txt
obj: 39.0
bound: 30.595993454567672
gap: 0.21548734731822508
time: 1801.0222160816193
preprocess_time: 0.086034
node: 11991
formulation: EFPI