instance: city_213.txt
obj: 397.0
bound: 388.0
gap: 0.022670025188916875
time: 3599.9365220069885
preprocess_time: 0.066687
sepa_time: 0.0
node: 754689
formulation: LEVFP