instance: city_268.txt
obj: 47.0
bound: 28.626290990846833
gap: 0.39092997891732073
time: 1800.4000091552734
preprocess_time: 0.075826
node: 14676
algo: F0