instance: city_276.txt
obj: 40.0
bound: 32.0
gap: 0.2
time: 7198.688189983368
preprocess_time: 1.313058
sepa_time: 0.0
node: 86071
formulation: LEFPI