instance: city_628.txt
obj: 113.0
bound: 79.12636721359057
gap: 0.29976666182636685
time: 1513.03897190094
preprocess_time: 288.379348
node: 1386
formulation: EFPV2