instance: city_213.txt
obj: 30.0
bound: 18.803552066824953
gap: 0.37321493110459086
time: 3602.6026570796967
preprocess_time: 0.068639
node: 82733
formulation: EFP