instance: city_628.txt
obj: 93.0
bound: 84.0
gap: 0.0967741935483871
time: 7198.100733041763
preprocess_time: 1.917415
sepa_time: 3.2686373295921525e14
node: 119747
formulation: LEFPAV