instance: city_213.txt
obj: 76.0
bound: 65.0
gap: 0.14473684210526316
time: 3599.9477829933167
preprocess_time: 0.055313
node: 60339
formulation: LEVFP