instance: city_276.txt
obj: 112.0
bound: 103.9167104151223
gap: 0.07217222843634363
time: 3603.5478768348694
preprocess_time: 0.08233
node: 180709
formulation: LEFPI