instance: city_268.txt
obj: 505.0
bound: 492.0
gap: 0.02574257425742574
time: 7199.03452706337
preprocess_time: 0.967044
sepa_time: 0.0
node: 2149986
formulation: LEFPI