instance: city_479.txt
obj: 220.0
bound: 170.19682596346078
gap: 0.2263780638023481
time: 1800.7489140033722
preprocess_time: 0.215528
node: 12653
algo: EFPLg