instance: city_628.txt
obj: 527.0
bound: 215.3748730125277
gap: 0.5913190265415809
time: 1801.32301902771
preprocess_time: 0.3396
node: 8272
algo: EFP