instance: city_138.txt
obj: 54.0
bound: 41.851666056983234
gap: 0.22496914709248647
time: 1800.6723959445953
preprocess_time: 0.06965
node: 14155
algo: EVFP0