instance: city_138.txt
obj: 19.0
bound: 18.0
gap: 0.05263157894736842
time: 7199.955957174301
preprocess_time: 0.046472
sepa_time: 0.0
node: 215497
formulation: EVFP