instance: city_276.txt
obj: 382.0
bound: 364.0
gap: 0.04712041884816754
time: 3599.927544116974
preprocess_time: 0.073547
sepa_time: 0.0
node: 715039
formulation: LEFPI