instance: city_276.txt
obj: 523.0
bound: 441.0
gap: 0.15678776290630975
time: 7199.613983869553
preprocess_time: 0.395464
sepa_time: 0.0
node: 688821
formulation: EFP