instance: city_771.txt
obj: 319.9999995000023
bound: 270.8002207906341
gap: 0.15374930870695966
time: 1800.4341399669647
preprocess_time: 0.35467
node: 7294
algo: EVFPL