instance: city_479.txt
obj: 328.0
bound: 170.21171077981
gap: 0.4810618573784814
time: 1800.9808549880981
preprocess_time: 0.239235
node: 15943
formulation: EFPI