instance: city_276.txt
obj: 222.0
bound: 76.77496414737878
gap: 0.6541668281646658
time: 1800.775938987732
preprocess_time: 0.100828
node: 6517
algo: SF