instance: city_213.txt
obj: 80.0
bound: 69.0
gap: 0.1375
time: 3599.9482901096344
preprocess_time: 0.054986
node: 33719
formulation: LEFPD