instance: city_265.txt
obj: 108.0
bound: 80.36286419852438
gap: 0.2558994055689818
time: 1801.2040870189667
preprocess_time: 0.106522
node: 12156
algo: EVFP0