instance: city_479.txt
obj: 78.0
bound: 74.0
gap: 0.05128205128205128
time: 7199.9248859882355
preprocess_time: 0.108781
sepa_time: 1.31e-321
node: 43162
formulation: LEVFP