instance: city_276.txt
obj: 515.0
bound: 501.0
gap: 0.027184466019417475
time: 7199.0331909656525
preprocess_time: 0.968838
sepa_time: 1.3842199804211875e13
node: 1352490
formulation: LEFPAV