instance: city_268.txt
obj: 513.0
bound: 434.0
gap: 0.1539961013645224
time: 3599.4547770023346
preprocess_time: 0.56038
sepa_time: 0.0
node: 247896
formulation: EFP