instance: city_265.txt
obj: 367.0
bound: 351.0
gap: 0.043596730245231606
time: 3599.932443857193
preprocess_time: 0.070463
sepa_time: 0.0
node: 482643
formulation: LEFPV