instance: city_479.txt
obj: 702.0
bound: 676.0
gap: 0.037037037037037035
time: 3599.924043893814
preprocess_time: 0.082556
sepa_time: 0.0
node: 324390
formulation: LEFPD