instance: city_268.txt
obj: 0.0
bound: 0.0
gap: 0.0
time: 1.620203971862793
preprocess_time: 0.16353
node: 10
algo: EVFP