instance: city_138.txt
obj: 259.0
bound: 254.0
gap: 0.019305019305019305
time: 7198.363347053528
preprocess_time: 1.638248
sepa_time: 0.0
node: 2568801
formulation: LEFPA