instance: city_276.txt
obj: 109.0
bound: 85.2010162655135
gap: 0.2183393003161896
time: 1800.4460589885712
preprocess_time: 0.613741
node: 25169
algo: EFPV