instance: city_276.txt
obj: 40.0
bound: 32.0
gap: 0.2
time: 7198.624142885208
preprocess_time: 1.376861
sepa_time: 0.0
node: 65442
formulation: LEFPAI