instance: city_479.txt
obj: 81.0
bound: 68.39148423563749
gap: 0.15566068844872769
time: 1801.6584849357605
preprocess_time: 0.13491
node: 11608
algo: RF