instance: city_771.txt
obj: 116.0
bound: 102.0
gap: 0.1206896551724138
time: 7199.838523864746
preprocess_time: 0.182287
sepa_time: 0.0
node: 108451
formulation: EFP