instance: city_213.txt
obj: 119.00000000005151
bound: 102.0235422371908
gap: 0.14265930893142104
time: 3603.731199026108
preprocess_time: 0.074155
node: 341759
formulation: LEFPDB