instance: city_479.txt
obj: 200.0
bound: 169.03700683082099
gap: 0.15481496584581766
time: 1802.0253620147705
preprocess_time: 0.238396
node: 20361
formulation: EFP