instance: city_213.txt
obj: 28.0
bound: 22.0
gap: 0.21428571428571427
time: 3599.9491980075836
preprocess_time: 0.051737
node: 80972
formulation: LEFPI