instance: city_276.txt
obj: 113.0
bound: 102.01516230109016
gap: 0.0972109530876117
time: 3605.1793110370636
preprocess_time: 0.082266
node: 316907
formulation: LEFPDB