instance: city_276.txt
obj: 36.0
bound: 30.0
gap: 0.16666666666666666
time: 7198.654510974884
preprocess_time: 1.353983
sepa_time: 0.0
node: 36153
formulation: LEFPAD