instance: city_479.txt
obj: 199.00000000005727
bound: 171.62743759002672
gap: 0.1375505648744167
time: 1801.3697729110718
preprocess_time: 0.234637
node: 38073
algo: EVFPL