instance: city_213.txt
obj: 77.0
bound: 60.348827597582094
gap: 0.21624899223891272
time: 1801.8933198451996
preprocess_time: 0.101656
node: 34466
formulation: LEVFP