instance: city_628.txt
obj: 97.0
bound: 86.0
gap: 0.1134020618556701
time: 7198.090010166168
preprocess_time: 1.929096
sepa_time: 2.7044019470911344e14
node: 82788
formulation: LEFPAV