instance: city_276.txt
obj: 71.99999968270824
bound: 26.909624277669767
gap: 0.6262552167177982
time: 1800.160099029541
preprocess_time: 0.161003
node: 1651
algo: EFPD