instance: city_479.txt
obj: 78.0
bound: 71.0
gap: 0.08974358974358974
time: 7199.929279088974
preprocess_time: 0.080744
sepa_time: 0.0
node: 183408
formulation: EFP