instance: city_771.txt
obj: 1483.0
bound: 1333.0
gap: 0.10114632501685772
time: 3596.2017600536346
preprocess_time: 3.809718
sepa_time: 0.0
node: 3181
formulation: EVFP