instance: city_138.txt
obj: 192.0
bound: 186.0
gap: 0.03125
time: 3599.939656019211
preprocess_time: 0.061937
sepa_time: 0.0
node: 948155
formulation: LEFPV