instance: city_479.txt
obj: 81.0
bound: 71.84332257543136
gap: 0.113045400303177
time: 3614.0681750774384
preprocess_time: 0.09854
node: 64814
formulation: LEFP