instance: city_771.txt
obj: 1494.0
bound: 1294.0
gap: 0.13386880856760375
time: 7196.320509195328
preprocess_time: 3.722024
sepa_time: 0.0
node: 126454
formulation: EFP