instance: city_138.txt
obj: 55.0
bound: 45.04537569622395
gap: 0.18099316915923547
time: 1801.3651208877563
preprocess_time: 0.097668
node: 127918
algo: F0