instance: city_213.txt
obj: 81.0
bound: 56.705517018373534
gap: 0.29993188866168485
time: 1801.5996811389923
preprocess_time: 0.119667
node: 14206
formulation: EVFP