instance: city_771.txt
obj: 121.0
bound: 98.0
gap: 0.19008264462809918
time: 3599.5998051166534
preprocess_time: 0.411518
node: 1696
formulation: LEFPD