instance: city_213.txt
obj: 31.0
bound: 17.23310557866131
gap: 0.44409336842884783
time: 1801.103423833847
preprocess_time: 0.058417
node: 18919
formulation: EVFP