instance: city_771.txt
obj: 117.0
bound: 101.0
gap: 0.13675213675213677
time: 3599.0064940452576
preprocess_time: 1.004852
sepa_time: 0.0
node: 45934
formulation: LEFPV2