instance: city_213.txt
obj: 30.0
bound: 20.773249850410053
gap: 0.3075583383186397
time: 3603.0309760570526
preprocess_time: 0.068557
node: 96053
formulation: LEFP