instance: city_132.txt
obj: 21.0
bound: 20.000003565659398
gap: 0.04761887782574296
time: 2189.9140141010284
preprocess_time: 1.316943
sepa_time: 1.751942034556251e14
node: 362111
formulation: LEFPAV