instance: city_213.txt
obj: 31.0
bound: 19.686705431287606
gap: 0.36494498608631937
time: 1729.4771959781647
preprocess_time: 71.991876
node: 18348
formulation: EFPV2