instance: city_138.txt
obj: 19.0
bound: 19.0
gap: 0.0
time: 4860.585259914398
preprocess_time: 0.047841
sepa_time: 0.0
node: 304857
formulation: EFP