instance: city_138.txt
obj: 52.0
bound: 47.0
gap: 0.09615384615384616
time: 3599.955909013748
preprocess_time: 0.046493
node: 118747
formulation: LEVFP