instance: city_276.txt
obj: 118.0
bound: 117.0
gap: 0.008474576271179259
time: 0.16238808631896973
preprocess_time: 0.13778
node: 0
algo: SFD