instance: city_213.txt
obj: 29.0
bound: 19.83389837653683
gap: 0.3160724697735022
time: 1751.3772871494293
preprocess_time: 49.342005
node: 26188
algo: EFPV2