instance: city_479.txt
obj: 71.0
bound: 66.0
gap: 0.07042253521126761
time: 7198.545200109482
preprocess_time: 1.466215
sepa_time: 0.0
node: 260859
formulation: LEFPA