instance: city_628.txt
obj: 876.0
bound: 841.0
gap: 0.03995433789954338
time: 3599.622617006302
preprocess_time: 0.397949
sepa_time: 0.0
node: 371224
formulation: LEFPV2