instance: city_628.txt
obj: 887.0
bound: 816.0
gap: 0.08004509582863585
time: 3598.1851618289948
preprocess_time: 1.823402
sepa_time: 3.607e-321
node: 3631
formulation: EVFP