instance: city_771.txt
obj: 116.0
bound: 101.0
gap: 0.12931034482758622
time: 7198.895493030548
preprocess_time: 1.108607
sepa_time: 0.0
node: 116793
formulation: LEFPI