instance: city_268.txt
obj: 505.0
bound: 493.0
gap: 0.023762376237623763
time: 7199.940685033798
preprocess_time: 0.062175
sepa_time: 6.94220004018724e-310
node: 1838027
formulation: LEVFP