instance: city_276.txt
obj: 516.0
bound: 500.0
gap: 0.031007751937984496
time: 7199.940803050995
preprocess_time: 0.062839
sepa_time: 6.91012022436236e-310
node: 931124
formulation: LEVFP