instance: city_138.txt
obj: 54.0
bound: 43.3753012812796
gap: 0.1967536799759394
time: 1801.6131200790405
preprocess_time: 0.179422
node: 59701
algo: EFPV