instance: city_276.txt
obj: 42.0
bound: 27.842517391784742
gap: 0.33708291924241784
time: 1728.4277410507202
preprocess_time: 72.557569
node: 16298
algo: EFPV2