instance: city_479.txt
obj: 497.99999850000484
bound: 150.67449983241835
gap: 0.6974407624772581
time: 1800.8990528583527
preprocess_time: 0.176649
node: 609
algo: EFPD