instance: city_132.txt
obj: 22.0
bound: 21.0
gap: 0.045454545454545456
time: 3598.6775920391083
preprocess_time: 1.32491
sepa_time: 0.0
node: 399465
formulation: LEFP