instance: city_265.txt
obj: 38.0
bound: 30.779610342390672
gap: 0.19001025414711387
time: 3622.7385108470917
preprocess_time: 0.076633
node: 92623
formulation: EFP