instance: city_771.txt
obj: 128.0
bound: 90.299822600773
gap: 0.29453263593123086
time: 1800.27792096138
preprocess_time: 0.170611
node: 6587
algo: EVFPV