instance: city_276.txt
obj: 42.0
bound: 28.34084075522333
gap: 0.32521807725581303
time: 3602.6268451213837
preprocess_time: 0.06382
node: 47731
formulation: EFP