instance: city_265.txt
obj: 109.0
bound: 93.0
gap: 0.14678899082568808
time: 3599.9461159706116
preprocess_time: 0.057564
node: 38005
formulation: LEFPD