instance: city_479.txt
obj: 194.0
bound: 177.0
gap: 0.08762886597938144
time: 3599.8780419826508
preprocess_time: 0.131277
node: 175700
formulation: LEFPV