instance: city_628.txt
obj: 100.0
bound: 80.13299824515175
gap: 0.19867001754828378
time: 1799.6399600505829
preprocess_time: 2.490665
node: 13893
algo: EFPV