instance: city_132.txt
obj: 56.0
bound: 48.719999883620474
gap: 0.13000000207797366
time: 3608.8004138469696
preprocess_time: 0.065419
node: 377583
formulation: EFP