instance: city_771.txt
obj: 117.0
bound: 104.0
gap: 0.1111111111111111
time: 7198.082278013229
preprocess_time: 1.934361
sepa_time: 0.0
node: 92725
formulation: LEFPA