instance: city_276.txt
obj: 40.0
bound: 32.0
gap: 0.2
time: 3599.924607038498
preprocess_time: 0.07764
sepa_time: 0.0
node: 35380
formulation: LEFPI