instance: city_268.txt
obj: 105.0
bound: 86.87264347277474
gap: 0.17264149073531423
time: 1802.238305091858
preprocess_time: 0.510114
node: 29931
formulation: EFPV