instance: city_132.txt
obj: 22.0
bound: 17.354011960276157
gap: 0.21118127453194205
time: 1800.7821621894836
preprocess_time: 0.061676
node: 25366
algo: EFPD