instance: city_265.txt
obj: 496.0
bound: 484.0
gap: 0.024193548387096774
time: 7198.73984503746
preprocess_time: 1.263173
sepa_time: 1.3842199804212062e13
node: 1989982
formulation: LEFPV