instance: city_628.txt
obj: 1182.0
bound: 1144.0
gap: 0.032148900169204735
time: 3599.856437921524
preprocess_time: 0.146272
sepa_time: 0.0
node: 465508
formulation: LEFPI