instance: city_138.txt
obj: 104.0
bound: 104.0
gap: 0.0
time: 0.02742600440979004
preprocess_time: 1.312359
sepa_time: 0.0
node: 1
formulation: LEFPA