instance: city_276.txt
obj: 41.0
bound: 28.08101765769106
gap: 0.3150971302994495
time: 1799.605171918869
preprocess_time: 1.33212
node: 10266
algo: EFPV