instance: city_771.txt
obj: 349.0
bound: 349.0
gap: 0.0
time: 0.3241109848022461
preprocess_time: 0.316875
node: 0
algo: SFD