instance: city_628.txt
obj: 291.9999980000103
bound: 215.16608199751167
gap: 0.2631298511257853
time: 3603.00820684433
preprocess_time: 0.502564
node: 60082
formulation: EFP