instance: city_132.txt
obj: 255.0
bound: 249.0
gap: 0.023529411764705882
time: 7198.345928907394
preprocess_time: 1.655585
sepa_time: 0.0
node: 1174336
formulation: LEFPAD