instance: city_265.txt
obj: 1.0
bound: 0.0
gap: 0.9999999999
time: 2.8972771167755127
preprocess_time: 0.055716
node: 0
algo: EVFPV