instance: city_265.txt
obj: 113.0
bound: 83.75890390520739
gap: 0.25877076190059056
time: 1800.4226369857788
preprocess_time: 0.13053
node: 22565
algo: F