instance: city_268.txt
obj: 107.0
bound: 87.64294771501179
gap: 0.18090703070065536
time: 1806.4418549537659
preprocess_time: 0.135374
node: 40607
algo: RF