instance: city_479.txt
obj: 911.0
bound: 880.0
gap: 0.03402854006586169
time: 7198.221642971039
preprocess_time: 1.783735
sepa_time: 0.0
node: 263591
formulation: LEFPAD