instance: city_771.txt
obj: 1481.0
bound: 1287.0
gap: 0.13099257258609048
time: 3596.287714958191
preprocess_time: 3.736811
sepa_time: 0.0
node: 16488
formulation: EFP