instance: city_771.txt
obj: 116.0
bound: 98.0
gap: 0.15517241379310345
time: 7198.09000992775
preprocess_time: 1.915311
sepa_time: 0.0
node: 77015
formulation: LEFPAI