instance: city_138.txt
obj: 262.0
bound: 225.0
gap: 0.14122137404580154
time: 7199.919904947281
preprocess_time: 0.084139
sepa_time: 0.0
node: 1580543
formulation: EFP