instance: city_132.txt
obj: 255.0
bound: 247.0
gap: 0.03137254901960784
time: 3599.9528341293335
preprocess_time: 0.048475
sepa_time: 0.0
node: 1770664
formulation: LEFPV2