instance: city_213.txt
obj: 33.0
bound: 31.999999999999996
gap: 0.030303030302938582
time: 5.997038841247559
preprocess_time: 0.087063
node: 1200
algo: SFD