instance: city_213.txt
obj: 405.0
bound: 352.0
gap: 0.1308641975308642
time: 3599.479896068573
preprocess_time: 0.546724
sepa_time: 0.0
node: 343687
formulation: EFP