instance: city_132.txt
obj: 55.0
bound: 49.29125619464169
gap: 0.10379534191541691
time: 1849.2908449172974
preprocess_time: 0.148571
node: 56973
algo: EFPV