instance: city_138.txt
obj: 20.0
bound: 16.107414142761723
gap: 0.19462929286094074
time: 1802.3303151130676
preprocess_time: 0.384492
node: 91334
formulation: EFPV