instance: city_479.txt
obj: 908.0
bound: 891.0
gap: 0.018722466960352423
time: 7198.616306066513
preprocess_time: 1.386162
sepa_time: 0.0
node: 1284818
formulation: LEFPI