instance: city_479.txt
obj: 78.0
bound: 70.0
gap: 0.10256410256410256
time: 3599.8949780464172
preprocess_time: 0.118793
node: 51181
formulation: LEFP