instance: city_276.txt
obj: 516.0
bound: 499.0
gap: 0.03294573643410853
time: 3598.6692399978638
preprocess_time: 1.33397
sepa_time: 0.0
node: 888149
formulation: LEFPV