instance: city_771.txt
obj: 325.0
bound: 271.5152834475237
gap: 0.16456835862295338
time: 1801.5634911060333
preprocess_time: 0.49694
node: 4320
algo: EFP