instance: city_479.txt
obj: 84.0
bound: 65.52755176234238
gap: 0.21991009806709078
time: 1800.8648920059204
preprocess_time: 0.118446
node: 7009
formulation: EVFP