instance: city_265.txt
obj: 103.0
bound: 92.0
gap: 0.10679611650485436
time: 3599.6882030963898
preprocess_time: 0.321213
sepa_time: 6.90536249186904e-310
node: 31913
formulation: EVFP