instance: city_479.txt
obj: 908.0
bound: 881.0
gap: 0.02973568281938326
time: 3599.9269778728485
preprocess_time: 0.076288
sepa_time: 0.0
node: 514803
formulation: LEFP