instance: city_771.txt
obj: 117.0
bound: 98.0
gap: 0.1623931623931624
time: 3599.6002991199493
preprocess_time: 0.417211
sepa_time: 0.0
node: 31922
formulation: LEFPV