instance: city_268.txt
obj: 505.0
bound: 493.0
gap: 0.023762376237623763
time: 3599.928724050522
preprocess_time: 0.074598
sepa_time: 0.0
node: 879212
formulation: LEVFP