instance: city_479.txt
obj: 77.0
bound: 72.0
gap: 0.06493506493506493
time: 7198.612373828888
preprocess_time: 1.397859
sepa_time: 2.3530785536309853e14
node: 122604
formulation: LEFPV2