instance: city_276.txt
obj: 41.0
bound: 31.0
gap: 0.24390243902439024
time: 7198.349503993988
preprocess_time: 1.659649
sepa_time: 0.0
node: 33583
formulation: LEFPAD