instance: city_138.txt
obj: 29.000000000000004
bound: 29.000000000000004
gap: 0.0
time: 56.029585123062134
preprocess_time: 0.062225
node: 831
formulation: LEFPD