instance: city_138.txt
obj: 54.0
bound: 43.32480013271145
gap: 0.1976888864309033
time: 3604.6327068805695
preprocess_time: 0.063725
node: 135108
formulation: LEVFP