instance: city_628.txt
obj: 96.0
bound: 85.0
gap: 0.11458333333333333
time: 7198.892758131027
preprocess_time: 1.117665
sepa_time: 0.0
node: 13488
formulation: LEFPAD