instance: city_213.txt
obj: 29.0
bound: 22.0
gap: 0.2413793103448276
time: 7199.001942157745
preprocess_time: 1.000844
sepa_time: 0.0
node: 187793
formulation: LEFPV2