instance: city_268.txt
obj: 39.0
bound: 34.0
gap: 0.1282051282051282
time: 7199.026257991791
preprocess_time: 0.97828
sepa_time: 0.0
node: 121508
formulation: LEFPA