instance: city_268.txt
obj: 117.99999988363959
bound: 81.6238013686663
gap: 0.30827286907468826
time: 1800.5978000164032
preprocess_time: 0.099372
node: 9069
algo: SF