instance: city_265.txt
obj: 112.0
bound: 106.69261844213224
gap: 0.047387335338062664
time: 3649.212476015091
preprocess_time: 0.078941
node: 244001
formulation: LEFP