instance: city_265.txt
obj: 370.0
bound: 321.0
gap: 0.13243243243243244
time: 3599.4846460819244
preprocess_time: 0.525078
sepa_time: 0.0
node: 293198
formulation: EFP