instance: city_132.txt
obj: 56.0
bound: 49.54709102938152
gap: 0.1152305173322671
time: 1803.3691051006317
preprocess_time: 0.064502
node: 133148
algo: EFPLg