instance: city_265.txt
obj: 506.0
bound: 432.0
gap: 0.14624505928853754
time: 7199.49076294899
preprocess_time: 0.524155
sepa_time: 0.0
node: 904659
formulation: EFP