instance: city_132.txt
obj: 55.0
bound: 49.24999887701899
gap: 0.10454547496310103
time: 1803.2947330474854
preprocess_time: 0.064675
node: 139669
algo: EFP