instance: city_138.txt
obj: 20.0
bound: 17.0
gap: 0.15
time: 3599.9393928050995
preprocess_time: 0.064145
sepa_time: 0.0
node: 68873
formulation: LEFPD