instance: city_771.txt
obj: 115.0
bound: 101.0
gap: 0.12173913043478261
time: 7198.563862085342
preprocess_time: 1.452906
sepa_time: 1.7059859439315038e14
node: 106767
formulation: LEFPV2