instance: city_213.txt
obj: 0.0
bound: 0.0
gap: 0.0
time: 1.343367099761963
preprocess_time: 0.062317
node: 0
algo: EVFP0