instance: city_276.txt
obj: 44.0
bound: 26.821413203935844
gap: 0.39042242718238895
time: 1800.8295369148254
preprocess_time: 0.185316
node: 10878
algo: EVFPL