instance: city_479.txt
obj: 0.0
bound: 0.0
gap: 0.0
time: 4.1194541454315186
preprocess_time: 0.288394
node: 121
algo: EVFP