instance: city_138.txt
obj: 1.0
bound: 0.0
gap: 0.9999999999
time: 1.126720905303955
preprocess_time: 0.070141
node: 59
algo: EVFPV