instance: city_132.txt
obj: 22.0
bound: 21.0
gap: 0.045454545454545456
time: 7198.751671075821
preprocess_time: 1.25147
sepa_time: 0.0
node: 823420
formulation: LEFP