instance: city_628.txt
obj: 96.0
bound: 86.0
gap: 0.10416666666666667
time: 7199.865965127945
preprocess_time: 0.14365
sepa_time: 1.5e-323
node: 15240
formulation: LEVFP