instance: city_132.txt
obj: 255.0
bound: 251.0
gap: 0.01568627450980392
time: 3598.702721118927
preprocess_time: 1.297782
sepa_time: 0.0
node: 1648973
formulation: LEFPI