instance: city_138.txt
obj: 21.0
bound: 15.063889151696399
gap: 0.2826719451559683
time: 1801.1630778312683
preprocess_time: 0.063275
node: 37750
algo: EVFPV