instance: city_276.txt
obj: 104.0
bound: 89.0
gap: 0.14423076923076922
time: 3599.919466972351
preprocess_time: 0.081595
node: 168991
formulation: LEFPI