instance: city_771.txt
obj: 119.0
bound: 92.71276510235802
gap: 0.22090113359344446
time: 1800.8579759597778
preprocess_time: 0.283978
node: 11132
algo: EFP