instance: city_132.txt
obj: 22.0
bound: 21.0
gap: 0.045454545454545456
time: 3599.9505331516266
preprocess_time: 0.052559
sepa_time: 7.0e-323
node: 171782
formulation: LEVFP