instance: city_265.txt
obj: 42.00000013622933
bound: 30.818107503401936
gap: 0.2662355380126591
time: 1800.6227359771729
preprocess_time: 0.104006
node: 2922
formulation: EFPD