instance: city_213.txt
obj: 30.0
bound: 17.384682145720816
gap: 0.4205105951412378
time: 1800.9886848926544
preprocess_time: 0.084183
node: 25815
algo: SF