instance: city_771.txt
obj: 1117.0
bound: 269.0110244930652
gap: 0.7591664955298647
time: 1800.2099130153656
preprocess_time: 1.10712
node: 4733
formulation: EFPV