instance: city_628.txt
obj: 1181.0
bound: 1147.0
gap: 0.028789161727349702
time: 7199.871579885483
preprocess_time: 0.135972
sepa_time: 0.0
node: 712012
formulation: LEVFP