instance: city_268.txt
obj: 130.99999983203742
bound: 76.57871264606543
gap: 0.41542967370768774
time: 1800.2770628929138
preprocess_time: 0.200652
node: 2420
algo: EFPD