instance: city_132.txt
obj: 54.99999917336233
bound: 52.0
gap: 0.05454544033548452
time: 3599.951257944107
preprocess_time: 0.049258
node: 937141
formulation: LEFPI