instance: city_213.txt
obj: 82.0
bound: 55.62571461161771
gap: 0.32163762668719664
time: 1801.148248910904
preprocess_time: 0.055225
node: 12999
algo: EVFP0