instance: city_276.txt
obj: 47.0
bound: 28.18999569827594
gap: 0.40021285748263913
time: 1800.5704219341278
preprocess_time: 0.116473
node: 2030
formulation: EFPD