instance: city_479.txt
obj: 908.0
bound: 892.0
gap: 0.01762114537444934
time: 7198.536775827408
preprocess_time: 1.470852
sepa_time: 0.0
node: 1302988
formulation: LEFPA