instance: city_138.txt
obj: 55.0
bound: 51.458715872466115
gap: 0.06438698413686265
time: 3609.589667081833
preprocess_time: 0.065906
node: 771910
formulation: LEFP