instance: city_265.txt
obj: 496.0
bound: 478.0
gap: 0.036290322580645164
time: 7198.636165857315
preprocess_time: 1.366863
sepa_time: 0.0
node: 404501
formulation: LEFPAD