instance: city_771.txt
obj: 114.0
bound: 100.0
gap: 0.12280701754385964
time: 7198.446563959122
preprocess_time: 1.567811
sepa_time: 2.351516816634918e14
node: 101770
formulation: LEFPAV