instance: city_213.txt
obj: 78.0
bound: 58.0309772339759
gap: 0.2560131123845962
time: 1801.4722337722778
preprocess_time: 0.108709
node: 19228
formulation: EFPI