instance: city_213.txt
obj: 29.0
bound: 21.0
gap: 0.27586206896551724
time: 7198.3377549648285
preprocess_time: 1.667868
sepa_time: 0.0
node: 45637
formulation: LEFPAD