instance: city_132.txt
obj: 1.0
bound: 0.0
gap: 0.9999999999
time: 1.2575359344482422
preprocess_time: 0.074527
node: 290
algo: EVFPV