instance: city_138.txt
obj: 258.0
bound: 255.0
gap: 0.011627906976744186
time: 7198.7026081085205
preprocess_time: 1.298992
sepa_time: 1.3842199804212771e13
node: 2996372
formulation: LEFPV2