instance: city_628.txt
obj: 271.0000000000001
bound: 75.73842242604209
gap: 0.7205224264719037
time: 1800.3375089168549
preprocess_time: 0.161561
node: 641
algo: EFPD