instance: city_213.txt
obj: 29.0
bound: 21.0
gap: 0.27586206896551724
time: 7198.669960975647
preprocess_time: 1.335777
sepa_time: 0.0
node: 36094
formulation: LEFPD