instance: city_265.txt
obj: 495.0
bound: 482.0
gap: 0.026262626262626262
time: 3599.930804014206
preprocess_time: 0.072743
sepa_time: 0.0
node: 1091315
formulation: LEFPV2