instance: city_276.txt
obj: 130.0
bound: 75.54307053120783
gap: 0.41889945745192525
time: 1800.0918700695038
preprocess_time: 0.133034
node: 8564
algo: F