instance: city_628.txt
obj: 95.99999970372753
bound: 84.0
gap: 0.12499999729959983
time: 3599.857980966568
preprocess_time: 0.151743
sepa_time: 0.0
node: 16358
formulation: LEFPV2