instance: city_213.txt
<<<<<<< HEAD
obj: 88.0
bound: 80.23608507972094
gap: 0.08822630591216182
time: 3663.304627895355
preprocess_time: 0.075032
node: 148602
=======
obj: 87.0
bound: 79.24754750331421
gap: 0.08910864938709058
time: 5564.121520996094
preprocess_time: 0.08256
node: 206714
>>>>>>> 8bce1b86b62481f71ec7cf54614d17738b4fec90
formulation: LEFPD