instance: city_268.txt
obj: 43.0
bound: 28.236504514147683
gap: 0.34333710432134845
time: 3601.9399728775024
preprocess_time: 0.076859
node: 32986
formulation: LEVFP