instance: city_628.txt
obj: 105.0
bound: 85.14413477644283
gap: 0.18910347831941204
time: 3640.6920170783997
preprocess_time: 0.150271
node: 56775
formulation: LEFP