instance: city_479.txt
obj: 908.0
bound: 893.0
gap: 0.016519823788546256
time: 7198.628210067749
preprocess_time: 1.376684
sepa_time: 1.3856713589627172e13
node: 1313452
formulation: LEFPV