instance: city_771.txt
obj: 132.0
bound: 92.9059267349575
gap: 0.29616722170464305
time: 1837.211256980896
preprocess_time: 1.260033
node: 1587
algo: EFPV