instance: city_771.txt
obj: 1108.0
bound: 1016.0
gap: 0.08303249097472924
time: 3597.506092071533
preprocess_time: 2.506299
sepa_time: 0.0
node: 3515
formulation: EVFP