instance: city_479.txt
obj: 77.0
bound: 73.0
gap: 0.05194805194805195
time: 7198.972007989883
preprocess_time: 1.033621
sepa_time: 1.8389094626929984e14
node: 132555
formulation: LEFPAV