instance: city_138.txt
obj: 0.0
bound: 0.0
gap: 0.0
time: 0.8928289413452148
preprocess_time: 0.067994
node: 30
algo: EVFPV