instance: city_628.txt
obj: 105.0
bound: 79.51190602793315
gap: 0.24274375211469118
time: 3602.8718128204346
preprocess_time: 0.148306
node: 10076
formulation: LEVFP