instance: city_138.txt
obj: 20.0
bound: 18.0
gap: 0.1
time: 3599.9546990394592
preprocess_time: 0.047144
node: 283537
formulation: LEFPV