instance: city_132.txt
obj: 56.0
bound: 48.98875256920892
gap: 0.12520084697818856
time: 1802.4950070381165
preprocess_time: 0.082151
node: 82590
algo: SF