instance: city_265.txt
obj: 40.0
bound: 30.56796789861579
gap: 0.23580080253401572
time: 1771.9801700115204
preprocess_time: 30.251023
node: 24281
formulation: EFPV2