instance: city_479.txt
obj: 78.0
bound: 72.0
gap: 0.07692307692307693
time: 7198.648650169373
preprocess_time: 1.362866
sepa_time: 0.0
node: 132495
formulation: LEFPV