instance: city_265.txt
obj: 39.0
bound: 34.0
gap: 0.1282051282051282
time: 7198.756883859634
preprocess_time: 1.244858
sepa_time: 0.0
node: 206217
formulation: LEFPI