instance: city_276.txt
obj: 187.0
bound: 187.0
gap: 0.0
time: 0.2794010639190674
preprocess_time: 1.848138
sepa_time: 0.0
node: 115
formulation: LEFPA