instance: city_268.txt
obj: 113.0
bound: 86.37626627170044
gap: 0.23560826308208843
time: 1800.893452167511
preprocess_time: 0.082986
node: 10002
formulation: EFPD