instance: city_265.txt
obj: 41.0
bound: 30.546382033864035
gap: 0.2549662918563529
time: 1800.5085790157318
preprocess_time: 0.620753
node: 15490
algo: EFPV