instance: city_479.txt
obj: 287.0000000000002
bound: 287.0000000000002
gap: 0.0
time: 86.5348470211029
preprocess_time: 0.130947
node: 3550
formulation: LEFPD