instance: city_132.txt
obj: 22.0
bound: 21.0
gap: 0.045454545454545456
time: 3599.9543759822845
preprocess_time: 0.047205
node: 463393
formulation: LEFPV