instance: city_276.txt
obj: 187.0
bound: 187.0
gap: 0.0
time: 0.3097419738769531
preprocess_time: 1.779024
sepa_time: 0.0
node: 9
formulation: LEFPAI