instance: city_138.txt
obj: 20.0
bound: 18.0
gap: 0.1
time: 3598.653813123703
preprocess_time: 1.348667
sepa_time: 0.0
node: 315334
formulation: LEFP