instance: city_138.txt
obj: 20.0
bound: 18.0
gap: 0.1
time: 3598.678740978241
preprocess_time: 1.324046
sepa_time: 0.0
node: 340384
formulation: LEFPV2