instance: city_132.txt
obj: 255.0
bound: 250.00000000000003
gap: 0.01960784313725479
time: 7199.962898015976
preprocess_time: 0.038554
sepa_time: 1.0
node: 3016373
formulation: LEVFP