instance: city_276.txt
obj: 521.0
bound: 445.0
gap: 0.14587332053742802
time: 7199.2415590286255
preprocess_time: 0.772102
sepa_time: 0.0
node: 708419
formulation: EFP