instance: city_628.txt
obj: 877.0
bound: 841.0
gap: 0.04104903078677309
time: 3599.6286318302155
preprocess_time: 0.381596
sepa_time: 0.0
node: 454602
formulation: LEFP