instance: city_771.txt
obj: 704.0
bound: 264.45803874944926
gap: 0.6243493767762618
time: 1800.2115800380707
preprocess_time: 0.292883
node: 8092
algo: EFPLg