instance: city_213.txt
obj: 81.0
bound: 60.81931727273328
gap: 0.24914423120051613
time: 1796.107423067093
preprocess_time: 4.916185
node: 20418
algo: EFPV2