instance: city_268.txt
obj: 107.00000298163155
bound: 86.74501286775643
gap: 0.18929896775174224
time: 1802.2001731395721
preprocess_time: 0.12329
node: 40203
formulation: EFPI