instance: city_276.txt
obj: 41.0
bound: 28.140576564827185
gap: 0.31364447402784024
time: 1800.1163730621338
preprocess_time: 1.196848
node: 11799
formulation: EFPV