instance: city_276.txt
org_node: 191
org_edge: 276
org_min_len: 0.011848341232227487
org_avg_len: 0.20974139707397485
org_max_len: 1.0
dtf_node: 196
dtf_edge: 281
dtf_min_len: 0.0018754555736142514
dtf_avg_len: 0.20600934374525667
dtf_max_len: 1.5
sdb_node: 877
sdb_edge: 962
sdb_min_len: 0.011848341232227487
sdb_avg_len: 0.06017528647860415
sdb_max_len: 0.06919431279620854
dlt: 0.0692146610344117
formulation: None