instance: city_268.txt
obj: 502.0
bound: 491.0
gap: 0.021912350597609563
time: 7198.353545188904
preprocess_time: 1.649522
sepa_time: 0.0
node: 2712472
formulation: LEFPA