instance: city_213.txt
obj: 28.0
bound: 22.0
gap: 0.21428571428571427
time: 3599.9510769844055
preprocess_time: 0.051731
node: 84456
formulation: LEFPV