instance: city_628.txt
obj: 286.00000257438876
bound: 97.30841405433279
gap: 0.6597607930822001
time: 3606.24223780632
preprocess_time: 0.148735
node: 168427
formulation: LEFPDB