instance: city_265.txt
obj: 198.0
bound: 198.0
gap: 0.0
time: 0.04375314712524414
preprocess_time: 1.335234
sepa_time: 0.0
node: 1
formulation: LEFPAI