instance: city_276.txt
obj: 111.0
bound: 84.08394466154098
gap: 0.24248698503094385
time: 3617.786020040512
preprocess_time: 0.076061
node: 133478
formulation: EFP