instance: city_276.txt
obj: 44.0
bound: 30.226756167549667
gap: 0.3130282689186143
time: 3603.7699389457703
preprocess_time: 0.080321
node: 99308
formulation: LEFPDB