instance: city_265.txt
obj: 39.999999800000055
bound: 30.548983243234165
gap: 0.2362754150999333
time: 1800.405667066574
preprocess_time: 0.075074
node: 10220
algo: EFPLg