instance: city_276.txt
obj: 104.0
bound: 89.0
gap: 0.14423076923076922
time: 3599.940922021866
preprocess_time: 0.062352
node: 166444
formulation: LEFPV