instance: city_479.txt
obj: 684.0
bound: 603.0
gap: 0.11842105263157894
time: 3598.977746963501
preprocess_time: 1.03323
sepa_time: 0.0
node: 171819
formulation: EFP