instance: city_132.txt
obj: 258.0
bound: 225.0
gap: 0.12790697674418605
time: 7199.891298055649
preprocess_time: 0.120427
sepa_time: 0.0
node: 1552314
formulation: EFP