instance: city_132.txt
obj: 56.0
bound: 48.99999999999999
gap: 0.12499999999977691
time: 1801.910169839859
preprocess_time: 0.069013
node: 58133
algo: EVFP0