instance: city_268.txt
obj: 105.00000000009575
bound: 88.68296619089183
gap: 0.15540032199212858
time: 1801.4757511615753
preprocess_time: 0.09102
node: 35475
formulation: EFP