instance: city_138.txt
obj: 53.99999975000062
bound: 42.179280482321424
gap: 0.2189022096737541
time: 1801.1390578746796
preprocess_time: 0.110956
node: 56066
algo: F