instance: city_138.txt
obj: 54.0
bound: 41.819697293485696
gap: 0.22556116123132866
time: 1801.3476860523224
preprocess_time: 0.04839
node: 30966
algo: EVFP