instance: city_628.txt
obj: 347.0
bound: 201.17061799615888
gap: 0.42025758502535765
time: 1800.1372771263123
preprocess_time: 0.252881
node: 2833
algo: F