instance: city_479.txt
obj: 280.0
bound: 163.67404436118497
gap: 0.4154498415670482
time: 1800.9257049560547
preprocess_time: 0.237753
node: 3503
formulation: EVFP