instance: city_138.txt
obj: 55.0
bound: 51.566666666666656
gap: 0.06242424242412912
time: 3606.544506072998
preprocess_time: 0.067423
node: 752508
formulation: LEFPI