instance: city_771.txt
obj: 1123.0
bound: 1078.0
gap: 0.04007123775601069
time: 3599.72421503067
preprocess_time: 0.291123
sepa_time: 0.0
node: 120633
formulation: LEFPD