instance: city_268.txt
obj: 39.0
bound: 33.0
gap: 0.15384615384615385
time: 3599.9312579631805
preprocess_time: 0.077053
node: 58027
formulation: EFP