instance: city_268.txt
obj: 377.0
bound: 353.0
gap: 0.0636604774535809
time: 3599.4812848567963
preprocess_time: 0.52515
sepa_time: 0.0
node: 16191
formulation: EVFP