instance: city_213.txt
obj: 0.0
bound: 0.0
gap: 0.0
time: 1.0130178928375244
preprocess_time: 0.106762
node: 0
algo: EVFP