instance: city_138.txt
obj: 20.0
bound: 18.000000000000014
gap: 0.09999999999999928
time: 7198.69634103775
preprocess_time: 1.306521
sepa_time: 0.0
node: 753865
formulation: LEFPA