instance: city_771.txt
obj: 117.0
bound: 98.0
gap: 0.1623931623931624
time: 7198.030320882797
preprocess_time: 1.982997
sepa_time: 3.230887023180314e14
node: 104505
formulation: LEFPAV