instance: city_479.txt
obj: 112.0
bound: 67.0458138401501
gap: 0.4013766621411586
time: 3666.953893184662
preprocess_time: 0.090618
node: 211862
formulation: LEFPDB