instance: city_479.txt
obj: 210.0
bound: 201.56563620071682
gap: 0.04016363713942457
time: 3639.8514280319214
preprocess_time: 0.131511
node: 291850
formulation: LEFP