instance: city_268.txt
obj: 39.0
bound: 33.0
gap: 0.15384615384615385
time: 7198.7042191028595
preprocess_time: 1.302145
sepa_time: 0.0
node: 149804
formulation: LEFPV2