instance: city_771.txt
obj: 115.99999977513761
bound: 98.0
gap: 0.15517241215543146
time: 7197.9944660663605
preprocess_time: 2.011896
sepa_time: 0.0
node: 24576
formulation: LEFPAD