instance: city_132.txt
obj: 22.0
bound: 19.000000000000018
gap: 0.13636363636363555
time: 3600.572671890259
preprocess_time: 0.038897
node: 10894
formulation: EF