instance: city_628.txt
obj: 96.0
bound: 86.0
gap: 0.10416666666666667
time: 7199.9132471084595
preprocess_time: 0.097319
sepa_time: 0.0
node: 78897
formulation: EFP