instance: city_276.txt
obj: 147.99999975000014
bound: 80.9943323599039
gap: 0.4527409966434876
time: 1800.8089609146118
preprocess_time: 0.135512
node: 9321
formulation: EFPI