instance: city_479.txt
obj: 84.0
bound: 66.94574144131487
gap: 0.20302688760315277
time: 1800.6043739318848
preprocess_time: 1.543031
node: 13677
algo: EFPV