instance: city_213.txt
obj: 397.0
bound: 388.0
gap: 0.022670025188916875
time: 7199.9472551345825
preprocess_time: 0.055654
sepa_time: 0.0
node: 1493408
formulation: LEVFP