instance: city_268.txt
obj: 505.0
bound: 491.0
gap: 0.027722772277227723
time: 7199.018896102905
preprocess_time: 0.983152
sepa_time: 0.0
node: 2964809
formulation: LEFPV