instance: city_213.txt
obj: 80.0
bound: 60.54439467296617
gap: 0.24319506658761886
time: 1807.8774950504303
preprocess_time: 0.100878
node: 34824
algo: RF