instance: city_479.txt
obj: 78.0
bound: 73.0
gap: 0.0641025641025641
time: 3599.9260380268097
preprocess_time: 0.08154
sepa_time: 0.0
node: 15366
formulation: EVFP