instance: city_213.txt
obj: 29.0
bound: 22.0
gap: 0.2413793103448276
time: 3599.9502301216125
preprocess_time: 0.050837
node: 24082
formulation: LEVFP