instance: city_276.txt
obj: 39.0
bound: 31.0
gap: 0.20512820512820512
time: 3599.9877581596375
preprocess_time: 0.061083
node: 10518
formulation: LEFPD