instance: city_138.txt
obj: 260.0
bound: 253.0
gap: 0.026923076923076925
time: 7198.621613025665
preprocess_time: 1.380329
sepa_time: 0.0
node: 643213
formulation: LEFPAD