instance: city_132.txt
obj: 189.0
bound: 186.0
gap: 0.015873015873015872
time: 3599.9404480457306
preprocess_time: 0.061648
sepa_time: 0.0
node: 1347795
formulation: LEVFP