instance: city_132.txt
obj: 22.0
bound: 18.01893910036913
gap: 0.1809573136187624
time: 1802.0426359176636
preprocess_time: 0.095619
node: 69991
formulation: LEVFP