instance: city_132.txt
obj: 22.0
bound: 19.000000000000018
gap: 0.13636363636363555
time: 3600.750928878784
preprocess_time: 0.043557
sepa_time: 0.0
node: 10776
formulation: EF