instance: city_771.txt
obj: 1484.0
bound: 1332.0
gap: 0.10242587601078167
time: 3596.3465201854706
preprocess_time: 3.664492
sepa_time: 8.4e-323
node: 3178
formulation: EVFP