instance: city_138.txt
obj: 76.99999152123208
bound: 76.99999152123208
gap: 0.0
time: 4.324275016784668
preprocess_time: 0.064758
node: 1026
formulation: LEFPD