instance: city_132.txt
obj: 259.0
bound: 225.0
gap: 0.13127413127413126
time: 3599.8761332035065
preprocess_time: 0.132756
sepa_time: 0.0
node: 652104
formulation: EFP