instance: city_138.txt
obj: 20.0
bound: 18.0
gap: 0.1
time: 7198.361314058304
preprocess_time: 1.639699
sepa_time: 0.0
node: 648517
formulation: LEFPAI