instance: city_628.txt
obj: 97.0
bound: 88.0
gap: 0.09278350515463918
time: 7198.202013015747
preprocess_time: 1.832039
sepa_time: 4.0950890688488706e14
node: 36283
formulation: LEFPAV