instance: city_479.txt
obj: 195.0
bound: 175.0
gap: 0.10256410256410256
time: 3599.6165549755096
preprocess_time: 0.395678
node: 218381
formulation: EFP