instance: city_265.txt
obj: 36.0
bound: 32.0
gap: 0.1111111111111111
time: 7198.200343132019
preprocess_time: 1.801165
sepa_time: 0.0
node: 275749
formulation: LEFPAI