instance: city_268.txt
obj: 107.99999987500063
bound: 82.721229530683
gap: 0.23406268864399912
time: 1800.9517838954926
preprocess_time: 0.164899
node: 11565
algo: EVFP0