instance: city_213.txt
obj: 28.0
bound: 23.0
gap: 0.17857142857142858
time: 7199.954684972763
preprocess_time: 0.04823
sepa_time: 0.0
node: 159283
formulation: EFP