instance: city_479.txt
obj: 83.0
bound: 67.0121591340442
gap: 0.19262458874622337
time: 1711.3915541172028
preprocess_time: 90.67739
node: 16845
algo: EFPV2