instance: city_265.txt
obj: 39.0
bound: 33.0
gap: 0.15384615384615385
time: 3598.6998269557953
preprocess_time: 1.3021
sepa_time: 0.0
node: 96057
formulation: LEFPI