instance: city_138.txt
obj: 261.0
bound: 244.0
gap: 0.06513409961685823
time: 7199.921961069107
preprocess_time: 0.088329
sepa_time: 1.5e-323
node: 82648
formulation: EVFP