instance: city_265.txt
obj: 499.0
bound: 436.0
gap: 0.12625250501002003
time: 7199.543135166168
preprocess_time: 0.470103
sepa_time: 0.0
node: 655235
formulation: EFP