instance: city_265.txt
obj: 496.0
bound: 484.0
gap: 0.024193548387096774
time: 7198.329507112503
preprocess_time: 1.673028
sepa_time: 1.3842199804212104e13
node: 1645062
formulation: LEFPAV