instance: city_771.txt
obj: 715.0
bound: 715.0
gap: 0.0
time: 2.85856294631958
preprocess_time: 1.605277
sepa_time: 0.0
node: 2577
formulation: LEFPAD