instance: city_628.txt
obj: 97.0
bound: 86.0
gap: 0.1134020618556701
time: 7199.022977113724
preprocess_time: 0.981412
sepa_time: 0.0
node: 65369
formulation: LEFPI