instance: city_138.txt
obj: 20.0
bound: 15.879753458643421
gap: 0.2060123270667989
time: 1801.1756489276886
preprocess_time: 0.056537
node: 126346
algo: F0