instance: city_628.txt
obj: 96.0
bound: 87.0
gap: 0.09375
time: 7199.912046909332
preprocess_time: 0.094203
sepa_time: 5.4e-323
node: 17704
formulation: LEVFP