instance: city_138.txt
obj: 53.0
bound: 42.683800653488085
gap: 0.1946452706885368
time: 3650.190894842148
preprocess_time: 0.067942
node: 325908
formulation: EFP