instance: city_628.txt
obj: 97.0
bound: 84.0
gap: 0.13402061855670103
time: 3599.634607076645
preprocess_time: 0.369688
node: 22598
formulation: LEFPV