instance: city_771.txt
obj: 444.99997604058586
bound: 444.9999760405859
gap: 0.0
time: 86.10492396354675
preprocess_time: 0.511317
node: 2228
formulation: LEFPD