instance: city_479.txt
obj: 908.0
bound: 880.0
gap: 0.030837004405286344
time: 7198.597375869751
preprocess_time: 1.40843
sepa_time: 0.0
node: 227654
formulation: LEFPAD