instance: city_479.txt
obj: 280.0
bound: 163.76453828279696
gap: 0.4151266489898626
time: 1800.4515500068665
preprocess_time: 0.261434
node: 5148
algo: EVFP