instance: city_771.txt
obj: 1092.0
bound: 1058.0
gap: 0.031135531135531136
time: 3599.5411520004272
preprocess_time: 0.472635
sepa_time: 0.0
node: 243487
formulation: LEVFP