instance: city_628.txt
obj: 96.0
bound: 86.0
gap: 0.10416666666666667
time: 7198.843701124191
preprocess_time: 1.158754
sepa_time: 0.0
node: 45589
formulation: LEFPAI