instance: city_265.txt
obj: 40.0
bound: 32.65548486439538
gap: 0.18361287838965637
time: 3603.862895011902
preprocess_time: 0.074567
node: 34588
formulation: LEFPD