instance: city_138.txt
obj: 54.0
bound: 43.249329047720785
gap: 0.19908649911591308
time: 1800.816169977188
preprocess_time: 0.17563
node: 38241
algo: EFPV