instance: city_138.txt
obj: 267.0
bound: 226.0
gap: 0.15355805243445692
time: 7199.883014917374
preprocess_time: 0.128086
sepa_time: 0.0
node: 1700491
formulation: EFP