instance: city_268.txt
obj: 104.0
bound: 91.0
gap: 0.125
time: 3599.92444396019
preprocess_time: 0.08073
node: 288307
formulation: LEFP