instance: city_479.txt
obj: 78.0
bound: 72.0
gap: 0.07692307692307693
time: 3599.060142993927
preprocess_time: 0.941573
sepa_time: 0.0
node: 60176
formulation: LEFPI