instance: city_265.txt
obj: 495.0
bound: 484.0
gap: 0.022222222222222223
time: 7199.945661067963
preprocess_time: 0.058498
sepa_time: 6.95152503672754e-310
node: 1509249
formulation: LEVFP