instance: city_771.txt
obj: 682.0
bound: 93.42239573371279
gap: 0.8630170150530804
time: 3605.5289359092712
preprocess_time: 0.407895
node: 211347
formulation: LEFPDB