instance: city_213.txt
obj: 31.0
bound: 21.223397325736975
gap: 0.31537427981391897
time: 3605.245162010193
preprocess_time: 0.068084
node: 90727
formulation: LEFPI