instance: city_132.txt
obj: 55.0
bound: 50.0
gap: 0.09090909090909091
time: 3599.9511098861694
preprocess_time: 0.051039
node: 777396
formulation: EFP