instance: city_265.txt
obj: 108.0
bound: 86.41378404002656
gap: 0.19987236999956903
time: 1796.9304299354553
preprocess_time: 4.784209
node: 31792
algo: EFPV2