instance: city_138.txt
obj: 20.0
bound: 18.0
gap: 0.1
time: 7198.753258943558
preprocess_time: 1.250414
sepa_time: 0.0
node: 149860
formulation: LEFPD