instance: city_213.txt
obj: 80.0
bound: 60.82032327497004
gap: 0.23974595906257476
time: 1792.3297040462494
preprocess_time: 8.652391
node: 20778
algo: EFPV2