instance: city_138.txt
org_node: 99
org_edge: 138
org_min_len: 0.05932304198545514
org_avg_len: 0.40283198504112006
org_max_len: 1.0
dtf_node: 86
dtf_edge: 125
dtf_min_len: 0.014607468474859456
dtf_avg_len: 0.44472651148539655
dtf_max_len: 1.6061576865194156
sdb_node: 575
sdb_edge: 614
sdb_min_len: 0.057657682013571604
sdb_avg_len: 0.09053878491152237
sdb_max_len: 0.10038485540746347
dlt: 0.10070799626028001
formulation: None