instance: city_132.txt
obj: 22.0
bound: 21.000000000000004
gap: 0.045454545454545296
time: 3313.0679337978363
preprocess_time: 0.061864
sepa_time: 3.0e-323
node: 204652
formulation: EVFP