instance: city_771.txt
obj: 418.0
bound: 89.7811843380094
gap: 0.7852124776600768
time: 1800.8836681842804
preprocess_time: 0.329794
node: 998
algo: EFPD