instance: city_771.txt
obj: 2.0
bound: 1.0
gap: 0.499999999975
time: 18.508597135543823
preprocess_time: 0.202902
node: 507
algo: EVFPV