instance: city_276.txt
obj: 39.0
bound: 32.0
gap: 0.1794871794871795
time: 3599.928036928177
preprocess_time: 0.079634
sepa_time: 0.0
node: 38137
formulation: LEFPV