instance: city_138.txt
obj: 52.0
bound: 42.45802768412286
gap: 0.18349946761266903
time: 1804.707780122757
preprocess_time: 0.12035
node: 56903
algo: RF