instance: city_479.txt
obj: 195.0
bound: 175.10217515689706
gap: 0.10204012740047556
time: 1800.9969000816345
preprocess_time: 0.159697
node: 28504
algo: RF