instance: city_213.txt
obj: 30.0
bound: 18.52051496881954
gap: 0.38264950103807316
time: 1800.8833639621735
preprocess_time: 0.073799
node: 21064
algo: EFP