instance: city_138.txt
obj: 20.0
bound: 18.0
gap: 0.1
time: 7198.6587381362915
preprocess_time: 1.342529
sepa_time: 0.0
node: 618286
formulation: LEFPAI