instance: city_771.txt
obj: 116.0
bound: 100.0
gap: 0.13793103448275862
time: 7198.796590089798
preprocess_time: 1.214627
sepa_time: 0.0
node: 126511
formulation: LEFPA