instance: city_132.txt
obj: 255.0
bound: 251.0
gap: 0.01568627450980392
time: 7199.964282989502
preprocess_time: 0.037505
sepa_time: 0.0
node: 3114327
formulation: LEVFP