instance: city_479.txt
obj: 77.0
bound: 72.0
gap: 0.06493506493506493
time: 7199.059747934341
preprocess_time: 0.958699
sepa_time: 0.0
node: 142285
formulation: LEFP