instance: city_268.txt
obj: 509.0
bound: 480.0
gap: 0.05697445972495088
time: 7199.566310882568
preprocess_time: 0.443343
sepa_time: 0.0
node: 103222
formulation: EVFP