instance: city_771.txt
obj: 1065.0
bound: 277.98604710207866
gap: 0.7389802374627675
time: 3624.8055968284607
preprocess_time: 0.487495
node: 566437
formulation: LEFPDB