instance: city_276.txt
obj: 381.0
bound: 368.0
gap: 0.03412073490813648
time: 3599.930533885956
preprocess_time: 0.073252
sepa_time: 6.9150437518763e-310
node: 400230
formulation: LEVFP