instance: city_771.txt
obj: 1461.0
bound: 1429.0
gap: 0.02190280629705681
time: 7199.733179092407
preprocess_time: 0.27596
sepa_time: 6.9202440495896e-310
node: 661581
formulation: LEVFP