instance: city_628.txt
obj: 96.0
bound: 86.0
gap: 0.10416666666666667
time: 7198.5246160030365
preprocess_time: 1.491728
sepa_time: 0.0
node: 53277
formulation: LEFPV2