instance: city_265.txt
obj: 107.0
bound: 85.89734293941113
gap: 0.1972210940240107
time: 1801.6661150455475
preprocess_time: 0.114754
node: 28593
formulation: LEVFP