instance: city_138.txt
obj: 21.0
bound: 17.0
gap: 0.19047619047619047
time: 7201.2041001319885
preprocess_time: 0.042041
sepa_time: 0.0
node: 11541
formulation: EF