instance: city_138.txt
obj: 55.0
bound: 51.615337471233744
gap: 0.06153931870472913
time: 3606.017009973526
preprocess_time: 0.050442
node: 382509
formulation: LEFPD