instance: city_265.txt
obj: 198.0
bound: 198.0
gap: 0.0
time: 0.03222799301147461
preprocess_time: 1.846039
sepa_time: 0.0
node: 1
formulation: LEFPA