instance: city_265.txt
obj: 495.0
bound: 484.0
gap: 0.022222222222222223
time: 7198.595752000809
preprocess_time: 1.405819
sepa_time: 0.0
node: 1672698
formulation: LEFPAI