instance: city_628.txt
obj: 496.0
bound: 203.33250558717532
gap: 0.5900554322838018
time: 1800.2058749198914
preprocess_time: 0.198133
node: 4502
algo: EVFPV