instance: city_265.txt
obj: 371.0
bound: 343.0
gap: 0.07547169811320754
time: 3599.486638069153
preprocess_time: 0.516375
sepa_time: 0.0
node: 4075
formulation: EVFP