instance: city_138.txt
obj: 20.0
bound: 16.492630617444856
gap: 0.17536846912688037
time: 3620.900757074356
preprocess_time: 0.062562
node: 292548
formulation: LEFP