instance: city_479.txt
obj: 79.0
bound: 70.0
gap: 0.11392405063291139
time: 3599.8890669345856
preprocess_time: 0.119003
node: 53937
formulation: LEFPI