instance: city_479.txt
obj: 79.0
bound: 70.0
gap: 0.11392405063291139
time: 3599.9115149974823
preprocess_time: 0.091725
sepa_time: 0.0
node: 16402
formulation: LEFPD