instance: city_628.txt
obj: 628.0
bound: 214.74621348435346
gap: 0.6580474307572941
time: 1788.3212518692017
preprocess_time: 12.678836
node: 13919
algo: EFPV2