instance: city_213.txt
obj: 31.0
bound: 21.02520442339683
gap: 0.32176759924422565
time: 3604.5116851329803
preprocess_time: 0.067838
node: 149385
formulation: LEFPDB