instance: city_276.txt
obj: 41.0
bound: 33.0
gap: 0.1951219512195122
time: 7199.063759088516
preprocess_time: 0.938224
sepa_time: 0.0
node: 23262
formulation: LEFPD