instance: city_268.txt
obj: 38.0
bound: 33.0
gap: 0.13157894736842105
time: 3599.924352169037
preprocess_time: 0.077636
node: 15256
formulation: LEVFP