instance: city_628.txt
obj: 113.0
bound: 80.02452744147782
gap: 0.2918183412256018
time: 1750.6135799884796
preprocess_time: 101.899083
node: 2127
algo: EFPV2