instance: city_628.txt
obj: 527.0
bound: 215.47246525477522
gap: 0.5911338420211871
time: 1801.1523809432983
preprocess_time: 0.215013
node: 14143
formulation: EFP