instance: city_479.txt
obj: 78.0
bound: 70.0
gap: 0.10256410256410256
time: 7199.900099039078
preprocess_time: 0.114649
sepa_time: 0.0
node: 224715
formulation: EFP