instance: city_213.txt
obj: 87.0
bound: 80.79914122424066
gap: 0.0712742388017496
time: 3605.0349979400635
preprocess_time: 0.074009
node: 190109
formulation: LEFP