instance: city_265.txt
obj: 103.0
bound: 91.0
gap: 0.11650485436893204
time: 3599.947868824005
preprocess_time: 0.056614
node: 52026
formulation: LEVFP