instance: city_479.txt
obj: 79.0
bound: 70.0
gap: 0.11392405063291139
time: 3599.8859419822693
preprocess_time: 0.123894
node: 60620
formulation: EFP