instance: city_132.txt
obj: 22.0
bound: 19.999999999999986
gap: 0.09090909090867834
time: 3602.3053319454193
preprocess_time: 0.062177
node: 71784
formulation: LEFPD