instance: city_771.txt
obj: 1117.0
bound: 267.48585666870054
gap: 0.7605319098757595
time: 1791.1283071041107
preprocess_time: 9.509463
node: 6727
algo: EFPV2