instance: city_132.txt
obj: 192.0
bound: 164.0
gap: 0.14583333333333334
time: 3599.6741738319397
preprocess_time: 0.331029
sepa_time: 0.0
node: 802279
formulation: EFP