instance: city_479.txt
obj: 78.0
bound: 74.0
gap: 0.05128205128205128
time: 3599.8842010498047
preprocess_time: 0.118773
sepa_time: 0.0
node: 15230
formulation: LEVFP