instance: city_268.txt
obj: 40.0
bound: 27.10541863547442
gap: 0.3223645341123335
time: 1801.0296709537506
preprocess_time: 0.092765
node: 17568
algo: F