instance: city_268.txt
obj: 38.0
bound: 34.0
gap: 0.10526315789473684
time: 7198.352429151535
preprocess_time: 1.653142
sepa_time: 0.0
node: 138948
formulation: LEFPA