instance: city_138.txt
obj: 21.0
bound: 15.910473815461359
gap: 0.24235838973878124
time: 3613.6212000846863
preprocess_time: 0.051195
node: 298200
formulation: LEFPDB