instance: city_276.txt
obj: 45.0
bound: 26.06175911027739
gap: 0.4208497975484561
time: 1800.7851779460907
preprocess_time: 0.064128
node: 7214
algo: EVFP