instance: city_132.txt
obj: 22.0
bound: 21.0
gap: 0.045454545454545456
time: 7198.352109909058
preprocess_time: 1.650434
sepa_time: 1.2049480947923286e14
node: 891127
formulation: LEFPAV