instance: city_771.txt
obj: 715.0
bound: 715.0
gap: 0.0
time: 1.9497530460357666
preprocess_time: 2.041745
sepa_time: 1.8454193445377434e13
node: 1114
formulation: LEFPAV