instance: city_265.txt
obj: 41.0
bound: 29.274554152590294
gap: 0.285986484082466
time: 1801.332232952118
preprocess_time: 0.086688
node: 27900
algo: F