instance: city_265.txt
obj: 46.0
bound: 45.00000000000001
gap: 0.021739130434735195
time: 0.6418850421905518
preprocess_time: 0.095045
node: 0
algo: SFD