instance: city_479.txt
obj: 81.0
bound: 66.32801292930273
gap: 0.18113564284789083
time: 1800.7275910377502
preprocess_time: 0.117387
node: 12764
algo: F