instance: city_479.txt
obj: 88.0
bound: 66.58816490880068
gap: 0.24331630785426125
time: 1746.2600572109222
preprocess_time: 55.195554
node: 8225
algo: EFPV2