instance: city_276.txt
obj: 42.0
bound: 31.3741192950875
gap: 0.25299715964017144
time: 3602.271518945694
preprocess_time: 0.078377
node: 48874
formulation: LEFP