instance: city_138.txt
obj: 53.0
bound: 42.99025810045369
gap: 0.18886305470806464
time: 1798.3826839923859
preprocess_time: 3.839277
node: 67933
formulation: EFPV2