instance: city_268.txt
obj: 505.0
bound: 493.0
gap: 0.023762376237623763
time: 7199.941869020462
preprocess_time: 0.061349
sepa_time: 0.0
node: 1772614
formulation: LEVFP