instance: city_213.txt
obj: 399.0
bound: 387.0
gap: 0.03007518796992481
time: 7198.340447902679
preprocess_time: 1.660547
sepa_time: 0.0
node: 1820970
formulation: LEFPAI