instance: city_132.txt
obj: 55.0
bound: 52.0
gap: 0.05454545454545454
time: 3599.9543380737305
preprocess_time: 0.047991
node: 1137393
formulation: LEFPV