instance: city_268.txt
obj: 510.0
bound: 442.0
gap: 0.13333333333333333
time: 7199.610279083252
preprocess_time: 0.402553
sepa_time: 0.0
node: 633173
formulation: EFP