instance: city_276.txt
obj: 109.0
bound: 93.0
gap: 0.14678899082568808
time: 3599.9336709976196
preprocess_time: 0.069637
node: 26849
formulation: LEFPD