instance: city_138.txt
obj: 20.0
bound: 15.062372853053585
gap: 0.24688135734608638
time: 1801.012022972107
preprocess_time: 0.065775
node: 28581
algo: EVFP