instance: city_138.txt
obj: 259.0
bound: 253.0
gap: 0.023166023166023165
time: 7198.570900917053
preprocess_time: 1.430936
sepa_time: 0.0
node: 699397
formulation: LEFPAD