instance: city_265.txt
obj: 72.00000065701468
bound: 36.229706442108984
gap: 0.49680963733951095
time: 3603.82350897789
preprocess_time: 0.076302
node: 145840
formulation: LEFPDB