instance: city_132.txt
obj: 22.0
bound: 21.000000000000018
gap: 0.045454545454544644
time: 7199.955480098724
preprocess_time: 0.046414
sepa_time: 0.0
node: 349200
formulation: LEVFP