instance: city_771.txt
obj: 1459.0
bound: 1431.0
gap: 0.019191226867717615
time: 7198.318158149719
preprocess_time: 1.688857
sepa_time: 0.0
node: 836088
formulation: LEFPA