instance: city_138.txt
obj: 20.0
bound: 18.0
gap: 0.1
time: 3599.939516067505
preprocess_time: 0.06333
sepa_time: 0.0
node: 260191
formulation: LEFPV2