instance: city_628.txt
obj: 1193.0
bound: 1140.0
gap: 0.04442581726739313
time: 3599.634479045868
preprocess_time: 0.368289
sepa_time: 0.0
node: 432496
formulation: LEFPI