instance: city_479.txt
obj: 909.0
bound: 889.0
gap: 0.022002200220022004
time: 3599.9236030578613
preprocess_time: 0.08153
sepa_time: 0.0
node: 849160
formulation: LEFPV