instance: city_138.txt
obj: 20.0
bound: 15.469918936732268
gap: 0.22650405316225408
time: 3603.5798490047455
preprocess_time: 0.062183
node: 97760
formulation: LEVFP