instance: city_628.txt
obj: 1201.0
bound: 1032.0
gap: 0.14071606994171523
time: 3597.4639229774475
preprocess_time: 2.544687
sepa_time: 0.0
node: 25539
formulation: EFP