instance: city_276.txt
obj: 385.0
bound: 356.0
gap: 0.07532467532467532
time: 3599.519833087921
preprocess_time: 0.487707
sepa_time: 2.67e-322
node: 10920
formulation: EVFP