instance: city_479.txt
obj: 79.0
bound: 70.0
gap: 0.11392405063291139
time: 7198.646584033966
preprocess_time: 1.364297
sepa_time: 0.0
node: 199937
formulation: LEFP