instance: city_138.txt
obj: 260.0
bound: 254.0
gap: 0.023076923076923078
time: 3599.941491127014
preprocess_time: 0.060507
sepa_time: 0.0
node: 2028616
formulation: LEFPV