instance: city_628.txt
obj: 390.0
bound: 74.00258019434051
gap: 0.8102497943732782
time: 1800.912132024765
preprocess_time: 0.229469
node: 100
algo: EFPD