instance: city_138.txt
obj: 21.0
bound: 17.0
gap: 0.19047619047619047
time: 3601.2247688770294
preprocess_time: 0.055534
sepa_time: 1.0e-323
node: 10202
formulation: EF