instance: city_628.txt
obj: 1181.0
bound: 1148.0
gap: 0.0279424216765453
time: 7198.398656845093
preprocess_time: 1.607961
sepa_time: 0.0
node: 980057
formulation: LEFPA