instance: city_771.txt
obj: 124.0
bound: 92.07679445693502
gap: 0.2574452059922519
time: 1800.9877219200134
preprocess_time: 0.264093
node: 3462
formulation: EFP