instance: city_265.txt
obj: 495.0
bound: 484.0
gap: 0.022222222222222223
time: 7199.9429178237915
preprocess_time: 0.060059
sepa_time: 3.66e-322
node: 1534779
formulation: LEVFP