instance: city_268.txt
obj: 42.0
bound: 27.997053709792493
gap: 0.3334034830993849
time: 1800.7890660762787
preprocess_time: 0.090586
node: 16540
algo: EFP