instance: city_276.txt
obj: 515.9999997254956
bound: 500.0
gap: 0.031007751422494942
time: 7198.35369181633
preprocess_time: 1.648567
sepa_time: 0.0
node: 1370295
formulation: LEFPAI