instance: city_265.txt
obj: 499.0
bound: 470.0
gap: 0.05811623246492986
time: 3599.354691028595
preprocess_time: 0.652721
sepa_time: 0.0
node: 3465
formulation: EVFP