instance: city_138.txt
obj: 20.0
bound: 18.0
gap: 0.1
time: 3599.9508531093597
preprocess_time: 0.052353
sepa_time: 5.0e-324
node: 103119
formulation: EVFP