instance: city_265.txt
obj: 38.99999999533333
bound: 32.0
gap: 0.17948717938899847
time: 7198.323322057724
preprocess_time: 1.686748
sepa_time: 0.0
node: 57939
formulation: LEFPAD