instance: city_138.txt
obj: 20.0
bound: 15.503545780514894
gap: 0.2248227109731312
time: 1801.024160861969
preprocess_time: 0.046929
node: 59521
algo: EFP