instance: city_276.txt
obj: 40.0
bound: 32.0
gap: 0.2
time: 7199.93953704834
preprocess_time: 0.069008
sepa_time: 0.0
node: 68967
formulation: EFP