instance: city_213.txt
obj: 77.0
bound: 66.0
gap: 0.14285714285714285
time: 3599.9521827697754
preprocess_time: 0.061211
node: 252205
formulation: EFP