instance: city_479.txt
obj: 78.0
bound: 70.0
gap: 0.10256410256410256
time: 7199.894634962082
preprocess_time: 0.115008
sepa_time: 0.0
node: 222342
formulation: EFP