instance: city_771.txt
obj: 715.0
bound: 715.0
gap: 0.0
time: 2.006711959838867
preprocess_time: 1.628076
sepa_time: 1.3858789587839695e13
node: 1114
formulation: LEFPAV