instance: city_265.txt
obj: 263.0000000000001
bound: 83.40126676327394
gap: 0.6828849172496494
time: 1800.3278918266296
preprocess_time: 0.058463
node: 3400
algo: EFPD