instance: city_479.txt
obj: 210.00000000023152
bound: 166.30321736095908
gap: 0.2080799173295403
time: 1801.4601690769196
preprocess_time: 0.175248
node: 10951
algo: SF