instance: city_265.txt
obj: 38.0
bound: 33.0
gap: 0.13157894736842105
time: 7198.747979879379
preprocess_time: 1.257357
sepa_time: 0.0
node: 237710
formulation: LEFP