instance: city_628.txt
obj: 1181.0
bound: 1148.0
gap: 0.0279424216765453
time: 7198.679898023605
preprocess_time: 1.327968
sepa_time: 0.0
node: 848396
formulation: LEFP