instance: city_479.txt
obj: 259.0
bound: 163.4948293381575
gap: 0.3687458326710642
time: 1811.06552195549
preprocess_time: 0.211024
node: 9974
algo: F