instance: city_276.txt
obj: 514.9999999782251
bound: 501.0
gap: 0.027184465978285523
time: 7198.655654907227
preprocess_time: 1.347379
sepa_time: 0.0
node: 1344904
formulation: LEFPA