instance: city_771.txt
obj: 116.0
bound: 101.0
gap: 0.12931034482758622
time: 7199.048715829849
preprocess_time: 0.964406
sepa_time: 0.0
node: 125057
formulation: LEFP