instance: city_138.txt
obj: 54.0
bound: 42.80020019603955
gap: 0.20740370007295764
time: 1800.791217803955
preprocess_time: 0.071341
node: 25754
algo: EVFPV