instance: city_213.txt
obj: 79.0
bound: 60.26485353509036
gap: 0.237153752720075
time: 3602.4229788780212
preprocess_time: 0.072902
node: 67976
formulation: LEVFP