instance: city_132.txt
obj: 22.0
bound: 20.000000000000014
gap: 0.09090909090909026
time: 3599.711083173752
preprocess_time: 0.291716
sepa_time: 0.0
node: 436252
formulation: LEFPV