instance: city_138.txt
obj: 23.0
bound: 22.0
gap: 0.04347826086937619
time: 0.26160717010498047
preprocess_time: 0.083669
node: 0
algo: SFD