instance: city_771.txt
obj: 1461.0
bound: 1429.0
gap: 0.02190280629705681
time: 3599.558017015457
preprocess_time: 0.450777
sepa_time: 0.0
node: 304835
formulation: LEVFP