instance: city_138.txt
obj: 259.0
bound: 255.0
gap: 0.015444015444015444
time: 7199.047780990601
preprocess_time: 0.953382
sepa_time: 1.3852430695483771e13
node: 3479838
formulation: LEFPAV