instance: city_771.txt
obj: 126.0
bound: 94.89849492781701
gap: 0.24683734184252623
time: 1800.5321671962738
preprocess_time: 0.175789
node: 6589
algo: EFPLg