instance: city_132.txt
obj: 255.0
bound: 251.0
gap: 0.01568627450980392
time: 7199.066509008408
preprocess_time: 0.93434
sepa_time: 0.0
node: 3752165
formulation: LEFPV