instance: city_479.txt
obj: 909.0
bound: 892.0
gap: 0.0187018701870187
time: 7198.452712059021
preprocess_time: 1.549547
sepa_time: 0.0
node: 1509864
formulation: LEFPAI