instance: city_479.txt
obj: 78.0
bound: 72.0
gap: 0.07692307692307693
time: 3599.0569071769714
preprocess_time: 0.949379
sepa_time: 0.0
node: 66792
formulation: LEFPV