instance: city_628.txt
obj: 1182.0
bound: 1145.0
gap: 0.031302876480541454
time: 3599.6402060985565
preprocess_time: 0.368601
sepa_time: 0.0
node: 528888
formulation: LEFPV