instance: city_628.txt
obj: 628.0
bound: 215.8542308614254
gap: 0.6562830718766065
time: 1787.0713288784027
preprocess_time: 14.878847
node: 10286
algo: EFPV2