instance: city_265.txt
obj: 503.0
bound: 433.0
gap: 0.13916500994035785
time: 7199.62825012207
preprocess_time: 0.382676
sepa_time: 0.0
node: 623019
formulation: EFP