instance: city_265.txt
obj: 37.0
bound: 34.0
gap: 0.08108108108108109
time: 7199.940953969955
preprocess_time: 0.065818
sepa_time: 6.94925208281244e-310
node: 45797
formulation: LEVFP