instance: city_276.txt
obj: 107.0
bound: 84.06848708073068
gap: 0.21431320485278404
time: 3615.9998710155487
preprocess_time: 0.097493
node: 125270
formulation: EFP