instance: city_213.txt
obj: 145.0
bound: 145.0
gap: 0.0
time: 0.047628164291381836
preprocess_time: 1.328911
sepa_time: 0.0
node: 1
formulation: LEFPA