instance: city_265.txt
obj: 496.0
bound: 483.0
gap: 0.02620967741935484
time: 3598.7001791000366
preprocess_time: 1.300804
sepa_time: 0.0
node: 1002314
formulation: LEFPI