instance: city_771.txt
obj: 811.0
bound: 271.6083854767277
gap: 0.6650944692024732
time: 1801.0448808670044
preprocess_time: 0.758468
node: 8628
formulation: EFP