instance: city_213.txt
obj: 31.0
bound: 17.71652000628776
gap: 0.4284993546344965
time: 1851.9912900924683
preprocess_time: 0.566574
node: 12143
algo: EFPV