instance: city_479.txt
obj: 202.0
bound: 171.21105174537522
gap: 0.15242053591390864
time: 1789.1815659999847
preprocess_time: 11.988946
node: 15634
algo: EFPV2