instance: city_479.txt
obj: 908.0
bound: 892.0
gap: 0.01762114537444934
time: 7198.63010597229
preprocess_time: 1.374987
sepa_time: 0.0
node: 1475947
formulation: LEFP