instance: city_479.txt
obj: 78.0
bound: 74.0
gap: 0.05128205128205128
time: 7199.905761003494
preprocess_time: 0.110829
sepa_time: 1.0
node: 41346
formulation: LEVFP