instance: city_276.txt
obj: 0.0
bound: 0.0
gap: 0.0
time: 2.28969407081604
preprocess_time: 0.166513
node: 0
algo: EVFP