instance: city_138.txt
obj: 55.0
bound: 51.459163084603
gap: 0.06437885300710115
time: 3611.3797039985657
preprocess_time: 0.066957
node: 771178
formulation: LEFP