instance: city_132.txt
obj: 258.0
bound: 256.0
gap: 0.007751937984496124
time: 7199.102993011475
preprocess_time: 0.898331
sepa_time: 0.0
node: 1447405
formulation: LEFPD