instance: city_138.txt
obj: 258.0
bound: 255.00000000000009
gap: 0.011627906976743856
time: 7198.6871881484985
preprocess_time: 1.314442
sepa_time: 0.0
node: 2329744
formulation: LEFP