instance: city_213.txt
obj: 77.0
bound: 65.0
gap: 0.15584415584415584
time: 3599.947895050049
preprocess_time: 0.054118
node: 200688
formulation: LEFPI