instance: city_132.txt
obj: 22.0
bound: 19.03555601812151
gap: 0.13474745372113703
time: 1798.3356659412384
preprocess_time: 4.582997
node: 162522
algo: EFPV2