instance: city_213.txt
obj: 31.0
bound: 19.167975339705922
gap: 0.38167821484696485
time: 1800.7550959587097
preprocess_time: 0.041405
node: 5486
formulation: EFPD