instance: city_479.txt
obj: 85.0
bound: 67.94868864931829
gap: 0.20060366294896065
time: 1801.1832270622253
preprocess_time: 0.111799
node: 7048
algo: SF