instance: city_213.txt
obj: 29.0
bound: 18.803296002038802
gap: 0.3516104826871047
time: 3603.0132319927216
preprocess_time: 0.068033
node: 82009
formulation: EFP