instance: city_132.txt
obj: 22.0
bound: 18.760584429130194
gap: 0.14724616231159462
time: 1801.7240850925446
preprocess_time: 0.139816
node: 105837
formulation: EFPV