instance: city_138.txt
obj: 20.0
bound: 18.0
gap: 0.1
time: 7198.703938007355
preprocess_time: 1.298798
sepa_time: 0.0
node: 652089
formulation: LEFPV2