instance: city_213.txt
obj: 30.0
bound: 18.594034509212047
gap: 0.38019884969166445
time: 1800.9938969612122
preprocess_time: 0.049321
node: 23285
algo: EFP0