instance: city_268.txt
obj: 36.0
bound: 31.0
gap: 0.1388888888888889
time: 7198.650599002838
preprocess_time: 1.35092
sepa_time: 0.0
node: 167727
formulation: LEFPAI