instance: city_479.txt
obj: 89.0
bound: 67.2754043851728
gap: 0.24409657994160433
time: 1800.5780658721924
preprocess_time: 0.129211
node: 1243
algo: EFPD