instance: city_628.txt
obj: 251.0
bound: 221.0
gap: 0.11952191235059761
time: 3599.62282204628
preprocess_time: 0.388675
node: 123629
formulation: LEFPV