instance: city_771.txt
obj: 1117.0
bound: 269.1546991290726
gap: 0.7590378700723827
time: 1799.8277549743652
preprocess_time: 0.850523
node: 11216
algo: EFPV