instance: city_268.txt
obj: 114.0
bound: 110.47957378568937
gap: 0.03088093170445214
time: 3605.421252965927
preprocess_time: 0.082126
node: 450526
formulation: LEFPI