instance: city_138.txt
obj: 55.0
bound: 42.52351738241308
gap: 0.22684513850116786
time: 1836.174695968628
preprocess_time: 2.947452
node: 28757
algo: EFPV2