instance: city_268.txt
obj: 511.0
bound: 500.0
gap: 0.021526418786692758
time: 7198.679413080215
preprocess_time: 1.323566
sepa_time: 0.0
node: 583074
formulation: LEFPD