instance: city_479.txt
obj: 200.0
bound: 170.66867607112593
gap: 0.14665661964429702
time: 1801.9267539978027
preprocess_time: 0.281097
node: 18240
algo: EFP0