instance: city_138.txt
obj: 53.0
bound: 43.6353228434804
gap: 0.1766920218207911
time: 1801.0383129119873
preprocess_time: 0.06351
node: 34920
algo: EFP0