instance: city_276.txt
obj: 0.0
bound: 0.0
gap: 0.0
time: 1.080193042755127
preprocess_time: 0.126708
node: 0
algo: EVFP0