instance: city_213.txt
obj: 31.0
bound: 19.77891418475588
gap: 0.36197051016799753
time: 1800.3010561466217
preprocess_time: 0.802709
node: 21905
formulation: EFPV