instance: city_132.txt
obj: 22.0
bound: 17.58683882705313
gap: 0.20059823513303693
time: 1801.9047141075134
preprocess_time: 0.063189
node: 82144
algo: EVFP0