instance: city_479.txt
obj: 78.0
bound: 74.0
gap: 0.05128205128205128
time: 3599.8848979473114
preprocess_time: 0.117987
node: 15910
formulation: LEVFP