instance: city_265.txt
obj: 104.0
bound: 84.5390263687541
gap: 0.18712474645410762
time: 1796.590439081192
preprocess_time: 4.511068
node: 35274
algo: EFPV2