instance: city_138.txt
obj: 21.0
bound: 15.271022221625246
gap: 0.27280846563559397
time: 1833.491261959076
preprocess_time: 12.343317
node: 18577
algo: EFPV2