instance: city_628.txt
obj: 1.0
bound: 0.0
gap: 0.9999999999
time: 4.863245010375977
preprocess_time: 0.238943
node: 0
algo: EVFP