instance: city_628.txt
obj: 251.0
bound: 223.0
gap: 0.11155378486055777
time: 3599.6137800216675
preprocess_time: 0.39036
node: 87596
formulation: LEFPI