instance: city_276.txt
obj: 39.0
bound: 32.0
gap: 0.1794871794871795
time: 7199.933145999908
preprocess_time: 0.068745
sepa_time: 6.9132336067621e-310
node: 19610
formulation: EVFP