instance: city_276.txt
obj: 186.99999913799905
bound: 186.99999913799905
gap: 0.0
time: 0.5632259845733643
preprocess_time: 1.794789
sepa_time: 0.0
node: 183
formulation: LEFPAD