instance: city_628.txt
obj: 1181.0
bound: 1149.0
gap: 0.027095681625740897
time: 7198.936250925064
preprocess_time: 1.067721
sepa_time: 1.384219980421207e13
node: 1075478
formulation: LEFPAV