instance: city_479.txt
obj: 908.0
bound: 891.0
gap: 0.018722466960352423
time: 7198.694936990738
preprocess_time: 1.310221
sepa_time: 0.0
node: 1211309
formulation: LEFP