instance: city_213.txt
obj: 32.0
bound: 18.846592580197186
gap: 0.4110439818675534
time: 1800.4865138530731
preprocess_time: 0.055128
node: 3491
algo: EFPD