instance: city_132.txt
obj: 255.0
bound: 247.0
gap: 0.03137254901960784
time: 3599.9527790546417
preprocess_time: 0.048635
sepa_time: 0.0
node: 1758402
formulation: LEFP