instance: city_138.txt
obj: 52.0
bound: 46.0
gap: 0.11538461538461539
time: 3599.9514451026917
preprocess_time: 0.050309
node: 444299
formulation: EFP