instance: city_479.txt
obj: 678.0
bound: 657.0
gap: 0.030973451327433628
time: 3599.670112848282
preprocess_time: 0.335345
sepa_time: 0.0
node: 509592
formulation: LEFPV2