instance: city_479.txt
obj: 81.0
bound: 67.23440406348428
gap: 0.1699456288456633
time: 1801.2717561721802
preprocess_time: 0.22815
node: 10125
algo: EVFPL