instance: city_628.txt
obj: 116.0
bound: 81.16621538341202
gap: 0.30029124669446505
time: 1801.176038980484
preprocess_time: 0.24789
node: 2842
algo: EFP