instance: city_213.txt
org_node: 143
org_edge: 213
org_min_len: 0.015105740181268883
org_avg_len: 0.2079769655191979
org_max_len: 1.0
dtf_node: 196
dtf_edge: 266
dtf_min_len: 0.0035036049955319837
dtf_avg_len: 0.16653794607364353
dtf_max_len: 1.0
sdb_node: 249
sdb_edge: 319
sdb_min_len: 0.0035036049955319837
sdb_avg_len: 0.13886863214918252
sdb_max_len: 0.20797675754223235
dlt: 0.2079769655191979
algo: None