instance: city_213.txt
obj: 78.0
bound: 57.95873566685301
gap: 0.2569392863220679
time: 1801.1126680374146
preprocess_time: 0.079146
node: 16395
algo: EFPLg