instance: city_276.txt
obj: 516.0
bound: 500.0
gap: 0.031007751937984496
time: 3599.94109082222
preprocess_time: 0.062468
sepa_time: 0.0
node: 459624
formulation: LEVFP