instance: city_771.txt
obj: 124.0
bound: 98.94356629875246
gap: 0.20206801371957528
time: 3604.9231588840485
preprocess_time: 0.255631
node: 29564
formulation: LEFP