instance: city_479.txt
obj: 908.0
bound: 890.0
gap: 0.019823788546255508
time: 3599.897279024124
preprocess_time: 0.109365
sepa_time: 0.0
node: 330661
formulation: LEVFP