instance: city_268.txt
obj: 114.0
bound: 110.45006035652418
gap: 0.03113982143397114
time: 3604.6269931793213
preprocess_time: 0.079948
node: 467819
formulation: LEFP