instance: city_268.txt
org_node: 195
org_edge: 268
org_min_len: 0.014553014553014554
org_avg_len: 0.17736680423247597
org_max_len: 1.0
dtf_node: 178
dtf_edge: 251
dtf_min_len: 0.004934105936016231
dtf_avg_len: 0.189379695355791
dtf_max_len: 2.047817047817048
sdb_node: 188
sdb_edge: 261
sdb_min_len: 0.004934105936016231
sdb_avg_len: 0.18212376833066496
sdb_max_len: 0.35473325373134346
dlt: 0.35473360846495194
formulation: None