instance: city_276.txt
obj: 40.0
bound: 32.0
gap: 0.2
time: 7198.751128911972
preprocess_time: 1.258595
sepa_time: 0.0
node: 131057
formulation: LEFP