instance: city_138.txt
obj: 52.0
bound: 42.73212974973859
gap: 0.1782282740431459
time: 1802.5660700798035
preprocess_time: 0.036878
node: 49213
formulation: LEVFP