instance: city_213.txt
obj: 30.0
bound: 19.70326996254349
gap: 0.3432243345807396
time: 1800.1511051654816
preprocess_time: 0.758801
node: 16576
algo: EFPV