instance: city_132.txt
obj: 255.0
bound: 251.0
gap: 0.01568627450980392
time: 7198.759495973587
preprocess_time: 1.241899
sepa_time: 0.0
node: 3074689
formulation: LEFP