instance: city_276.txt
obj: 104.0
bound: 90.0
gap: 0.1346153846153846
time: 3599.9268169403076
preprocess_time: 0.079351
node: 31986
formulation: LEVFP