instance: city_276.txt
obj: 516.0
bound: 501.0
gap: 0.029069767441860465
time: 7198.734935045242
preprocess_time: 1.268143
sepa_time: 0.0
node: 1234338
formulation: LEFP