instance: city_213.txt
obj: 29.0
bound: 22.0
gap: 0.2413793103448276
time: 7199.947520971298
preprocess_time: 0.058354
sepa_time: 0.0
node: 52848
formulation: LEVFP