instance: city_479.txt
obj: 83.0
bound: 71.85357163950658
gap: 0.1342943175961444
time: 3603.950842142105
preprocess_time: 0.092683
node: 45504
formulation: LEFPI