instance: city_771.txt
obj: 137.0
bound: 92.61051187380238
gap: 0.32401086223478265
time: 1779.29217004776
preprocess_time: 62.545768
node: 1624
algo: EFPV2