instance: city_265.txt
obj: 38.0
bound: 33.0
gap: 0.13157894736842105
time: 3599.948198080063
preprocess_time: 0.056285
node: 97621
formulation: LEFPV