instance: city_628.txt
obj: 92.0
bound: 84.0
gap: 0.08695652173913043
time: 7198.112510919571
preprocess_time: 1.916925
sepa_time: 0.0
node: 108327
formulation: LEFPA