instance: city_771.txt
obj: 116.99999955556314
bound: 98.0
gap: 0.1623931592114243
time: 3599.573238134384
preprocess_time: 0.439143
node: 25028
formulation: EFP