instance: city_771.txt
obj: 305.0
bound: 274.0
gap: 0.10163934426229508
time: 3599.4076750278473
preprocess_time: 0.608551
node: 108674
formulation: EFP