instance: city_268.txt
obj: 505.0
bound: 493.0
gap: 0.023762376237623763
time: 3599.9398698806763
preprocess_time: 0.062961
sepa_time: 8.0e-323
node: 881049
formulation: LEVFP