instance: city_213.txt
obj: 29.0
bound: 22.0
gap: 0.2413793103448276
time: 3599.9314160346985
preprocess_time: 0.070399
sepa_time: 0.0
node: 78171
formulation: LEFPI