instance: city_479.txt
obj: 82.0
bound: 71.84850978158474
gap: 0.12379866120003515
time: 3603.3178639411926
preprocess_time: 0.126194
node: 44663
formulation: LEFPI