instance: city_138.txt
obj: 20.0
bound: 18.0
gap: 0.1
time: 7198.89968919754
preprocess_time: 1.101063
sepa_time: 0.0
node: 562368
formulation: LEFPAI