instance: city_268.txt
obj: 41.0
bound: 29.759816776125806
gap: 0.2741508103377263
time: 1800.687119960785
preprocess_time: 0.112916
node: 2163
formulation: EFPD