instance: city_479.txt
obj: 685.0
bound: 171.81878157965605
gap: 0.7491696619274
time: 1800.1502048969269
preprocess_time: 0.836881
node: 19897
algo: EFPV