instance: city_265.txt
obj: 104.0
bound: 85.66934451102817
gap: 0.1762563027784058
time: 3602.4337849617004
preprocess_time: 0.07792
node: 57769
formulation: LEVFP