instance: city_138.txt
obj: 52.0
bound: 45.0
gap: 0.1346153846153846
time: 3599.9539930820465
preprocess_time: 0.048179
node: 523553
formulation: LEFPV