instance: city_213.txt
obj: 399.0
bound: 387.0
gap: 0.03007518796992481
time: 7198.9143850803375
preprocess_time: 1.087172
sepa_time: 0.0
node: 2196666
formulation: LEFP