instance: city_138.txt
obj: 259.0
bound: 255.0
gap: 0.015444015444015444
time: 3598.685047149658
preprocess_time: 1.316827
sepa_time: 0.0
node: 1565129
formulation: LEFPV2