instance: city_628.txt
obj: 1181.0
bound: 1148.0
gap: 0.0279424216765453
time: 7198.965474843979
preprocess_time: 1.041792
sepa_time: 0.0
node: 840308
formulation: LEFPV2