instance: city_265.txt
obj: 495.0
bound: 483.0
gap: 0.024242424242424242
time: 7198.742406845093
preprocess_time: 1.260631
sepa_time: 0.0
node: 1796340
formulation: LEFP