instance: city_132.txt
obj: 255.0
bound: 251.0
gap: 0.01568627450980392
time: 7198.759335041046
preprocess_time: 1.241324
sepa_time: 0.0
node: 3072299
formulation: LEFPI