instance: city_628.txt
obj: 95.99999970372753
bound: 84.0
gap: 0.12499999729959983
time: 3599.853700876236
preprocess_time: 0.151402
sepa_time: 0.0
node: 17648
formulation: LEFPV