instance: city_771.txt
obj: 116.0
bound: 98.0
gap: 0.15517241379310345
time: 3599.600571155548
preprocess_time: 0.407669
node: 25283
formulation: LEFP