instance: city_132.txt
obj: 255.0
bound: 252.0
gap: 0.011764705882352941
time: 7198.32049202919
preprocess_time: 1.681257
sepa_time: 1.3842199804212e13
node: 2802032
formulation: LEFPAV