instance: city_628.txt
obj: 144.0
bound: 137.8602214825918
gap: 0.042637350815305036
time: 3601.5417490005493
preprocess_time: 0.148623
node: 10607
formulation: LEFPD