instance: city_265.txt
obj: 155.0000000000001
bound: 154.0000002043227
gap: 0.006451611585011388
time: 37.30347013473511
preprocess_time: 0.088521
node: 2644
formulation: LEFPD