instance: city_479.txt
obj: 88.0
bound: 67.33332659662723
gap: 0.2348485614016964
time: 1800.488212108612
preprocess_time: 0.239669
node: 5402
algo: EFP