instance: city_479.txt
obj: 78.0
bound: 70.0
gap: 0.10256410256410256
time: 3599.892622947693
preprocess_time: 0.118354
node: 56363
formulation: LEFPV