instance: city_628.txt
obj: 373.0
bound: 203.0941324341631
gap: 0.45551170929166585
time: 1800.286339044571
preprocess_time: 0.340096
node: 647
algo: EVFP0