instance: city_132.txt
obj: 22.0
bound: 20.000000000000007
gap: 0.09090909090909059
time: 3599.9544610977173
preprocess_time: 0.046897
node: 498523
formulation: LEFP