instance: city_479.txt
obj: 678.0
bound: 661.0
gap: 0.025073746312684365
time: 3599.671038866043
preprocess_time: 0.335293
sepa_time: 2.0e-323
node: 270961
formulation: LEVFP