instance: city_771.txt
obj: 152.99999966106031
bound: 91.34839661321436
gap: 0.40295165479988215
time: 1799.937912940979
preprocess_time: 0.280586
node: 920
algo: EFPD