instance: city_268.txt
obj: 105.0
bound: 86.98147247570073
gap: 0.171605024040782
time: 1802.307030916214
preprocess_time: 0.16914
node: 25715
algo: EVFPL