instance: city_771.txt
obj: 1459.0
bound: 1429.0
gap: 0.0205620287868403
time: 7198.497530937195
preprocess_time: 1.510371
sepa_time: 0.0
node: 984081
formulation: LEFPV