instance: city_771.txt
obj: 419.9999997922495
bound: 256.3537575865273
gap: 0.38963391020626165
time: 1800.2258079051971
preprocess_time: 0.535906
node: 467
formulation: EVFP