instance: city_138.txt
obj: 21.0
bound: 15.606322320956195
gap: 0.25684179423895814
time: 1802.1172528266907
preprocess_time: 0.060832
node: 77179
algo: EFP0