instance: city_213.txt
obj: 398.0
bound: 387.0
gap: 0.02763819095477387
time: 7198.7400670051575
preprocess_time: 1.262628
sepa_time: 1.3842199804213035e13
node: 2062044
formulation: LEFPV2