instance: city_276.txt
obj: 277.0
bound: 83.11497641895379
gap: 0.6999459335053293
time: 1800.2266881465912
preprocess_time: 0.090509
node: 2302
algo: EFPD