instance: city_276.txt
obj: 40.0
bound: 32.0
gap: 0.2
time: 3599.9291319847107
preprocess_time: 0.079331
sepa_time: 0.0
node: 36237
formulation: LEFPV2