instance: city_276.txt
obj: 41.0
bound: 32.0
gap: 0.21951219512195122
time: 7198.344732999802
preprocess_time: 1.656953
sepa_time: 0.0
node: 67418
formulation: LEFPAI