instance: city_138.txt
obj: 20.0
bound: 15.55810197066363
gap: 0.22209490146570804
time: 1800.978775024414
preprocess_time: 0.050283
node: 14875
formulation: EFPD