instance: city_771.txt
obj: 124.0
bound: 91.61588664956632
gap: 0.2611622044387707
time: 3601.3403770923615
preprocess_time: 0.130505
node: 8583
formulation: LEVFP