instance: city_213.txt
obj: 398.0
bound: 385.0
gap: 0.032663316582914576
time: 3599.9376180171967
preprocess_time: 0.065171
sepa_time: 0.0
node: 910819
formulation: LEFP