instance: city_265.txt
obj: 43.0
bound: 28.44710364555561
gap: 0.3384394501025708
time: 1800.2256281375885
preprocess_time: 0.153602
node: 5220
algo: EFPD