instance: city_628.txt
obj: 1181.0
bound: 1147.0
gap: 0.028789161727349702
time: 3599.635985851288
preprocess_time: 0.371407
sepa_time: 1.0e-323
node: 328892
formulation: LEVFP