instance: city_771.txt
org_node: 592
org_edge: 771
org_min_len: 0.009111617312072893
org_avg_len: 0.19670043637674384
org_max_len: 1.0
dtf_node: 629
dtf_edge: 808
dtf_min_len: 0.003216739625342274
dtf_avg_len: 0.18769311441394704
dtf_max_len: 1.8109339407744875
sdb_node: 3227
sdb_edge: 3406
sdb_min_len: 0.015945330296127564
sdb_avg_len: 0.04452614105885747
sdb_max_len: 0.0491376505043931
dlt: 0.04917510909418596
formulation: None