instance: city_265.txt
obj: 495.0
bound: 481.0
gap: 0.028282828282828285
time: 3599.9298179149628
preprocess_time: 0.071331
sepa_time: 0.0
node: 1309192
formulation: LEFPI