instance: city_628.txt
obj: 277.0
bound: 261.3232738633582
gap: 0.05659467919363219
time: 3604.9712250232697
preprocess_time: 0.168633
node: 144523
formulation: LEFPI