instance: city_268.txt
obj: 114.0
bound: 110.0
gap: 0.03508771929821484
time: 3606.273555994034
preprocess_time: 0.080203
node: 271550
formulation: LEFPD