instance: city_265.txt
obj: 38.0
bound: 33.0
gap: 0.13157894736842105
time: 7198.747299909592
preprocess_time: 1.259692
sepa_time: 0.0
node: 242165
formulation: LEFP