instance: city_268.txt
obj: 117.0
bound: 117.0
gap: 0.0
time: 0.08565616607666016
preprocess_time: 0.133296
node: 0
algo: SFD