instance: city_479.txt
obj: 78.0
bound: 70.0
gap: 0.10256410256410256
time: 3599.913332939148
preprocess_time: 0.089057
sepa_time: 0.0
node: 53051
formulation: LEFPI