instance: city_268.txt
obj: 39.0
bound: 32.0
gap: 0.1794871794871795
time: 3599.9241218566895
preprocess_time: 0.077791
node: 23299
formulation: LEFPD