instance: city_628.txt
obj: 262.0
bound: 214.1322478193439
gap: 0.1827013442009078
time: 1800.846510887146
preprocess_time: 0.18457
node: 6516
formulation: LEVFP