instance: city_213.txt
obj: 399.0
bound: 384.0
gap: 0.03759398496240601
time: 3599.9389531612396
preprocess_time: 0.064761
sepa_time: 0.0
node: 929968
formulation: LEFPV