instance: city_138.txt
obj: 20.0
bound: 15.87734541991426
gap: 0.20613272900325635
time: 3604.151867866516
preprocess_time: 0.064089
node: 234486
formulation: LEFPI