instance: city_213.txt
obj: 89.00000187213868
bound: 54.56629941189304
gap: 0.3868955251223019
time: 1800.5396690368652
preprocess_time: 0.083925
node: 8067
algo: EVFPV