instance: city_628.txt
obj: 271.0000000000001
bound: 76.44439247548598
gap: 0.7179173709389014
time: 1800.459806919098
preprocess_time: 0.125109
node: 641
formulation: EFPD