instance: city_268.txt
obj: 510.0
bound: 478.0
gap: 0.06274509803921569
time: 3599.357761859894
preprocess_time: 0.698679
sepa_time: 0.0
node: 10415
formulation: EVFP