instance: city_628.txt
obj: 252.0
bound: 230.0
gap: 0.0873015873015873
time: 3599.709739923477
preprocess_time: 0.343016
sepa_time: 0.0
node: 16426
formulation: EVFP