instance: city_132.txt
obj: 22.0
bound: 21.0
gap: 0.045454545454545456
time: 7199.002082109451
preprocess_time: 0.999104
sepa_time: 0.0
node: 824163
formulation: LEFPI