instance: city_138.txt
obj: 54.0
bound: 43.324494720397134
gap: 0.19769454221450178
time: 3605.610118865967
preprocess_time: 0.064197
node: 134828
formulation: LEVFP