instance: city_268.txt
obj: 127.0
bound: 81.29937888669
gap: 0.3598474103407403
time: 1800.3853540420532
preprocess_time: 0.16111
node: 4252
algo: EVFPV