instance: city_628.txt
obj: 105.0
bound: 79.2526268924519
gap: 0.24521307721451027
time: 1710.3955211639404
preprocess_time: 91.446053
node: 2116
algo: EFPV2