instance: city_265.txt
obj: 53.0
bound: 52.000000000000036
gap: 0.018867924528265616
time: 806.111820936203
preprocess_time: 0.076808
node: 2194
formulation: LEFPD