instance: city_628.txt
obj: 99.0
bound: 87.0
gap: 0.12121212121212122
time: 7198.112922906876
preprocess_time: 1.894043
sepa_time: 0.0
node: 12517
formulation: LEFPAD