instance: city_628.txt
obj: 291.9999980000103
bound: 215.16608199751167
gap: 0.2631298511257853
time: 3603.2516660690308
preprocess_time: 0.499619
node: 60020
formulation: EFP