instance: city_479.txt
obj: 78.0
bound: 72.0
gap: 0.07692307692307693
time: 3599.057193994522
preprocess_time: 0.951977
sepa_time: 0.0
node: 67827
formulation: LEFPV2