instance: city_276.txt
obj: 515.0
bound: 501.0
gap: 0.027184466019417475
time: 7198.611164808273
preprocess_time: 1.390353
sepa_time: 0.0
node: 1342467
formulation: LEFPI