instance: city_628.txt
obj: 96.0
bound: 87.0
gap: 0.09375
time: 7199.924386024475
preprocess_time: 0.110932
sepa_time: 1.393e-321
node: 17738
formulation: LEVFP