instance: city_138.txt
obj: 20.0
bound: 15.874131944444443
gap: 0.2062934027767464
time: 3604.4986939430237
preprocess_time: 0.063053
node: 233060
formulation: LEFPI