instance: city_268.txt
obj: 39.0
bound: 33.0
gap: 0.15384615384615385
time: 3598.657521009445
preprocess_time: 1.348333
sepa_time: 0.0
node: 67661
formulation: LEFP