instance: city_771.txt
obj: 129.0
bound: 90.81097525139711
gap: 0.2960389515393278
time: 1800.3203978538513
preprocess_time: 0.281198
node: 3335
algo: EVFP