instance: city_268.txt
obj: 105.0
bound: 86.85986545999215
gap: 0.17276318609514832
time: 1801.5602459907532
preprocess_time: 0.612041
node: 28276
algo: EFPV