instance: city_276.txt
obj: 525.0
bound: 503.0
gap: 0.0419047619047619
time: 3599.9308450222015
preprocess_time: 0.072709
sepa_time: 0.0
node: 216109
formulation: LEFPD