instance: city_213.txt
obj: 402.0
bound: 392.0
gap: 0.024875621890547265
time: 3599.937278032303
preprocess_time: 0.066354
sepa_time: 0.0
node: 216388
formulation: LEFPD