instance: city_276.txt
obj: 40.0
bound: 32.0
gap: 0.2
time: 7198.679738998413
preprocess_time: 1.329228
sepa_time: 0.0
node: 131561
formulation: LEFP