instance: city_138.txt
obj: 260.0
bound: 255.0
gap: 0.019230769230769232
time: 7198.677500963211
preprocess_time: 1.323377
sepa_time: 0.0
node: 3713359
formulation: LEFPAI