instance: city_213.txt
obj: 29.0
bound: 18.546820697654017
gap: 0.3604544587003427
time: 1801.224975824356
preprocess_time: 0.053954
node: 22660
formulation: EFP