instance: city_276.txt
obj: 105.0
bound: 81.74180096803734
gap: 0.22150665744705247
time: 1801.8188471794128
preprocess_time: 0.11657
node: 14313
algo: EVFPL