instance: city_268.txt
obj: 0.0
bound: 0.0
gap: 0.0
time: 1.1536548137664795
preprocess_time: 0.124188
node: 0
algo: EVFP