instance: city_132.txt
obj: 255.0
bound: 250.0
gap: 0.0196078431372549
time: 7198.76625418663
preprocess_time: 1.235265
sepa_time: 0.0
node: 3574608
formulation: LEFP