instance: city_628.txt
obj: 270.0
bound: 212.92599430792055
gap: 0.21138520626688265
time: 1800.473354101181
preprocess_time: 0.832357
node: 21053
algo: EFPV