instance: city_213.txt
obj: 28.0
bound: 23.0
gap: 0.17857142857142858
time: 7199.954568147659
preprocess_time: 0.048016
sepa_time: 0.0
node: 185948
formulation: EFP