instance: city_276.txt
obj: 106.0
bound: 82.85989530978428
gap: 0.21830287443579144
time: 1805.9173028469086
preprocess_time: 0.105701
node: 30328
algo: RF