instance: city_213.txt
obj: 29.0
bound: 22.0
gap: 0.2413793103448276
time: 7198.742136001587
preprocess_time: 1.262308
sepa_time: 0.0
node: 172749
formulation: LEFPV