instance: city_265.txt
obj: 115.00000000000024
bound: 83.46065984260464
gap: 0.27425513180320094
time: 1846.2319180965424
preprocess_time: 0.451667
node: 16791
algo: EFPV