instance: city_138.txt
obj: 20.0
bound: 18.0
gap: 0.1
time: 3599.94087600708
preprocess_time: 0.062305
sepa_time: 1.5e-323
node: 102404
formulation: EVFP