instance: city_138.txt
obj: 20.0
bound: 18.0
gap: 0.1
time: 3599.9392850399017
preprocess_time: 0.063873
sepa_time: 0.0
node: 252105
formulation: LEFPV