instance: city_628.txt
obj: 582.0
bound: 83.28568831535041
gap: 0.8568974427569827
time: 3609.145550966263
preprocess_time: 0.149662
node: 123907
formulation: LEFPDB