instance: city_268.txt
obj: 505.0
bound: 492.0
gap: 0.02574257425742574
time: 7198.675889015198
preprocess_time: 1.326681
sepa_time: 0.0
node: 2163173
formulation: LEFPA