instance: city_268.txt
obj: 104.0
bound: 92.0
gap: 0.11538461538461539
time: 3599.9293417930603
preprocess_time: 0.0778
node: 57752
formulation: LEVFP