instance: city_265.txt
obj: 38.0
bound: 34.0
gap: 0.10526315789473684
time: 7198.963787078857
preprocess_time: 1.040047
sepa_time: 3.6398304967530756e14
node: 152258
formulation: LEFPAV