instance: city_479.txt
obj: 83.0
bound: 68.64613710549344
gap: 0.1729381071625213
time: 1853.259784936905
preprocess_time: 1.539043
node: 4381
algo: EFPV