instance: city_265.txt
obj: 495.0
bound: 483.0
gap: 0.024242424242424242
time: 7198.709573984146
preprocess_time: 1.298203
sepa_time: 0.0
node: 1772439
formulation: LEFP