instance: city_265.txt
obj: 38.0
bound: 34.0
gap: 0.10526315789473684
time: 3599.927132844925
preprocess_time: 0.076808
sepa_time: 0.0
node: 21828
formulation: EVFP