instance: city_268.txt
obj: 505.0
bound: 487.0
gap: 0.03564356435643564
time: 7198.658788919449
preprocess_time: 1.344372
sepa_time: 0.0
node: 400439
formulation: LEFPAD