instance: city_268.txt
obj: 504.0
bound: 490.0
gap: 0.027777777777777776
time: 3599.9303710460663
preprocess_time: 0.073425
sepa_time: 0.0
node: 1108597
formulation: LEFP