instance: city_132.txt
obj: 55.0
bound: 50.5527290895072
gap: 0.08085947109972202
time: 1805.7996258735657
preprocess_time: 0.118948
node: 143440
algo: RF