instance: city_479.txt
obj: 70.0
bound: 66.0
gap: 0.05714285714285714
time: 7198.123127937317
preprocess_time: 1.886723
sepa_time: 2.2593735517565384e14
node: 249700
formulation: LEFPAV