instance: city_213.txt
obj: 29.0
bound: 20.784771643184094
gap: 0.283283736440951
time: 3603.589895963669
preprocess_time: 0.068196
node: 56753
formulation: LEFPD