instance: city_771.txt
obj: 1117.0
bound: 267.46045065708347
gap: 0.7605546547384426
time: 1781.5889341831207
preprocess_time: 19.140608
node: 5478
algo: EFPV2