instance: city_771.txt
obj: 116.0
bound: 98.0
gap: 0.15517241379310345
time: 3599.7544870376587
preprocess_time: 0.257334
sepa_time: 0.0
node: 26843
formulation: LEFPI