instance: city_479.txt
obj: 78.0
bound: 74.0
gap: 0.05128205128205128
time: 3599.9243099689484
preprocess_time: 0.077871
sepa_time: 0.0
node: 17719
formulation: LEVFP