instance: city_628.txt
obj: 876.0
bound: 848.0
gap: 0.0319634703196347
time: 3599.6273188591003
preprocess_time: 0.38099
sepa_time: 1.0e-323
node: 218397
formulation: LEVFP