instance: city_265.txt
obj: 42.0
bound: 30.027676964106508
gap: 0.28505531037773774
time: 1801.085886001587
preprocess_time: 0.089735
node: 16676
algo: EFP