instance: city_628.txt
obj: 122.0
bound: 81.34243530451546
gap: 0.3332587270118952
time: 1839.8469619750977
preprocess_time: 2.417602
node: 2186
algo: EFPV