instance: city_265.txt
obj: 367.0
bound: 351.0
gap: 0.043596730245231606
time: 3599.9305288791656
preprocess_time: 0.072812
sepa_time: 0.0
node: 635780
formulation: LEFP