instance: city_132.txt
obj: 66.0
bound: 65.0
gap: 0.015151515151492195
time: 0.03503894805908203
preprocess_time: 0.082495
node: 0
algo: SFD