instance: city_138.txt
obj: 60.0
bound: 60.0
gap: 0.0
time: 0.038388967514038086
preprocess_time: 0.109589
node: 0
algo: SFD