instance: city_771.txt
obj: 122.0
bound: 92.31995990373748
gap: 0.24327901718228023
time: 1800.5028550624847
preprocess_time: 0.27996
node: 6054
algo: EFP0