instance: city_628.txt
obj: 97.0
bound: 87.0
gap: 0.10309278350515463
time: 3600.093419075012
preprocess_time: 0.160604
sepa_time: 6.93624354605074e-310
node: 10204
formulation: EVFP