instance: city_265.txt
obj: 104.0
bound: 84.25346896178881
gap: 0.1898704907518481
time: 1801.2081878185272
preprocess_time: 0.123188
node: 39682
algo: EFP