instance: city_213.txt
obj: 80.0
bound: 60.18059902517473
gap: 0.2477425121850062
time: 1801.1747269630432
preprocess_time: 0.51906
node: 40905
formulation: EFPV