instance: city_132.txt
obj: 22.0
bound: 18.012824925986816
gap: 0.1812352306361391
time: 1801.9704370498657
preprocess_time: 0.049339
node: 68709
algo: EVFPL