instance: city_628.txt
org_node: 465
org_edge: 628
org_min_len: 0.01059322033898305
org_avg_len: 0.1942202850048581
org_max_len: 1.0
dtf_node: 557
dtf_edge: 720
dtf_min_len: 0.0006951634527150585
dtf_avg_len: 0.16940324858757036
dtf_max_len: 1.593220338983051
sdb_node: 756
sdb_edge: 919
sdb_min_len: 0.0006951634527150585
sdb_avg_len: 0.13272071706534327
sdb_max_len: 0.19422009078457309
dlt: 0.1942202850048581
algo: None