instance: city_213.txt
obj: 399.0
bound: 382.0
gap: 0.042606516290726815
time: 7198.7458028793335
preprocess_time: 1.257982
sepa_time: 0.0
node: 375622
formulation: LEFPD