instance: city_265.txt
obj: 37.0
bound: 34.0
gap: 0.08108108108108109
time: 7199.957737207413
preprocess_time: 0.046488
sepa_time: 2.0e-323
node: 49561
formulation: LEVFP