instance: city_132.txt
obj: 59.0
bound: 52.554790036122355
gap: 0.10924084684519865
time: 1802.7173449993134
preprocess_time: 0.096184
node: 216591
algo: F0