instance: city_138.txt
obj: 0.0
bound: 0.0
gap: 0.0
time: 0.3543391227722168
preprocess_time: 0.041568
node: 0
algo: EVFP