instance: city_138.txt
obj: 259.0000000000001
bound: 254.0
gap: 0.019305019305019735
time: 3599.94043302536
preprocess_time: 0.060283
sepa_time: 0.0
node: 1959964
formulation: LEFPI