instance: city_265.txt
obj: 496.0
bound: 483.0
gap: 0.02620967741935484
time: 3599.933182001114
preprocess_time: 0.071071
sepa_time: 0.0
node: 1118786
formulation: LEFP