instance: city_628.txt
obj: 1181.0
bound: 1148.0
gap: 0.0279424216765453
time: 3598.5748410224915
preprocess_time: 1.431764
sepa_time: 0.0
node: 409686
formulation: LEFPV