instance: city_276.txt
obj: 187.0
bound: 187.0
gap: 0.0
time: 0.30814099311828613
preprocess_time: 1.339409
sepa_time: 0.0
node: 9
formulation: LEFPAI