instance: city_213.txt
obj: 29.0
bound: 22.0
gap: 0.2413793103448276
time: 3599.7029910087585
preprocess_time: 0.30147
sepa_time: 0.0
node: 97060
formulation: EFP