instance: city_276.txt
obj: 42.0
bound: 26.310070687630407
gap: 0.3735697455317199
time: 1800.8473238945007
preprocess_time: 0.092598
node: 14903
algo: SF