instance: city_628.txt
obj: 103.0
bound: 81.32034381326541
gap: 0.21048209890013148
time: 1800.2768127918243
preprocess_time: 0.089338
node: 2709
algo: EFPLg