instance: city_479.txt
obj: 929.0
bound: 911.0
gap: 0.0193756727664155
time: 3599.9261000156403
preprocess_time: 0.07872
sepa_time: 0.0
node: 224545
formulation: LEFPD