instance: city_265.txt
obj: 38.0
bound: 33.0
gap: 0.13157894736842105
time: 3599.949779987335
preprocess_time: 0.055745
node: 90492
formulation: LEFP