instance: city_213.txt
obj: 80.0
bound: 60.8286459882669
gap: 0.2396419251463642
time: 1796.9451050758362
preprocess_time: 4.216582
node: 21585
formulation: EFPV2