instance: city_138.txt
obj: 21.0
bound: 16.49355733024453
gap: 0.2145925080825719
time: 3611.4942779541016
preprocess_time: 0.062797
node: 294896
formulation: LEFP