instance: city_276.txt
obj: 104.0
bound: 89.0
gap: 0.14423076923076922
time: 3599.925867795944
preprocess_time: 0.081131
node: 158435
formulation: LEFP