instance: city_265.txt
obj: 39.0
bound: 33.0
gap: 0.15384615384615385
time: 3599.945225954056
preprocess_time: 0.056472
node: 27804
formulation: LEFPD