instance: city_132.txt
obj: 21.0
bound: 20.000002331401
gap: 0.04761893659995241
time: 2251.328640937805
preprocess_time: 1.436423
sepa_time: 0.0
node: 238447
formulation: LEFPA