instance: city_771.txt
obj: 124.0
bound: 93.96365395278421
gap: 0.2422285971547707
time: 1798.4005949497223
preprocess_time: 2.147168
node: 2332
algo: EFPV