instance: city_268.txt
obj: 43.0
bound: 27.928782559328077
gap: 0.3504934288520203
time: 1800.6304857730865
preprocess_time: 0.065853
node: 9010
algo: EVFPL