instance: city_479.txt
obj: 932.0
bound: 914.0
gap: 0.019313304721030045
time: 3598.6494240760803
preprocess_time: 1.356443
sepa_time: 0.0
node: 225941
formulation: LEFPD