instance: city_276.txt
obj: 36.0
bound: 31.0
gap: 0.1388888888888889
time: 7198.681679964066
preprocess_time: 1.327512
sepa_time: 4.0081401240179675e14
node: 128278
formulation: LEFPAV