instance: city_213.txt
obj: 291.0
bound: 280.0
gap: 0.037800687285223365
time: 3599.938628911972
preprocess_time: 0.064718
sepa_time: 6.9319467634763e-310
node: 440960
formulation: LEVFP