instance: city_132.txt
obj: 189.0
bound: 182.0
gap: 0.037037037037037035
time: 3599.683478116989
preprocess_time: 0.324447
sepa_time: 0.0
node: 73934
formulation: EVFP