instance: city_138.txt
obj: 20.0
bound: 18.0
gap: 0.1
time: 3599.937227010727
preprocess_time: 0.063426
sepa_time: 0.0
node: 267717
formulation: LEFPI