instance: city_132.txt
obj: 255.0
bound: 248.0
gap: 0.027450980392156862
time: 3599.9520211219788
preprocess_time: 0.048615
sepa_time: 0.0
node: 1707009
formulation: LEFPI