instance: city_138.txt
obj: 53.0
bound: 42.99999999999999
gap: 0.188679245282663
time: 1801.0232801437378
preprocess_time: 0.059769
node: 35838
formulation: EFP