instance: city_276.txt
obj: 72.0000013839147
bound: 39.183051959966306
gap: 0.4557909554600973
time: 3602.798777103424
preprocess_time: 0.060145
node: 115287
formulation: LEFPDB