instance: city_771.txt
obj: 126.0
bound: 91.03863624629867
gap: 0.27747114090217134
time: 1800.4304521083832
preprocess_time: 0.280287
node: 3558
algo: EVFPL