instance: city_628.txt
obj: 97.0
bound: 84.0
gap: 0.13402061855670103
time: 7198.662215948105
preprocess_time: 1.362733
sepa_time: 0.0
node: 96745
formulation: LEFP