instance: city_628.txt
obj: 0.0
bound: 0.0
gap: 0.0
time: 3.541673183441162
preprocess_time: 0.150367
node: 0
algo: EVFP0