instance: city_479.txt
obj: 78.0
bound: 72.0
gap: 0.07692307692307693
time: 3598.641329050064
preprocess_time: 1.368435
sepa_time: 0.0
node: 63316
formulation: LEFP