instance: city_479.txt
obj: 80.0
bound: 69.97097794172805
gap: 0.12536277572824264
time: 3603.6806790828705
preprocess_time: 0.087703
node: 20532
formulation: LEVFP