instance: city_213.txt
obj: 29.0
bound: 22.0
gap: 0.2413793103448276
time: 3599.9497950077057
preprocess_time: 0.053074
node: 81773
formulation: LEFP