instance: city_268.txt
obj: 54.0
bound: 54.0
gap: 0.0
time: 418.4966721534729
preprocess_time: 0.059381
node: 1928
formulation: LEFPD