instance: city_265.txt
obj: 46.000000000000355
bound: 30.836765342717044
gap: 0.32963553602717893
time: 1800.5974810123444
preprocess_time: 0.074988
node: 3262
algo: EFPD