instance: city_268.txt
obj: 40.0
bound: 32.0
gap: 0.2
time: 7198.333195924759
preprocess_time: 1.676727
sepa_time: 0.0
node: 55234
formulation: LEFPAD