instance: city_276.txt
obj: 1.0
bound: 0.0
gap: 0.9999999999
time: 6.21407413482666
preprocess_time: 0.122714
node: 290
algo: EVFPV