instance: city_138.txt
obj: 54.0
bound: 42.90821893961368
gap: 0.2054033529697366
time: 1798.9490780830383
preprocess_time: 2.812754
node: 50903
algo: EFPV2