instance: city_771.txt
obj: 119.0
bound: 94.19901133903403
gap: 0.20841166941970696
time: 1799.001951932907
preprocess_time: 2.11697
node: 10462
algo: EFPV