instance: city_132.txt
obj: 60.0
bound: 55.0
gap: 0.08333333333333333
time: 3599.9554171562195
preprocess_time: 0.046813
node: 304464
formulation: LEFPD