instance: city_771.txt
obj: 1463.0
bound: 1431.0
gap: 0.021872863978127138
time: 7198.8466210365295
preprocess_time: 1.158462
sepa_time: 1.3842199804212123e13
node: 1167812
formulation: LEFPAV