instance: city_268.txt
org_node: 195
org_edge: 268
org_min_len: 0.014553014553014554
org_avg_len: 0.17736680423247597
org_max_len: 1.0
dtf_node: 181
dtf_edge: 254
dtf_min_len: 0.0013963890216278085
dtf_avg_len: 0.1871429273004076
dtf_max_len: 2.047817047817048
sdb_node: 1108
sdb_edge: 1181
sdb_min_len: 0.018711018711018712
sdb_avg_len: 0.04024919858958797
sdb_max_len: 0.04417879417879418
dlt: 0.04434170105811899
formulation: None