instance: city_276.txt
obj: 40.0
bound: 32.0
gap: 0.2
time: 3598.676383972168
preprocess_time: 1.32953
sepa_time: 0.0
node: 45789
formulation: LEFPV