instance: city_213.txt
obj: 30.0
bound: 18.231919925457984
gap: 0.39226933581675966
time: 1801.340441942215
preprocess_time: 0.059612
node: 21001
formulation: EFPI