instance: city_628.txt
obj: 250.0
bound: 224.0
gap: 0.104
time: 3599.620351076126
preprocess_time: 0.390791
node: 85995
formulation: LEFP