instance: city_138.txt
obj: 52.0
bound: 46.0
gap: 0.11538461538461539
time: 3599.9520950317383
preprocess_time: 0.049149
node: 435405
formulation: LEFPI