instance: city_276.txt
obj: 36.0
bound: 31.0
gap: 0.1388888888888889
time: 7198.218899965286
preprocess_time: 1.787525
sepa_time: 4.23931950550015e14
node: 132141
formulation: LEFPAV