instance: city_628.txt
obj: 1192.0
bound: 1041.0
gap: 0.1266778523489933
time: 7197.504292964935
preprocess_time: 2.527221
sepa_time: 0.0
node: 70430
formulation: EFP