instance: city_268.txt
obj: 108.0
bound: 88.92050037816449
gap: 0.1766620335353504
time: 1795.117182970047
preprocess_time: 7.073884
node: 29162
algo: EFPV2