instance: city_276.txt
obj: 523.0
bound: 479.0
gap: 0.0841300191204589
time: 3599.4661889076233
preprocess_time: 0.560149
sepa_time: 2.8e-322
node: 11014
formulation: EVFP