instance: city_479.txt
obj: 444.0
bound: 444.0
gap: 0.0
time: 0.8506190776824951
preprocess_time: 1.465362
sepa_time: 1.3863326838535404e13
node: 1
formulation: LEFPAV