instance: city_138.txt
obj: 20.0
bound: 18.0
gap: 0.1
time: 7199.950615167618
preprocess_time: 0.052047
sepa_time: 0.0
node: 518314
formulation: EFP