instance: city_479.txt
obj: 192.0
bound: 178.0
gap: 0.07291666666666667
time: 3599.6598019599915
preprocess_time: 0.348586
node: 197273
formulation: LEFP