instance: city_132.txt
obj: 22.0
bound: 18.368462126144255
gap: 0.165069903356329
time: 1849.6083929538727
preprocess_time: 4.765068
node: 50673
algo: EFPV2