instance: city_138.txt
obj: 55.0
bound: 51.5627993102064
gap: 0.062494557996133626
time: 3606.6239478588104
preprocess_time: 0.066995
node: 746541
formulation: LEFPI