instance: city_276.txt
obj: 187.0
bound: 187.0
gap: 0.0
time: 0.9160590171813965
preprocess_time: 1.774978
sepa_time: 1.3896937882499283e13
node: 226
formulation: LEFPAV