instance: city_265.txt
obj: 106.0
bound: 85.66905629504035
gap: 0.19180135570698556
time: 3603.278251886368
preprocess_time: 0.077233
node: 57479
formulation: LEVFP