instance: city_265.txt
obj: 115.99999988846335
bound: 78.44341882798372
gap: 0.32376363014274795
time: 1800.354176044464
preprocess_time: 0.11567
node: 16002
algo: EVFPV