instance: city_132.txt
obj: 22.0
bound: 18.421102994845498
gap: 0.1626771365971925
time: 1797.7304620742798
preprocess_time: 4.827475
node: 164522
algo: EFPV2