instance: city_628.txt
obj: 535.0
bound: 211.32554024418147
gap: 0.6049989901976786
time: 1801.2531270980835
preprocess_time: 0.3149
node: 4997
formulation: EFPI