instance: city_628.txt
obj: 1199.0
bound: 1026.0
gap: 0.14428690575479566
time: 3597.3426859378815
preprocess_time: 2.679548
sepa_time: 0.0
node: 28638
formulation: EFP