instance: city_268.txt
obj: 44.00000000000253
bound: 29.342553110782358
gap: 0.3331237929360458
time: 3603.6017968654633
preprocess_time: 0.076033
node: 144014
formulation: LEFPDB