instance: city_265.txt
obj: 0.0
bound: 0.0
gap: 0.0
time: 0.9490420818328857
preprocess_time: 0.053381
node: 0
algo: EVFP0