instance: city_628.txt
obj: 263.0
bound: 215.6062691856868
gap: 0.18020429967412613
time: 1800.9924697875977
preprocess_time: 1.532151
node: 12706
algo: EFPV