instance: city_771.txt
obj: 119.0
bound: 93.45043423059207
gap: 0.21470223335618877
time: 1733.331372976303
preprocess_time: 68.422677
node: 5009
formulation: EFPV2