instance: city_138.txt
obj: 20.0
bound: 15.568883171925961
gap: 0.22155584140259418
time: 1802.334580898285
preprocess_time: 0.050895
node: 76010
formulation: EFPI