instance: city_628.txt
obj: 0.0
bound: 0.0
gap: 0.0
time: 3.9324679374694824
preprocess_time: 0.206393
node: 91
algo: EVFP0