instance: city_268.txt
obj: 41.0
bound: 29.600809763995123
gap: 0.2780290301457823
time: 1800.6524600982666
preprocess_time: 0.892646
node: 22865
formulation: EFPV