instance: city_138.txt
obj: 21.0
bound: 16.475460828090196
gap: 0.2154542462803933
time: 3619.073032140732
preprocess_time: 0.063076
node: 281177
formulation: EFP