instance: city_628.txt
obj: 1181.0
bound: 1148.0
gap: 0.0279424216765453
time: 3598.5854818820953
preprocess_time: 1.422247
sepa_time: 0.0
node: 386545
formulation: LEFPV2