instance: city_628.txt
obj: 1205.0
bound: 1038.0
gap: 0.13858921161825727
time: 7197.5462038517
preprocess_time: 2.487423
sepa_time: 0.0
node: 195655
formulation: EFP