instance: city_138.txt
obj: 264.0
bound: 262.0
gap: 0.007575757575757576
time: 7198.683151006699
preprocess_time: 1.31888
sepa_time: 0.0
node: 703879
formulation: LEFPD