instance: city_132.txt
obj: 56.0
bound: 49.32682251860033
gap: 0.11916388359620987
time: 1803.5929930210114
preprocess_time: 0.919038
node: 239775
algo: EFPV2