instance: city_138.txt
obj: 20.0
bound: 18.0
gap: 0.1
time: 3599.9536831378937
preprocess_time: 0.047557
node: 318610
formulation: LEFPI