instance: city_628.txt
obj: 12.0
bound: 11.0
gap: 0.08333333333263888
time: 46.152554988861084
preprocess_time: 0.363116
node: 1077
algo: EVFPV