instance: city_138.txt
obj: 20.0
bound: 18.0
gap: 0.1
time: 3598.7340939044952
preprocess_time: 1.268832
sepa_time: 0.0
node: 303631
formulation: LEFP