instance: city_132.txt
obj: 63.0
bound: 61.999999999999986
gap: 0.015873015872990903
time: 31.131185054779053
preprocess_time: 0.062414
node: 12225
formulation: LEFPI