instance: city_771.txt
obj: 715.0
bound: 715.0
gap: 0.0
time: 0.5557520389556885
preprocess_time: 1.663836
sepa_time: 0.0
node: 491
formulation: LEFPA