instance: city_628.txt
obj: 1182.0
bound: 1140.0
gap: 0.03553299492385787
time: 3599.6195089817047
preprocess_time: 0.388384
sepa_time: 0.0
node: 259670
formulation: LEFPV2