instance: city_132.txt
obj: 22.0
bound: 18.544123024811604
gap: 0.15708531705330397
time: 1801.5682508945465
preprocess_time: 0.030958
node: 82770
formulation: EFP