instance: city_265.txt
obj: 107.0
bound: 78.58526387439652
gap: 0.2655582815474479
time: 1802.713954925537
preprocess_time: 0.099391
node: 20109
algo: SF