instance: city_213.txt
obj: 31.0
bound: 17.160560838649545
gap: 0.44643352133244557
time: 1800.5228028297424
preprocess_time: 0.084319
node: 21568
algo: F