instance: city_265.txt
obj: 42.0
bound: 28.178889210593017
gap: 0.3290740664136685
time: 1800.7632870674133
preprocess_time: 0.054203
node: 12626
algo: EVFP