instance: city_132.txt
obj: 22.0
bound: 20.9999999999999
gap: 0.04545454545434337
time: 2671.9730529785156
preprocess_time: 0.070509
node: 376450
formulation: LEFPI