instance: city_138.txt
obj: 0.0
bound: 0.0
gap: 0.0
time: 0.4358680248260498
preprocess_time: 0.060127
node: 0
algo: EVFP0