instance: city_213.txt
obj: 81.0
bound: 60.78630283243621
gap: 0.24955181688319544
time: 3605.4822070598602
preprocess_time: 0.081591
node: 184644
formulation: EFP