instance: city_132.txt
obj: 63.0
bound: 61.99999999999991
gap: 0.015873015872992145
time: 133.75361704826355
preprocess_time: 0.042012
node: 36167
formulation: LEFPD