instance: city_213.txt
obj: 80.0
bound: 60.11074133534109
gap: 0.2486157333079256
time: 1801.0311629772186
preprocess_time: 0.154719
node: 29929
algo: EFP