instance: city_138.txt
obj: 264.0
bound: 262.0
gap: 0.007575757575757576
time: 7198.709471940994
preprocess_time: 1.292672
sepa_time: 0.0
node: 693726
formulation: LEFPD