instance: city_213.txt
obj: 29.0
bound: 22.0
gap: 0.2413793103448276
time: 7199.039274930954
preprocess_time: 0.964754
sepa_time: 4.049797047470093e14
node: 143934
formulation: LEFPAV