instance: city_268.txt
org_node: 195
org_edge: 268
org_min_len: 0.014553014553014554
org_avg_len: 0.17736680423247597
org_max_len: 1.0
dtf_node: 197
dtf_edge: 270
dtf_min_len: 0.001760073425388621
dtf_avg_len: 0.17605297605297596
dtf_max_len: 2.047817047817048
sdb_node: 847
sdb_edge: 920
sdb_min_len: 0.018711018711018712
sdb_avg_len: 0.05166772123293869
sdb_max_len: 0.05850905850905851
dlt: 0.05853104539671707
formulation: None