instance: city_771.txt
obj: 715.0
bound: 715.0
gap: 0.0
time: 2.8869919776916504
preprocess_time: 2.047814
sepa_time: 0.0
node: 2577
formulation: LEFPAD