instance: city_132.txt
obj: 56.0
bound: 45.72727176018912
gap: 0.183441575710581
time: 1801.7482380867004
preprocess_time: 0.046545
node: 35301
algo: EVFP