instance: city_265.txt
obj: 39.0
bound: 33.0
gap: 0.15384615384615385
time: 3598.6430480480194
preprocess_time: 1.362083
sepa_time: 0.0
node: 82135
formulation: LEFP