instance: city_138.txt
obj: 55.0
bound: 42.9794697120489
gap: 0.21855509614416802
time: 1801.4467108249664
preprocess_time: 0.050045
node: 29849
formulation: EFPD