instance: city_628.txt
obj: 92.0
bound: 84.0
gap: 0.08695652173913043
time: 7198.441158056259
preprocess_time: 1.575617
sepa_time: 0.0
node: 104759
formulation: LEFPA