instance: city_268.txt
obj: 42.0
bound: 29.7595534028023
gap: 0.2914392046944894
time: 1800.3873000144958
preprocess_time: 0.050565
node: 1911
algo: EFPD