instance: city_628.txt
obj: 628.0
bound: 215.93665289766858
gap: 0.6561518265959646
time: 1789.7229590415955
preprocess_time: 10.984767
node: 21819
algo: EFPV2