instance: city_479.txt
obj: 88.0
bound: 67.45125826363184
gap: 0.23350842882210007
time: 1800.5721440315247
preprocess_time: 0.166174
node: 1998
formulation: EFPD