instance: city_213.txt
obj: 32.0
bound: 17.337575449954084
gap: 0.45820076718750297
time: 1800.750930070877
preprocess_time: 0.073003
node: 11329
algo: EVFPV