instance: city_213.txt
obj: 77.0
bound: 61.63688888983423
gap: 0.1995209235083872
time: 1795.9282250404358
preprocess_time: 5.369242
node: 46358
algo: EFPV2