instance: city_213.txt
obj: 29.0
bound: 22.0
gap: 0.2413793103448276
time: 3599.950390100479
preprocess_time: 0.050981
node: 20729
formulation: LEFPD