instance: city_268.txt
obj: 41.0
bound: 29.7446070953396
gap: 0.2745217781617792
time: 1800.496402978897
preprocess_time: 0.8841
node: 24198
algo: EFPV