instance: city_771.txt
obj: 0.0
bound: 0.0
gap: 0.0
time: 5.239314079284668
preprocess_time: 0.332726
node: 154
algo: EVFP