instance: city_268.txt
obj: 41.0
bound: 29.49499759114088
gap: 0.280609814849538
time: 3604.376168012619
preprocess_time: 0.061384
node: 77919
formulation: EFP