instance: city_771.txt
obj: 134.0
bound: 134.0
gap: 0.0
time: 6.324229955673218
preprocess_time: 0.204229
node: 1006
algo: SFD