instance: city_276.txt
obj: 103.0
bound: 91.0
gap: 0.11650485436893204
time: 3599.905869960785
preprocess_time: 0.096536
sepa_time: 0.0
node: 26473
formulation: EVFP