instance: city_628.txt
obj: 259.0
bound: 211.63164255848415
gap: 0.1828894109710331
time: 1803.5211861133575
preprocess_time: 0.193494
node: 15037
algo: RF