instance: city_213.txt
obj: 88.0
bound: 80.23608507972094
gap: 0.08822630591216182
time: 3663.304627895355
preprocess_time: 0.075032
node: 148602
formulation: LEFPD