instance: city_771.txt
obj: 0.0
bound: 0.0
gap: 0.0
time: 5.269043922424316
preprocess_time: 0.304785
node: 0
algo: EVFP