instance: city_213.txt
obj: 76.0
bound: 60.37858753035519
gap: 0.2055449009161086
time: 1801.323802947998
preprocess_time: 0.187494
node: 38242
algo: EVFPL