instance: city_276.txt
obj: 517.0
bound: 496.0
gap: 0.04061895551257253
time: 3599.9312419891357
preprocess_time: 0.071835
sepa_time: 0.0
node: 634553
formulation: LEFPV