instance: city_771.txt
obj: 1461.0
bound: 1431.0
gap: 0.02053388090349076
time: 7198.338335037231
preprocess_time: 1.671471
sepa_time: 0.0
node: 873499
formulation: LEFPAI