instance: city_268.txt
obj: 511.0
bound: 498.0
gap: 0.025440313111545987
time: 3599.931961774826
preprocess_time: 0.072587
sepa_time: 0.0
node: 265009
formulation: LEFPD