instance: city_213.txt
obj: 30.0
bound: 19.834009974730296
gap: 0.3388663341745273
time: 1747.9557089805603
preprocess_time: 52.769899
node: 26407
algo: EFPV2