instance: city_771.txt
obj: 307.0
bound: 284.0
gap: 0.0749185667752443
time: 3599.5259981155396
preprocess_time: 0.507637
sepa_time: 0.0
node: 10309
formulation: EVFP