instance: city_132.txt
obj: 22.0
bound: 20.0
gap: 0.09090909090909091
time: 3599.9566791057587
preprocess_time: 0.045883
node: 545565
formulation: EFP