instance: city_276.txt
obj: 156.99999980000035
bound: 75.3704743874251
gap: 0.519933283544648
time: 1800.2801551818848
preprocess_time: 0.158241
node: 2608
algo: EVFPV