instance: city_132.txt
obj: 22.0
bound: 21.0
gap: 0.045454545454545456
time: 3599.9406971931458
preprocess_time: 0.062427
sepa_time: 0.0
node: 504727
formulation: EFP