instance: city_265.txt
obj: 38.0
bound: 33.0
gap: 0.13157894736842105
time: 3599.9283299446106
preprocess_time: 0.077107
sepa_time: 0.0
node: 89916
formulation: LEFPV2