instance: city_268.txt
obj: 505.0
bound: 493.0
gap: 0.023762376237623763
time: 7199.0345339775085
preprocess_time: 0.967159
sepa_time: 1.3856471194557457e13
node: 2549181
formulation: LEFPAV