instance: city_479.txt
obj: 77.0
bound: 70.0
gap: 0.09090909090909091
time: 7198.968402862549
preprocess_time: 1.034516
sepa_time: 0.0
node: 28706
formulation: LEFPD