instance: city_265.txt
obj: 108.9999997784744
bound: 84.41985359780581
gap: 0.22550592872111355
time: 1840.8626329898834
preprocess_time: 4.966274
node: 12758
algo: EFPV2