instance: city_628.txt
obj: 109.0
bound: 79.35930268639045
gap: 0.27193300287690236
time: 1698.959643125534
preprocess_time: 101.629203
node: 2484
algo: EFPV2