instance: city_138.txt
obj: 192.0
bound: 186.0
gap: 0.03125
time: 3599.9400248527527
preprocess_time: 0.060725
sepa_time: 0.0
node: 1411444
formulation: LEFPI