instance: city_268.txt
obj: 39.0
bound: 33.0
gap: 0.15384615384615385
time: 3599.9274508953094
preprocess_time: 0.078431
node: 74436
formulation: LEFPV