instance: city_771.txt
obj: 1117.0
bound: 270.1046812170301
gap: 0.7581873937178999
time: 1789.9537069797516
preprocess_time: 11.046188
node: 6400
algo: EFPV2