instance: city_628.txt
obj: 279.0
bound: 261.42314290641553
gap: 0.06299948779060274
time: 3605.1912558078766
preprocess_time: 0.172641
node: 157267
formulation: LEFP