instance: city_268.txt
obj: 505.0
bound: 493.0
gap: 0.023762376237623763
time: 3599.9308240413666
preprocess_time: 0.072684
sepa_time: 0.0
node: 881683
formulation: LEVFP