instance: city_132.txt
obj: 189.0
bound: 185.0
gap: 0.021164021164021163
time: 3599.940997838974
preprocess_time: 0.060988
sepa_time: 0.0
node: 1048588
formulation: LEFPV2