instance: city_265.txt
obj: 103.0
bound: 85.6199573067128
gap: 0.16873827857544
time: 1800.9789152145386
preprocess_time: 0.130929
node: 39188
algo: RF