instance: city_479.txt
org_node: 374
org_edge: 479
org_min_len: 0.011038381786636199
org_avg_len: 0.16227027075736214
org_max_len: 1.0
dtf_node: 397
dtf_edge: 502
dtf_min_len: 0.000429959455491076
dtf_avg_len: 0.15483557707724402
dtf_max_len: 3.033657483813635
sdb_node: 1549
sdb_edge: 1654
sdb_min_len: 0.011038381786636199
sdb_avg_len: 0.04699362738378267
sdb_max_len: 0.05354731778878028
dlt: 0.053549189349929506
formulation: None