instance: city_268.txt
obj: 39.0
bound: 32.0
gap: 0.1794871794871795
time: 7198.338212013245
preprocess_time: 1.667365
sepa_time: 0.0
node: 157743
formulation: LEFPA