instance: city_628.txt
org_node: 465
org_edge: 628
org_min_len: 0.01059322033898305
org_avg_len: 0.1942202850048581
org_max_len: 1.0
dtf_node: 533
dtf_edge: 696
dtf_min_len: 0.0015853361427858037
dtf_avg_len: 0.17524473991817635
dtf_max_len: 1.593220338983051
sdb_node: 2031
sdb_edge: 2194
sdb_min_len: 0.01059322033898305
sdb_avg_len: 0.05559267957294926
sdb_max_len: 0.06408898305084745
dlt: 0.06409269405160317
formulation: None