instance: city_138.txt
obj: 20.0
bound: 15.656812957303154
gap: 0.2171593521337565
time: 1801.877559185028
preprocess_time: 0.04825
node: 86814
formulation: EFP