instance: city_213.txt
obj: 28.0
bound: 22.0
gap: 0.21428571428571427
time: 3599.9353699684143
preprocess_time: 0.069301
sepa_time: 0.0
node: 76006
formulation: LEFPV2