instance: city_213.txt
obj: 79.0
bound: 60.093615827015135
gap: 0.23932131864507508
time: 1800.891813993454
preprocess_time: 0.421957
node: 29355
algo: EFPV