instance: city_479.txt
obj: 78.0
bound: 74.0
gap: 0.05128205128205128
time: 7198.269270896912
preprocess_time: 1.740092
sepa_time: 2.4417972955707003e14
node: 117272
formulation: LEFPAV