instance: city_132.txt
obj: 55.0
bound: 52.0
gap: 0.05454545454545454
time: 3599.9533298015594
preprocess_time: 0.048019
node: 1082572
formulation: LEFP