instance: city_213.txt
obj: 0.0
bound: 0.0
gap: 0.0
time: 2.343899965286255
preprocess_time: 0.061989
node: 348
algo: EVFPV