instance: city_213.txt
obj: 28.0
bound: 22.0
gap: 0.21428571428571427
time: 3598.754063844681
preprocess_time: 1.250083
sepa_time: 0.0
node: 74483
formulation: LEFP