instance: city_276.txt
obj: 114.0
bound: 103.29391422472214
gap: 0.09391303311639004
time: 3604.525277853012
preprocess_time: 0.082457
node: 186626
formulation: LEFP