instance: city_771.txt
obj: 397.0
bound: 268.55949648216387
gap: 0.32352771666953095
time: 1800.9769291877747
preprocess_time: 0.499645
node: 5285
algo: EFP0