instance: city_213.txt
obj: 291.0
bound: 277.0
gap: 0.048109965635738834
time: 3599.9357709884644
preprocess_time: 0.066767
sepa_time: 0.0
node: 569789
formulation: LEFP