instance: city_628.txt
obj: 679.9999996400177
bound: 187.86218911858077
gap: 0.7237320746792577
time: 1800.6892499923706
preprocess_time: 0.325694
node: 439
algo: EFPD