instance: city_771.txt
obj: 1091.0
bound: 1050.0
gap: 0.03758020164986251
time: 3599.5620629787445
preprocess_time: 0.449496
sepa_time: 0.0
node: 359382
formulation: LEFPV2