instance: city_771.txt
obj: 0.0
bound: 0.0
gap: 0.0
time: 14.510812997817993
preprocess_time: 0.394543
node: 133
algo: EVFP0