instance: city_138.txt
obj: 53.0
bound: 40.164052191468485
gap: 0.24218769450013766
time: 1800.7004868984222
preprocess_time: 0.069859
node: 14579
algo: EFPD