instance: city_771.txt
obj: 118.0
bound: 93.53088484049373
gap: 0.20736538270750454
time: 1750.1404509544373
preprocess_time: 51.015725
node: 8907
algo: EFPV2