instance: city_265.txt
obj: 105.0
bound: 85.32741046905397
gap: 0.18735799553264088
time: 1801.4855341911316
preprocess_time: 0.275867
node: 36645
algo: EFPV