instance: city_628.txt
obj: 1178.0
bound: 1148.0
gap: 0.025466893039049237
time: 7198.130932092667
preprocess_time: 1.871319
sepa_time: 0.0
node: 1000701
formulation: LEFPAI