instance: city_138.txt
obj: 192.0
bound: 186.0
gap: 0.03125
time: 3599.9398260116577
preprocess_time: 0.062184
sepa_time: 0.0
node: 932904
formulation: LEFPV2