instance: city_138.txt
obj: 263.0
bound: 230.0
gap: 0.12547528517110265
time: 3599.635700941086
preprocess_time: 0.370903
sepa_time: 0.0
node: 516104
formulation: EFP