instance: city_268.txt
obj: 43.0
bound: 28.96541389491211
gap: 0.3263857233733779
time: 1800.6727118492126
preprocess_time: 0.075188
node: 15994
algo: EFPLg