instance: city_628.txt
obj: 109.0
bound: 109.0
gap: 0.0
time: 27.338275909423828
preprocess_time: 0.138652
node: 1034
algo: SFD