instance: city_771.txt
obj: 132.0
bound: 96.7036452053145
gap: 0.2673966272322634
time: 3604.803673028946
preprocess_time: 0.135455
node: 20601
formulation: LEFPD