instance: city_265.txt
obj: 113.0
bound: 85.05187410198732
gap: 0.2473285477698048
time: 3603.3323130607605
preprocess_time: 0.092363
node: 160706
formulation: EFP