instance: city_479.txt
obj: 78.0
bound: 73.0
gap: 0.0641025641025641
time: 7198.995303153992
preprocess_time: 1.010799
sepa_time: 0.0
node: 141280
formulation: LEFPV2