instance: city_213.txt
obj: 29.0
bound: 19.718215468579025
gap: 0.3200615355651369
time: 1800.6979429721832
preprocess_time: 0.885675
node: 26498
algo: EFPV