instance: city_771.txt
obj: 116.0
bound: 101.0
gap: 0.12931034482758622
time: 7198.805379867554
preprocess_time: 1.206044
sepa_time: 0.0
node: 12396
formulation: LEFPAD