instance: city_138.txt
obj: 52.0
bound: 42.25207677641884
gap: 0.18746006199158488
time: 1801.339674949646
preprocess_time: 0.062653
node: 19331
formulation: EFPI