instance: city_276.txt
obj: 40.0
bound: 33.0
gap: 0.175
time: 7198.330896139145
preprocess_time: 1.679554
sepa_time: 3.8769598533685225e14
node: 58896
formulation: LEFPAV