instance: city_265.txt
obj: 495.0
bound: 484.0
gap: 0.022222222222222223
time: 7198.589189052582
preprocess_time: 1.413857
sepa_time: 0.0
node: 1647509
formulation: LEFPA