instance: city_265.txt
obj: 1.0
bound: 2.6347441375307312e-6
gap: 0.9999973651558627
time: 11.495107173919678
preprocess_time: 0.121762
node: 1009
algo: EVFPV