instance: city_628.txt
obj: 1203.0
bound: 1169.0
gap: 0.02826267664172901
time: 3599.6402468681335
preprocess_time: 0.37151
sepa_time: 0.0
node: 94716
formulation: LEFPD