instance: city_771.txt
obj: 121.0
bound: 94.09638759165891
gap: 0.22234390420098227
time: 1798.783704996109
preprocess_time: 2.697658
node: 4285
formulation: EFPV