instance: city_265.txt
obj: 38.0
bound: 33.0
gap: 0.13157894736842105
time: 7198.7326238155365
preprocess_time: 1.272761
sepa_time: 1.55303691204652e14
node: 144721
formulation: LEFPV2