instance: city_138.txt
obj: 104.0
bound: 104.0
gap: 0.0
time: 0.011966943740844727
preprocess_time: 1.316192
sepa_time: 0.0
node: 1
formulation: LEFPA