instance: city_276.txt
obj: 114.0
bound: 103.29608718208314
gap: 0.09389397208690763
time: 3603.6080198287964
preprocess_time: 0.080996
node: 187809
formulation: LEFP