instance: city_265.txt
obj: 505.0
bound: 489.0
gap: 0.031683168316831684
time: 3599.9324140548706
preprocess_time: 0.072046
sepa_time: 0.0
node: 409342
formulation: LEFPD