instance: city_132.txt
org_node: 106
org_edge: 133
org_min_len: 0.017045454545454544
org_avg_len: 0.3277939166097062
org_max_len: 1.0
dtf_node: 88
dtf_edge: 115
dtf_min_len: 0.005464479327153077
dtf_avg_len: 0.3791007905138339
dtf_max_len: 1.5795454545454546
sdb_node: 421
sdb_edge: 448
sdb_min_len: 0.056818181818181816
sdb_avg_len: 0.09731381899350666
sdb_max_len: 0.10795454545454546
dlt: 0.10817199248120304
formulation: None