instance: city_276.txt
obj: 40.0
bound: 32.0
gap: 0.2
time: 3599.9568359851837
preprocess_time: 0.048889
sepa_time: 0.0
node: 10414
formulation: EVFP