instance: city_771.txt
obj: 428.0
bound: 250.74275380739826
gap: 0.414152444375141
time: 1800.0500268936157
preprocess_time: 0.34792
node: 523
algo: F