instance: city_771.txt
org_node: 592
org_edge: 771
org_min_len: 0.009111617312072893
org_avg_len: 0.19670043637674384
org_max_len: 1.0
dtf_node: 669
dtf_edge: 848
dtf_min_len: 0.0011481464193470042
dtf_avg_len: 0.17883966562083636
dtf_max_len: 1.8109339407744875
sdb_node: 2503
sdb_edge: 2682
sdb_min_len: 0.015945330296127564
sdb_avg_len: 0.056545874886826455
sdb_max_len: 0.06481673224270035
dlt: 0.06491114400432547
formulation: None