instance: city_268.txt
obj: 43.0
bound: 28.2293514938723
gap: 0.3435034536300779
time: 3602.816577911377
preprocess_time: 0.075508
node: 32954
formulation: LEVFP