instance: city_213.txt
obj: 79.0
bound: 60.49552962913307
gap: 0.23423380216257605
time: 1830.7594599723816
preprocess_time: 8.476365
node: 13596
algo: EFPV2