instance: city_132.txt
obj: 56.0
bound: 49.54226959019694
gap: 0.11531661446056304
time: 1803.2698640823364
preprocess_time: 0.089499
node: 130448
formulation: EFPI