instance: city_265.txt
obj: 40.0
bound: 29.403331586544013
gap: 0.2649167103357374
time: 1802.358836889267
preprocess_time: 0.10377
node: 27774
algo: RF