instance: city_479.txt
obj: 922.0
bound: 803.0
gap: 0.12906724511930587
time: 7198.80374121666
preprocess_time: 1.219387
sepa_time: 0.0
node: 303042
formulation: EFP