instance: city_132.txt
obj: 21.0
bound: 20.000003565659398
gap: 0.04761887782574296
time: 2216.0655369758606
preprocess_time: 1.35816
sepa_time: 1.7528960374165028e14
node: 362111
formulation: LEFPAV