instance: city_268.txt
obj: 36.0
bound: 31.0
gap: 0.1388888888888889
time: 7198.223433971405
preprocess_time: 1.778151
sepa_time: 0.0
node: 170551
formulation: LEFPAI