instance: city_628.txt
obj: 379.99999859815654
bound: 379.99999859815654
gap: 0.0
time: 466.9619331359863
preprocess_time: 0.168874
node: 6864
formulation: LEFPD