instance: city_213.txt
obj: 30.0
bound: 21.223853634791595
gap: 0.29253821217263837
time: 3604.5236740112305
preprocess_time: 0.067082
node: 90727
formulation: LEFPI