instance: city_771.txt
obj: 1460.0
bound: 1429.0
gap: 0.021232876712328767
time: 3598.4975299835205
preprocess_time: 1.504781
sepa_time: 0.0
node: 482965
formulation: LEFPI