instance: city_132.txt
obj: 56.0
bound: 47.17383448403437
gap: 0.15761009849910473
time: 1857.0435609817505
preprocess_time: 1.686997
node: 92340
algo: EFPV2