instance: city_771.txt
obj: 319.0
bound: 270.827604454431
gap: 0.1510106443434291
time: 1800.5366320610046
preprocess_time: 0.318536
node: 8008
formulation: LEVFP