instance: city_276.txt
obj: 44.0
bound: 26.705677187724767
gap: 0.3930527911871802
time: 1800.5552079677582
preprocess_time: 0.092748
node: 13660
algo: F