instance: city_479.txt
obj: 78.0
bound: 72.0
gap: 0.07692307692307693
time: 3599.011967897415
preprocess_time: 0.995605
sepa_time: 0.0
node: 69285
formulation: LEFP