instance: city_132.txt
obj: 255.0
bound: 250.0
gap: 0.0196078431372549
time: 3599.948052883148
preprocess_time: 0.054262
sepa_time: 0.0
node: 1800201
formulation: LEFPI