instance: city_265.txt
obj: 367.0
bound: 351.0
gap: 0.043596730245231606
time: 3599.928333044052
preprocess_time: 0.072768
sepa_time: 0.0
node: 507730
formulation: LEFPI