instance: city_268.txt
obj: 114.0
bound: 110.44791666666666
gap: 0.031158625730966904
time: 3605.255868911743
preprocess_time: 0.079951
node: 465202
formulation: LEFP