instance: city_265.txt
obj: 496.0
bound: 482.0
gap: 0.028225806451612902
time: 3598.6290271282196
preprocess_time: 1.373522
sepa_time: 0.0
node: 1039225
formulation: LEFPV2