instance: city_628.txt
obj: 338.0
bound: 204.76384522371822
gap: 0.3941898070303029
time: 1800.8966360092163
preprocess_time: 0.22231
node: 713
formulation: EVFP