instance: city_771.txt
obj: 115.0
bound: 103.0
gap: 0.10434782608695652
time: 3599.7291049957275
preprocess_time: 0.27914
sepa_time: 0.0
node: 1497
formulation: EVFP