instance: city_479.txt
obj: 908.0
bound: 890.0
gap: 0.019823788546255508
time: 7199.905774116516
preprocess_time: 0.099431
sepa_time: 6.9173012307352e-310
node: 721054
formulation: LEVFP