instance: city_771.txt
obj: 850.9999971115298
bound: 233.75109255550794
gap: 0.7253218644547824
time: 1800.1375160217285
preprocess_time: 0.703243
node: 618
algo: EFPD