instance: city_265.txt
obj: 0.0
bound: 0.0
gap: 0.0
time: 1.3388841152191162
preprocess_time: 0.153415
node: 0
algo: EVFP