instance: city_265.txt
obj: 40.0
bound: 32.43538343875062
gap: 0.1891154140307617
time: 3603.8771760463715
preprocess_time: 0.074676
node: 118102
formulation: LEFPDB