instance: city_132.txt
obj: 63.0
bound: 61.99999999999999
gap: 0.01587301587299079
time: 8.233682870864868
preprocess_time: 0.061681
node: 6012
formulation: LEFPDB