instance: city_628.txt
obj: 251.0
bound: 227.0
gap: 0.09561752988047809
time: 3599.620940923691
preprocess_time: 0.387372
node: 16537
formulation: LEVFP