instance: city_628.txt
obj: 109.0
bound: 78.46536686213999
gap: 0.28013424897093575
time: 1800.6639850139618
preprocess_time: 0.144497
node: 3804
algo: F