instance: city_479.txt
obj: 919.0
bound: 845.0
gap: 0.08052230685527748
time: 3598.38125705719
preprocess_time: 1.626295
sepa_time: 0.0
node: 3993
formulation: EVFP