instance: city_268.txt
obj: 107.00000000007182
bound: 88.64761428519797
gap: 0.17151762350321847
time: 1801.268131017685
preprocess_time: 0.165806
node: 30136
algo: EFP