instance: city_268.txt
obj: 40.0
bound: 33.0
gap: 0.175
time: 7198.9317100048065
preprocess_time: 1.072667
sepa_time: 0.0
node: 35730
formulation: LEFPAD