instance: city_479.txt
obj: 678.0
bound: 657.0
gap: 0.030973451327433628
time: 3599.920248031616
preprocess_time: 0.083423
sepa_time: 0.0
node: 531375
formulation: LEFPV