instance: city_213.txt
obj: 296.0
bound: 256.0
gap: 0.13513513513513514
time: 3599.7477419376373
preprocess_time: 0.262837
sepa_time: 0.0
node: 463952
formulation: EFP