instance: city_276.txt
obj: 46.0
bound: 26.85781511122999
gap: 0.4161344541027912
time: 1730.0812499523163
preprocess_time: 134.161905
node: 3555
algo: EFPV2