instance: city_132.txt
obj: 63.0
bound: 61.9999999999999
gap: 0.015873015872992256
time: 142.24618196487427
preprocess_time: 0.062635
node: 66597
formulation: LEFPD
