instance: city_132.txt
obj: 257.0
bound: 221.0
gap: 0.14007782101167315
time: 7199.885339021683
preprocess_time: 0.121385
sepa_time: 0.0
node: 1492520
formulation: EFP