instance: city_479.txt
obj: 216.0
bound: 215.0
gap: 0.004629629629627486
time: 0.20043087005615234
preprocess_time: 0.180727
node: 0
algo: SFD