instance: city_771.txt
obj: 1462.0
bound: 1417.0
gap: 0.030779753761969904
time: 3599.571060180664
preprocess_time: 0.44141
sepa_time: 0.0
node: 421447
formulation: LEFPV