instance: city_771.txt
obj: 115.0
bound: 102.0
gap: 0.11304347826086956
time: 3599.62748003006
preprocess_time: 0.406516
node: 10291
formulation: LEVFP