instance: city_268.txt
obj: 510.0
bound: 478.0
gap: 0.06274509803921569
time: 3599.3426270484924
preprocess_time: 0.666238
sepa_time: 0.0
node: 10401
formulation: EVFP