instance: city_276.txt
obj: 42.0
bound: 26.139609711100086
gap: 0.3776283402110036
time: 1801.8333418369293
preprocess_time: 0.121565
node: 11008
formulation: EVFP