instance: city_771.txt
obj: 337.0
bound: 311.505465899244
gap: 0.07565143650073727
time: 3716.904909849167
preprocess_time: 0.515186
node: 186191
formulation: LEFP