instance: city_276.txt
obj: 0.0
bound: 0.0
gap: 0.0
time: 1.2260429859161377
preprocess_time: 0.061216
node: 0
algo: EVFP0