instance: city_213.txt
org_node: 143
org_edge: 213
org_min_len: 0.015105740181268883
org_avg_len: 0.2079769655191979
org_max_len: 1.0
dtf_node: 132
dtf_edge: 202
dtf_min_len: 0.007007209991063967
dtf_avg_len: 0.21930244383955022
dtf_max_len: 1.0
sdb_node: 136
sdb_edge: 206
sdb_min_len: 0.007007209991063967
sdb_avg_len: 0.21504414395917065
sdb_max_len: 0.4159535150844647
dlt: 0.4159539310383958
algo: None