instance: city_276.txt
obj: 249.0
bound: 83.28527561216546
gap: 0.6655209814769799
time: 1800.7855219841003
preprocess_time: 0.090366
node: 4966
formulation: EFPD