instance: city_138.txt
obj: 261.0
bound: 243.0
gap: 0.06896551724137931
time: 3599.881501197815
preprocess_time: 0.127666
sepa_time: -1.0
node: 33708
formulation: EVFP