instance: city_132.txt
obj: 22.0
bound: 20.00000000000002
gap: 0.09090909090908994
time: 3599.9389600753784
preprocess_time: 0.063176
sepa_time: 0.0
node: 428899
formulation: LEFPV2