instance: city_213.txt
obj: 31.0
bound: 17.87960105902662
gap: 0.4232386755139051
time: 1795.661432981491
preprocess_time: 55.194961
node: 7011
algo: EFPV2