instance: city_479.txt
obj: 70.0
bound: 66.0
gap: 0.05714285714285714
time: 7198.54221701622
preprocess_time: 1.467033
sepa_time: 2.0287121214688703e14
node: 237526
formulation: LEFPAV