instance: city_138.txt
obj: 54.0
bound: 46.0
gap: 0.14814814814814814
time: 3599.952844142914
preprocess_time: 0.048843
node: 696647
formulation: LEFP