instance: city_265.txt
obj: 39.0
bound: 34.0
gap: 0.1282051282051282
time: 3599.6970450878143
preprocess_time: 0.310832
sepa_time: 0.0
node: 95774
formulation: EFP