instance: city_213.txt
obj: 29.0
bound: 22.0
gap: 0.2413793103448276
time: 3599.935835838318
preprocess_time: 0.069464
sepa_time: 0.0
node: 82518
formulation: LEFPV