instance: city_771.txt
obj: 585.0
bound: 253.08635146131624
gap: 0.5673737581856872
time: 1800.0750169754028
preprocess_time: 0.294968
node: 959
algo: EVFPV