instance: city_771.txt
obj: 1462.0
bound: 1414.0
gap: 0.03283173734610123
time: 7198.5443069934845
preprocess_time: 1.465274
sepa_time: 0.0
node: 122198
formulation: LEFPD