instance: city_213.txt
obj: 87.0
bound: 79.24754750331421
gap: 0.08910864938709058
time: 5564.121520996094
preprocess_time: 0.08256
node: 206714
formulation: LEFPD