instance: city_138.txt
obj: 20.0
bound: 15.838285578940335
gap: 0.20808572105194284
time: 1789.230742931366
preprocess_time: 12.311189
node: 46519
algo: EFPV2