instance: city_138.txt
obj: 21.0
bound: 16.136452867488078
gap: 0.23159748249946488
time: 3604.762796163559
preprocess_time: 0.049878
node: 110952
formulation: LEFPD