instance: city_132.txt
obj: 255.0
bound: 250.00000000000009
gap: 0.01960784313725457
time: 7199.964538097382
preprocess_time: 0.03709
sepa_time: 6.8998815139572e-310
node: 3068947
formulation: LEVFP