instance: city_771.txt
obj: 682.0
bound: 94.00068034589977
gap: 0.8621690904017799
time: 3606.934779882431
preprocess_time: 0.131672
node: 154026
formulation: LEFPDB