instance: city_479.txt
obj: 11.0
bound: 10.0
gap: 0.09090909090826446
time: 34.87815284729004
preprocess_time: 0.173167
node: 1938
algo: EVFPV