instance: city_265.txt
obj: 105.0
bound: 84.6791950663601
gap: 0.19353147555829098
time: 1792.9459421634674
preprocess_time: 8.104502
node: 56997
algo: EFPV2