instance: city_479.txt
obj: 198.00000000005727
bound: 171.6001142039334
gap: 0.13333275654597423
time: 1802.1347951889038
preprocess_time: 0.108391
node: 33673
formulation: LEVFP