instance: city_276.txt
obj: 42.0
bound: 28.01721556710622
gap: 0.33292343887763065
time: 1802.2799680233002
preprocess_time: 0.080642
node: 15810
algo: F0