instance: city_213.txt
obj: 397.0
bound: 388.0
gap: 0.022670025188916875
time: 7199.945703983307
preprocess_time: 0.057559
sepa_time: 1.5e-323
node: 1491743
formulation: LEVFP