instance: city_479.txt
obj: 71.0
bound: 66.0
gap: 0.07042253521126761
time: 7198.547701835632
preprocess_time: 1.457164
sepa_time: 0.0
node: 220574
formulation: LEFPAI