instance: city_265.txt
obj: 114.0
bound: 106.49759855610154
gap: 0.06581053898150774
time: 3666.0255777835846
preprocess_time: 0.078698
node: 208486
formulation: LEFPD