instance: city_138.txt
obj: 53.0
bound: 41.95196414278503
gap: 0.20845350673951177
time: 1802.1832010746002
preprocess_time: 0.062751
node: 38849
formulation: EVFP