instance: city_276.txt
obj: 515.0
bound: 500.0
gap: 0.02912621359223301
time: 3598.645802974701
preprocess_time: 1.357375
sepa_time: 0.0
node: 664128
formulation: LEFP