instance: city_213.txt
obj: 79.0
bound: 62.198842652191
gap: 0.21267287782009792
time: 1801.280433177948
preprocess_time: 0.152231
node: 37253
algo: EFP0