instance: city_138.txt
org_node: 99
org_edge: 138
org_min_len: 0.05932304198545514
org_avg_len: 0.40283198504112006
org_max_len: 1.0
dtf_node: 88
dtf_edge: 127
dtf_min_len: 0.002899291086519651
dtf_avg_len: 0.4377229443753903
dtf_max_len: 0.80566316441827
sdb_node: 88
sdb_edge: 127
sdb_min_len: 0.002899291086519651
sdb_avg_len: 0.4377229443753903
sdb_max_len: 0.80566316441827
dlt: 0.8056639700822401
formulation: None