instance: city_268.txt
obj: 43.0
bound: 43.0
gap: 0.0
time: 1.512378215789795
preprocess_time: 0.092495
node: 160
algo: SFD