instance: city_268.txt
obj: 39.0
bound: 33.0
gap: 0.15384615384615385
time: 3598.691703081131
preprocess_time: 1.314656
sepa_time: 0.0
node: 68250
formulation: LEFPV