instance: city_213.txt
obj: 293.0
bound: 278.0
gap: 0.051194539249146756
time: 3599.935306072235
preprocess_time: 0.067202
sepa_time: 0.0
node: 862474
formulation: LEFPV2