instance: city_265.txt
obj: 504.0
bound: 433.0
gap: 0.14087301587301587
time: 3599.337543964386
preprocess_time: 0.678321
sepa_time: 0.0
node: 256743
formulation: EFP