instance: city_138.txt
obj: 0.0
bound: 0.0
gap: 0.0
time: 0.3345940113067627
preprocess_time: 0.066312
node: 0
algo: EVFP0