instance: city_276.txt
obj: 41.0
bound: 32.0
gap: 0.21951219512195122
time: 7198.683562994003
preprocess_time: 1.325062
sepa_time: 0.0
node: 88740
formulation: LEFP