instance: city_138.txt
obj: 258.0
bound: 255.0
gap: 0.011627906976744186
time: 7199.063361883163
preprocess_time: 0.937512
sepa_time: 0.0
node: 2924891
formulation: LEFPV2