instance: city_276.txt
obj: 39.0
bound: 32.0
gap: 0.1794871794871795
time: 3599.9442410469055
preprocess_time: 0.060082
sepa_time: 0.0
node: 39189
formulation: LEFPV2