instance: city_771.txt
obj: 850.9999971115298
bound: 252.53432896171563
gap: 0.703249906205711
time: 1799.9309079647064
preprocess_time: 0.735341
node: 618
formulation: EFPD