instance: city_628.txt
obj: 1181.0
bound: 1150.0
gap: 0.026248941574936496
time: 7198.439347028732
preprocess_time: 1.563191
sepa_time: 0.0
node: 974553
formulation: LEFPAI