instance: city_628.txt
obj: 307.0000000000094
bound: 261.7221361778676
gap: 0.1474848984434061
time: 3645.2900450229645
preprocess_time: 0.168479
node: 128709
formulation: LEFPD