instance: city_213.txt
obj: 28.0
bound: 22.0
gap: 0.21428571428571427
time: 7198.692066907883
preprocess_time: 1.309128
sepa_time: 0.0
node: 221702
formulation: LEFPAI