instance: city_771.txt
obj: 1462.0
bound: 1429.0
gap: 0.022571819425444596
time: 3598.4839839935303
preprocess_time: 1.524588
sepa_time: 0.0
node: 447906
formulation: LEFP