instance: city_213.txt
obj: 59.000000000019455
bound: 25.06054142662527
gap: 0.5752450605648384
time: 3605.0673549175262
preprocess_time: 0.067612
node: 154410
formulation: LEFPDB