instance: city_268.txt
obj: 40.0
bound: 33.0
gap: 0.175
time: 3599.9212028980255
preprocess_time: 0.080382
sepa_time: 0.0
node: 83403
formulation: LEFPI