instance: city_265.txt
obj: 497.0
bound: 479.0
gap: 0.03621730382293763
time: 7198.332885026932
preprocess_time: 1.67009
sepa_time: 0.0
node: 274877
formulation: LEFPAD