instance: city_479.txt
obj: 200.0
bound: 171.21699318457
gap: 0.14391503407707812
time: 1788.8035440444946
preprocess_time: 12.761974
node: 17171
formulation: EFPV2