instance: city_479.txt
obj: 210.0
bound: 201.5935260127116
gap: 0.04003082851087805
time: 3642.669825077057
preprocess_time: 0.2013
node: 306851
formulation: LEFP