instance: city_479.txt
obj: 203.0
bound: 171.3035853162948
gap: 0.15613997381127875
time: 1832.4363188743591
preprocess_time: 9.52288
node: 8372
algo: EFPV2