instance: city_138.txt
obj: 79.00000000004846
bound: 71.00409924236779
gap: 0.1012139336413373
time: 3606.7728657722473
preprocess_time: 0.065196
node: 781724
formulation: LEFPDB