instance: city_213.txt
obj: 398.0
bound: 387.0
gap: 0.02763819095477387
time: 3598.688509941101
preprocess_time: 1.313855
sepa_time: 0.0
node: 979974
formulation: LEFPV2