instance: city_479.txt
org_node: 374
org_edge: 479
org_min_len: 0.011038381786636199
org_avg_len: 0.16227027075736214
org_max_len: 1.0
dtf_node: 428
dtf_edge: 533
dtf_min_len: 0.0005355281766130648
dtf_avg_len: 0.14583013075567816
dtf_max_len: 3.033657483813635
sdb_node: 584
sdb_edge: 689
sdb_min_len: 0.0005355281766130648
sdb_avg_len: 0.11281198794307205
sdb_max_len: 0.1622701084870914
dlt: 0.16227027075736214
algo: None