instance: city_771.txt
obj: 715.0
bound: 715.0
gap: 0.0
time: 0.9510750770568848
preprocess_time: 1.60451
sepa_time: 0.0
node: 898
formulation: LEFPAI