instance: city_132.txt
obj: 26.0
bound: 15.75
gap: 0.394230769229253
time: 3603.3337330818176
preprocess_time: 0.052712
node: 1075
formulation: EF