instance: city_132.txt
obj: 39.0
bound: 24.780661135624484
gap: 0.3645984324189501
time: 3603.3733990192413
preprocess_time: 0.061324
node: 250539
formulation: LEFPDB