instance: city_771.txt
obj: 117.0
bound: 98.0
gap: 0.1623931623931624
time: 3599.824404001236
preprocess_time: 0.19145
sepa_time: 0.0
node: 33590
formulation: LEFPV2