instance: city_276.txt
obj: 162.0
bound: 78.05659991648872
gap: 0.518169136317651
time: 1800.3854739665985
preprocess_time: 0.181827
node: 4232
algo: EVFP0