instance: city_265.txt
obj: 503.0
bound: 492.0
gap: 0.02186878727634195
time: 3599.932265996933
preprocess_time: 0.074291
sepa_time: 0.0
node: 380878
formulation: LEFPD