instance: city_479.txt
obj: 78.0
bound: 70.0
gap: 0.10256410256410256
time: 7199.893851041794
preprocess_time: 0.117764
sepa_time: 0.0
node: 223165
formulation: EFP