instance: city_628.txt
obj: 282.0
bound: 282.0
gap: 0.0
time: 0.38373494148254395
preprocess_time: 0.272046
node: 0
algo: SFD