instance: city_771.txt
obj: 1474.0
bound: 1296.0
gap: 0.12075983717774763
time: 7196.336087942123
preprocess_time: 3.714666
sepa_time: 0.0
node: 56696
formulation: EFP