instance: city_265.txt
obj: 38.0
bound: 33.0
gap: 0.13157894736842105
time: 3599.6982328891754
preprocess_time: 0.303871
sepa_time: 0.0
node: 71721
formulation: LEFPI