instance: city_479.txt
obj: 679.0
bound: 656.0
gap: 0.033873343151693665
time: 3599.922643184662
preprocess_time: 0.081698
sepa_time: 0.0
node: 579108
formulation: LEFP