instance: city_276.txt
obj: 43.0
bound: 28.309028543582524
gap: 0.34165049898565836
time: 3602.357302904129
preprocess_time: 0.078739
node: 45359
formulation: EFP