instance: city_628.txt
obj: 264.0
bound: 232.0
gap: 0.12121212121212122
time: 3599.6410479545593
preprocess_time: 0.392354
node: 10629
formulation: LEFPD