instance: city_138.txt
obj: 20.0
bound: 18.0
gap: 0.1
time: 3599.9563779830933
preprocess_time: 0.045939
node: 303536
formulation: EFP