instance: city_479.txt
obj: 71.0
bound: 66.0
gap: 0.07042253521126761
time: 7198.140049934387
preprocess_time: 1.863759
sepa_time: 0.0
node: 232417
formulation: LEFPAI