instance: city_479.txt
obj: 78.0
bound: 73.0
gap: 0.0641025641025641
time: 7198.965924024582
preprocess_time: 1.039849
sepa_time: 0.0
node: 112780
formulation: LEFPA