instance: city_628.txt
obj: 99.0
bound: 84.0
gap: 0.15151515151515152
time: 7198.614118099213
preprocess_time: 1.399605
sepa_time: 0.0
node: 21234
formulation: LEFPD