instance: city_628.txt
obj: 914.0
bound: 880.0
gap: 0.037199124726477024
time: 3599.6254131793976
preprocess_time: 0.383236
sepa_time: 0.0
node: 140861
formulation: LEFPD