instance: city_771.txt
obj: 1465.0
bound: 1433.0
gap: 0.021843003412969283
time: 7198.019344091415
preprocess_time: 1.98841
sepa_time: 1.844673968854916e13
node: 1192191
formulation: LEFPAV