instance: city_268.txt
obj: 42.0
bound: 29.258920070244784
gap: 0.30335904594583046
time: 1802.1654388904572
preprocess_time: 0.099513
node: 20612
algo: RF