instance: city_268.txt
obj: 105.0
bound: 86.86677306506952
gap: 0.17269739938012577
time: 1801.4472398757935
preprocess_time: 0.484063
node: 29649
algo: EFPV