instance: city_138.txt
obj: 20.0
bound: 15.765264026402638
gap: 0.2117367986788094
time: 1801.9332621097565
preprocess_time: 0.062486
node: 109086
algo: EFPLg