instance: city_771.txt
obj: 390.0
bound: 268.99908289743735
gap: 0.31025876180136314
time: 1800.166471004486
preprocess_time: 0.857977
node: 2961
algo: EFPV