instance: city_268.txt
obj: 41.0
bound: 27.411995320276805
gap: 0.33141474828512324
time: 1800.9831638336182
preprocess_time: 0.077286
node: 9046
algo: EVFP0