instance: city_132.txt
obj: 56.0
bound: 49.334265167109166
gap: 0.11903097915855233
time: 1803.4217610359192
preprocess_time: 0.933718
node: 249466
algo: EFPV2