instance: city_268.txt
obj: 43.0
bound: 28.975771918138847
gap: 0.3261448391122916
time: 1800.9366490840912
preprocess_time: 0.104198
node: 16661
formulation: EFPI