instance: city_771.txt
obj: 1103.0
bound: 969.0
gap: 0.1214868540344515
time: 3597.509412050247
preprocess_time: 2.511827
sepa_time: 0.0
node: 19491
formulation: EFP