instance: city_771.txt
obj: 132.0
bound: 90.43215964964361
gap: 0.31490788144185533
time: 1800.8562858104706
preprocess_time: 0.198946
node: 1498
algo: F