instance: city_132.txt
obj: 55.0
bound: 52.0
gap: 0.05454545454545454
time: 3599.9357600212097
preprocess_time: 0.066197
sepa_time: 0.0
node: 1063066
formulation: LEFPV2