instance: city_771.txt
obj: 116.0
bound: 99.0
gap: 0.14655172413793102
time: 7198.617631912231
preprocess_time: 1.402048
sepa_time: 0.0
node: 77333
formulation: LEFP