instance: city_132.txt
obj: 22.0
bound: 17.941981860241288
gap: 0.18445536998819395
time: 1801.0593838691711
preprocess_time: 0.0521
node: 30699
formulation: EFPD