instance: city_213.txt
obj: 28.0
bound: 22.0
gap: 0.21428571428571427
time: 7198.602272033691
preprocess_time: 1.40255
sepa_time: 0.0
node: 137669
formulation: LEFPA