instance: city_268.txt
obj: 509.0
bound: 435.0
gap: 0.14538310412573674
time: 7199.238756895065
preprocess_time: 0.775194
sepa_time: 0.0
node: 775956
formulation: EFP