instance: city_628.txt
obj: 104.0
bound: 85.14401389358504
gap: 0.18130755871535412
time: 3643.345372915268
preprocess_time: 0.151448
node: 56212
formulation: LEFP