instance: city_276.txt
obj: 40.0
bound: 32.0
gap: 0.2
time: 7198.343677043915
preprocess_time: 1.659134
sepa_time: 0.0
node: 17171
formulation: LEFPAD