instance: city_628.txt
obj: 870.0
bound: 245.9298795380589
gap: 0.7173219775423786
time: 3607.4587030410767
preprocess_time: 0.167617
node: 385503
formulation: LEFPDB