instance: city_213.txt
obj: 86.0
bound: 79.73024277759863
gap: 0.07290415374876832
time: 3670.341141939163
preprocess_time: 0.074996
node: 298200
formulation: LEFPI