instance: city_268.txt
obj: 74.9999999999659
bound: 37.66524637535745
gap: 0.4977967149943419
time: 3606.735270023346
preprocess_time: 0.063687
node: 138738
formulation: LEFPDB