instance: city_771.txt
obj: 314.0
bound: 267.22068161562703
gap: 0.14897872096929324
time: 3603.09942483902
preprocess_time: 0.50336
node: 18507
formulation: LEVFP