instance: city_268.txt
obj: 505.9999999963376
bound: 492.0
gap: 0.027667984182685592
time: 7198.876137971878
preprocess_time: 1.124512
sepa_time: 0.0
node: 2421391
formulation: LEFPAI