instance: city_138.txt
obj: 259.0
bound: 255.0
gap: 0.015444015444015444
time: 7199.950922012329
preprocess_time: 0.050816
sepa_time: 6.90996758045225e-310
node: 2601759
formulation: LEVFP