instance: city_213.txt
obj: 28.0
bound: 23.0
gap: 0.17857142857142858
time: 7199.958515882492
preprocess_time: 0.044475
sepa_time: 0.0
node: 183725
formulation: EFP