instance: city_265.txt
obj: 288.0000000000001
bound: 83.5059441843639
gap: 0.7100488049151568
time: 1800.6268751621246
preprocess_time: 0.123039
node: 4609
formulation: EFPD