instance: city_132.txt
obj: 26.0
bound: 15.75
gap: 0.394230769229253
time: 3602.9869158267975
preprocess_time: 0.052794
node: 1004
formulation: EF