instance: city_628.txt
obj: 1183.0
bound: 1146.0
gap: 0.03127641589180051
time: 7198.395856142044
preprocess_time: 1.605437
sepa_time: 0.0
node: 752059
formulation: LEFPAI