instance: city_213.txt
obj: 29.0
bound: 22.0
gap: 0.2413793103448276
time: 7199.9490559101105
preprocess_time: 0.058424
sepa_time: 0.0
node: 53479
formulation: LEVFP