instance: city_771.txt
obj: 1482.0
bound: 1292.0
gap: 0.1282051282051282
time: 3596.2920830249786
preprocess_time: 3.740305
sepa_time: 0.0
node: 14009
formulation: EFP