instance: city_479.txt
obj: 227.0
bound: 189.2433932131302
gap: 0.1663286642592651
time: 3606.369134902954
preprocess_time: 0.130162
node: 341893
formulation: LEFPDB