instance: city_628.txt
org_node: 465
org_edge: 628
org_min_len: 0.01059322033898305
org_avg_len: 0.1942202850048581
org_max_len: 1.0
dtf_node: 456
dtf_edge: 619
dtf_min_len: 0.001390326905430117
dtf_avg_len: 0.19704416637003394
dtf_max_len: 1.593220338983051
sdb_node: 486
sdb_edge: 649
sdb_min_len: 0.001390326905430117
sdb_avg_len: 0.18793580736987842
sdb_max_len: 0.38844018156914617
dlt: 0.3884405700097162
algo: None