instance: city_132.txt
obj: 22.0
bound: 18.847896440129453
gap: 0.14327743453891906
time: 1798.5938758850098
preprocess_time: 4.101611
node: 95222
formulation: EFPV2