instance: city_276.txt
obj: 387.0
bound: 330.0
gap: 0.14728682170542637
time: 3599.6251990795135
preprocess_time: 0.386236
sepa_time: 0.0
node: 342398
formulation: EFP