instance: city_628.txt
obj: 96.0
bound: 86.0
gap: 0.10416666666666667
time: 3599.0617978572845
preprocess_time: 0.941686
sepa_time: 0.0
node: 25051
formulation: LEFP