instance: city_628.txt
obj: 97.0
bound: 87.0
gap: 0.10309278350515463
time: 3599.632341146469
preprocess_time: 0.38442
sepa_time: 0.0
node: 10202
formulation: EVFP