instance: city_138.txt
obj: 21.0
bound: 17.0
gap: 0.19047619047619047
time: 3601.5654549598694
preprocess_time: 0.042749
sepa_time: 0.0
node: 10202
formulation: EF