instance: city_479.txt
obj: 206.0
bound: 173.71939984915537
gap: 0.15670194247975225
time: 1800.701271057129
preprocess_time: 0.905185
node: 8457
algo: EFPV