instance: city_276.txt
obj: 40.0
bound: 32.0
gap: 0.2
time: 3599.942903995514
preprocess_time: 0.061328
node: 38370
formulation: LEFPV