instance: city_479.txt
obj: 198.0
bound: 172.34235166089687
gap: 0.12958408252065745
time: 3603.3794898986816
preprocess_time: 0.094018
node: 63986
formulation: LEVFP