instance: city_268.txt
obj: 42.0
bound: 28.21858969830098
gap: 0.3281288167063382
time: 1801.4804899692535
preprocess_time: 0.150977
node: 18570
algo: EFP0