instance: city_213.txt
obj: 30.0
bound: 22.0
gap: 0.26666666666666666
time: 7198.7388598918915
preprocess_time: 1.265596
sepa_time: 1.2743461650224098e14
node: 172948
formulation: LEFPV2