instance: city_276.txt
obj: 40.0
bound: 32.0
gap: 0.2
time: 3599.6992580890656
preprocess_time: 0.306857
sepa_time: 0.0
node: 10512
formulation: LEFPD