instance: city_771.txt
obj: 127.0
bound: 94.79065652404427
gap: 0.2536168777632313
time: 1800.8674221038818
preprocess_time: 0.173814
node: 3441
formulation: EFPI