instance: city_628.txt
obj: 675.9999999999999
bound: 205.0453170150175
gap: 0.6966785251256106
time: 1800.467866897583
preprocess_time: 0.292246
node: 600
formulation: EFPD