instance: city_213.txt
obj: 397.0
bound: 388.0
gap: 0.022670025188916875
time: 7199.947625875473
preprocess_time: 0.055632
sepa_time: 3.0e-323
node: 1535065
formulation: LEVFP