instance: city_276.txt
obj: 43.0
bound: 27.524500578856188
gap: 0.3598953353746005
time: 1801.254331111908
preprocess_time: 0.125393
node: 13375
formulation: EFP