instance: city_276.txt
obj: 41.0
bound: 27.63976243847452
gap: 0.32585945271933886
time: 1700.2777349948883
preprocess_time: 100.443848
node: 12087
algo: EFPV2