instance: city_479.txt
obj: 686.0
bound: 636.0
gap: 0.0728862973760933
time: 3598.813369035721
preprocess_time: 1.226826
sepa_time: 6.91649796738936e-310
node: 10250
formulation: EVFP