instance: city_213.txt
obj: 76.0
bound: 65.0
gap: 0.14473684210526316
time: 3599.9496200084686
preprocess_time: 0.055434
node: 200404
formulation: LEFP