instance: city_132.txt
obj: 22.0
bound: 18.244127309294395
gap: 0.17072148594038786
time: 1801.6165390014648
preprocess_time: 0.080107
node: 86083
algo: SF