instance: city_138.txt
obj: 20.0
bound: 15.195099571348637
gap: 0.24024502143136695
time: 1801.2286381721497
preprocess_time: 0.035516
node: 33278
formulation: EVFP