instance: city_265.txt
obj: 38.0
bound: 34.0
gap: 0.10526315789473684
time: 7198.296808958054
preprocess_time: 1.708339
sepa_time: 0.0
node: 296338
formulation: LEFPA