instance: city_138.txt
obj: 20.0
bound: 18.0
gap: 0.1
time: 7198.3609499931335
preprocess_time: 1.64228
sepa_time: 2.813350025969039e14
node: 655717
formulation: LEFPAV