instance: city_132.txt
obj: 56.0
bound: 47.768179153275476
gap: 0.146996800834104
time: 1803.0953509807587
preprocess_time: 0.065078
node: 63787
algo: EFPD