instance: city_628.txt
obj: 1197.0
bound: 1039.0
gap: 0.13199665831244778
time: 7198.00670003891
preprocess_time: 2.014895
sepa_time: 0.0
node: 114438
formulation: EFP