instance: city_213.txt
obj: 93.0
bound: 55.646679316416694
gap: 0.4016486095004639
time: 1800.4055111408234
preprocess_time: 0.061994
node: 2770
algo: EFPD