instance: city_628.txt
obj: 0.0
bound: 0.0
gap: 0.0
time: 6.694123983383179
preprocess_time: 0.352794
node: 101
algo: EVFP