instance: city_138.txt
obj: 55.0
bound: 42.682984315472396
gap: 0.22394573971827653
time: 3646.269716024399
preprocess_time: 0.067156
node: 327308
formulation: EFP