instance: city_276.txt
obj: 36.0
bound: 31.0
gap: 0.1388888888888889
time: 7198.663188934326
preprocess_time: 1.343317
sepa_time: 3.498220390486247e14
node: 127987
formulation: LEFPAV