instance: city_268.txt
obj: 0.0
bound: 0.0
gap: 0.0
time: 4.78183913230896
preprocess_time: 0.117828
node: 21
algo: EVFP0