instance: city_628.txt
obj: 1181.0
bound: 1149.0
gap: 0.027095681625740897
time: 7198.627156019211
preprocess_time: 1.381947
sepa_time: 1.38421998042124e13
node: 1023456
formulation: LEFPV