instance: city_265.txt
obj: 112.0
bound: 106.69595187875743
gap: 0.04735757251105212
time: 3649.003415107727
preprocess_time: 0.079011
node: 246950
formulation: LEFP