instance: city_276.txt
obj: 515.0
bound: 500.0
gap: 0.02912621359223301
time: 7198.3533499240875
preprocess_time: 1.649701
sepa_time: 1.3842199804212076e13
node: 1483142
formulation: LEFPAV