instance: city_265.txt
obj: 254.99999931737977
bound: 76.65765008584
gap: 0.6993817635642431
time: 1800.1543099880219
preprocess_time: 0.163285
node: 1808
algo: EFPD