instance: city_479.txt
obj: 201.0
bound: 186.0
gap: 0.07462686567164178
time: 3599.8737828731537
preprocess_time: 0.128803
node: 27561
formulation: LEFPD