instance: city_138.txt
obj: 20.0
bound: 14.988111740239543
gap: 0.25059441298676993
time: 1801.339614868164
preprocess_time: 0.080617
node: 56002
algo: EVFPL