instance: city_132.txt
obj: 56.0
bound: 49.08922910645947
gap: 0.12340662309871767
time: 1804.9191529750824
preprocess_time: 0.149645
node: 160970
algo: EFPV