instance: city_771.txt
obj: 22.0
bound: 22.0
gap: 0.0
time: 53.846760988235474
preprocess_time: 0.491248
node: 2133
algo: EVFPV