instance: city_479.txt
obj: 78.0
bound: 73.0
gap: 0.0641025641025641
time: 7199.899514913559
preprocess_time: 0.113103
sepa_time: 6.9092962636157e-310
node: 34843
formulation: EVFP