instance: city_628.txt
obj: 98.0
bound: 86.0
gap: 0.12244897959183673
time: 7198.141105890274
preprocess_time: 1.863973
sepa_time: 0.0
node: 81933
formulation: LEFPAI