instance: city_268.txt
obj: 41.0
bound: 30.113963849984756
gap: 0.2655130768289925
time: 3603.1529619693756
preprocess_time: 0.077478
node: 66634
formulation: LEFPI