instance: city_265.txt
obj: 118.0
bound: 117.0
gap: 0.008474576271179259
time: 0.13108086585998535
preprocess_time: 0.103498
node: 0
algo: SFD