instance: city_132.txt
obj: 25.0
bound: 24.0
gap: 0.039999999999840004
time: 0.0414578914642334
preprocess_time: 0.080931
node: 0
algo: SFD