instance: city_132.txt
obj: 56.0
bound: 50.06666666666666
gap: 0.10595238095219181
time: 3614.874946117401
preprocess_time: 0.03981
node: 603389
formulation: LEFPI