instance: city_479.txt
obj: 78.0
bound: 73.0
gap: 0.0641025641025641
time: 7198.879072904587
preprocess_time: 1.12843
sepa_time: 0.0
node: 56713
formulation: LEFPAD