instance: city_276.txt
obj: 40.0
bound: 32.0
gap: 0.2
time: 7198.3516318798065
preprocess_time: 1.65481
sepa_time: 0.0
node: 67650
formulation: LEFPA