instance: city_628.txt
obj: 112.0
bound: 76.7264634072166
gap: 0.31494229100671345
time: 1800.5652379989624
preprocess_time: 0.14043
node: 4829
algo: SF