instance: city_132.txt
obj: 57.99999928976864
bound: 45.33240094883303
gap: 0.2184068706212616
time: 1800.7144331932068
preprocess_time: 0.065462
node: 33653
algo: EFPD