instance: city_479.txt
obj: 924.0
bound: 796.0
gap: 0.13852813852813853
time: 3598.5514030456543
preprocess_time: 1.470078
sepa_time: 0.0
node: 65836
formulation: EFP