instance: city_771.txt
obj: 1460.0
bound: 1418.0
gap: 0.028767123287671233
time: 7198.376089096069
preprocess_time: 1.632557
sepa_time: 0.0
node: 147570
formulation: LEFPAD