instance: city_213.txt
obj: 399.0
bound: 383.0
gap: 0.040100250626566414
time: 7198.6678149700165
preprocess_time: 1.335001
sepa_time: 0.0
node: 370472
formulation: LEFPAD