instance: city_132.txt
obj: 0.0
bound: 0.0
gap: 0.0
time: 0.22786712646484375
preprocess_time: 0.044208
node: 0
algo: EVFP