instance: city_628.txt
obj: 1197.0
bound: 1039.0
gap: 0.13199665831244778
time: 7198.113283872604
preprocess_time: 1.917809
sepa_time: 0.0
node: 120441
formulation: EFP