instance: city_628.txt
obj: 109.0
bound: 79.31132178930226
gap: 0.2723731945933074
time: 1713.4200010299683
preprocess_time: 87.281675
node: 4886
algo: EFPV2