instance: city_771.txt
obj: 715.0
bound: 715.0
gap: 0.0
time: 0.976078987121582
preprocess_time: 2.048333
sepa_time: 0.0
node: 898
formulation: LEFPAI