instance: city_132.txt
obj: 55.0
bound: 49.92857142857143
gap: 0.09220779220762451
time: 1801.8380870819092
preprocess_time: 0.048693
node: 59703
algo: EFP0