instance: city_628.txt
obj: 101.0
bound: 86.0
gap: 0.1485148514851485
time: 3599.6447930336
preprocess_time: 0.368409
node: 10271
formulation: LEFPD