instance: city_628.txt
obj: 110.0
bound: 79.77435332831871
gap: 0.27477860610594373
time: 1801.1652839183807
preprocess_time: 0.176508
node: 3616
formulation: LEVFP