instance: city_132.txt
obj: 22.0
bound: 17.33402601423171
gap: 0.2120897266248673
time: 1801.9267599582672
preprocess_time: 0.030081
node: 74334
formulation: EVFP