instance: city_213.txt
obj: 399.0
bound: 384.0
gap: 0.03759398496240601
time: 3599.9375998973846
preprocess_time: 0.065136
sepa_time: 0.0
node: 930535
formulation: LEFPV2