instance: city_771.txt
obj: 129.0
bound: 90.23536178949199
gap: 0.30050107139905397
time: 1800.3204729557037
preprocess_time: 0.20388
node: 5245
algo: SF