instance: city_276.txt
obj: 41.0
bound: 27.91437071901706
gap: 0.3191616897792932
time: 1800.0929160118103
preprocess_time: 1.455549
node: 12649
algo: EFPV