instance: city_479.txt
obj: 909.0
bound: 884.0
gap: 0.027502750275027504
time: 3599.924640893936
preprocess_time: 0.077107
sepa_time: 0.0
node: 743191
formulation: LEFPI