instance: city_771.txt
obj: 1091.0
bound: 1050.0
gap: 0.03758020164986251
time: 3599.5518431663513
preprocess_time: 0.457025
sepa_time: 0.0
node: 361874
formulation: LEFPV