instance: city_276.txt
obj: 44.00000000000023
bound: 30.05060555909984
gap: 0.317031691837923
time: 3602.9981710910797
preprocess_time: 0.079514
node: 37342
formulation: LEFPD