instance: city_268.txt
obj: 40.0
bound: 29.33503123325342
gap: 0.2666242191679979
time: 1709.4009890556335
preprocess_time: 91.862219
node: 21568
formulation: EFPV2