instance: city_276.txt
obj: 40.0
bound: 32.0
gap: 0.2
time: 3599.0751988887787
preprocess_time: 0.928374
sepa_time: 0.0
node: 48620
formulation: LEFPV2