instance: city_213.txt
obj: 42.00000000000001
bound: 42.00000000000001
gap: 0.0
time: 640.1164560317993
preprocess_time: 0.068709
node: 7983
formulation: LEFPD