instance: city_479.txt
obj: 205.0
bound: 171.4944953251211
gap: 0.16344148621884172
time: 1794.2195971012115
preprocess_time: 6.828059
node: 19722
algo: EFPV2