instance: city_479.txt
obj: 85.0
bound: 65.5038345985732
gap: 0.22936665178122184
time: 1800.494502067566
preprocess_time: 0.218979
node: 5309
algo: EVFP