instance: city_132.txt
obj: 56.0
bound: 50.11435089537141
gap: 0.10510087686818001
time: 1803.9239709377289
preprocess_time: 0.051238
node: 143809
formulation: LEVFP