instance: city_213.txt
obj: 29.0
bound: 22.0
gap: 0.2413793103448276
time: 3599.9332110881805
preprocess_time: 0.069724
sepa_time: 0.0
node: 27558
formulation: EVFP