instance: city_276.txt
obj: 40.0
bound: 32.0
gap: 0.2
time: 7198.264865875244
preprocess_time: 1.738665
sepa_time: 0.0
node: 133602
formulation: LEFPAI