instance: city_268.txt
obj: 104.0
bound: 90.0
gap: 0.1346153846153846
time: 3599.9129390716553
preprocess_time: 0.092873
node: 299104
formulation: EFP