instance: city_771.txt
obj: 1461.0
bound: 1429.0
gap: 0.02190280629705681
time: 7199.763157129288
preprocess_time: 0.245906
sepa_time: 0.0
node: 660993
formulation: LEVFP