instance: city_628.txt
obj: 879.0
bound: 841.0
gap: 0.04323094425483504
time: 3599.624442100525
preprocess_time: 0.378647
sepa_time: 0.0
node: 363776
formulation: LEFPI