instance: city_265.txt
obj: 38.0
bound: 34.0
gap: 0.10526315789473684
time: 3599.9356758594513
preprocess_time: 0.066187
sepa_time: 5.4e-323
node: 21622
formulation: EVFP