instance: city_132.txt
obj: 22.0
bound: 18.40835257755479
gap: 0.16325670101949474
time: 1801.6697328090668
preprocess_time: 0.055852
node: 151004
algo: F0