instance: city_628.txt
obj: 115.00000160571255
bound: 78.03602451498257
gap: 0.3214258832572197
time: 1800.7701079845428
preprocess_time: 0.169367
node: 964
algo: EVFP0