instance: city_268.txt
obj: 106.0
bound: 88.96110846178519
gap: 0.16074425979432772
time: 1794.92529296875
preprocess_time: 6.659396
node: 31694
algo: EFPV2