instance: city_771.txt
obj: 1461.0
bound: 1429.0
gap: 0.02190280629705681
time: 7198.531882047653
preprocess_time: 1.476024
sepa_time: 0.0
node: 1007448
formulation: LEFP