instance: city_771.txt
obj: 117.0
bound: 98.0
gap: 0.1623931623931624
time: 3599.592223882675
preprocess_time: 0.419721
sepa_time: 0.0
node: 24575
formulation: LEFPV2