instance: city_132.txt
obj: 56.0
bound: 49.29789908970168
gap: 0.11968037339797057
time: 1802.8882429599762
preprocess_time: 1.666824
node: 136944
algo: EFPV2