instance: city_771.txt
obj: 115.99999977513761
bound: 98.0
gap: 0.15517241215543146
time: 7198.455502986908
preprocess_time: 1.553049
sepa_time: 0.0
node: 23556
formulation: LEFPAD