instance: city_479.txt
obj: 212.0
bound: 197.98498559127796
gap: 0.06610855853167655
time: 3604.3885951042175
preprocess_time: 0.128914
node: 46167
formulation: LEFPD