instance: city_276.txt
obj: 109.0
bound: 81.50192932794349
gap: 0.25227587772505766
time: 1800.9565041065216
preprocess_time: 0.185823
node: 27140
algo: EFP0