instance: r_10_0.2_9.txt
obj: 19.0
bound: 19.0
gap: 0.0
time: 0.00203704833984375
preprocess_time: 0.035593
sepa_time: 6.9417852358321e-310
node: 1
formulation: LEVFP