instance: r_10_0.1_12.txt
obj: 23.0
bound: 23.0
gap: 0.0
time: 0.44753599166870117
preprocess_time: 0.948427
sepa_time: 1.3862677503904492e13
node: 1
formulation: LEFPV