instance: r_10_0.2_9.txt
obj: 19.0
bound: 19.0
gap: 0.0
time: 33.95140600204468
preprocess_time: 0.035432
sepa_time: 0.0
node: 18290
formulation: EVFP