instance: r_10_0.3_12.txt
obj: 24.0
bound: 24.0
gap: 0.0
time: 0.536085844039917
preprocess_time: 0.944357
sepa_time: 1.3842199804211803e13
node: 244
formulation: LEFPV