instance: r_10_0.1_12.txt
obj: 23.0
bound: 23.0
gap: 0.0
time: 32.46614098548889
preprocess_time: 0.035908
sepa_time: 0.0
node: 22462
formulation: EFP