instance: r_10_0.2_9.txt
org_node: 10
org_edge: 9
org_min_len: 0.2738171674509923
org_avg_len: 0.4705980688401832
org_max_len: 0.8466035273230632
dtf_node: 4
dtf_edge: 3
dtf_min_len: 0.6534746134150502
dtf_avg_len: 1.4117942065205495
dtf_max_len: 2.5139404857115077
sdb_node: 39
sdb_edge: 38
sdb_min_len: 0.10679675204350905
sdb_avg_len: 0.11145743735688554
sdb_max_len: 0.11427002207779581
dlt: 0.1176495172100458
formulation: None