instance: r_10_0.4_13.txt
obj: 25.0
bound: 24.000000000000014
gap: 0.03999999999999943
time: 7200.2749309539795
preprocess_time: 0.037004
sepa_time: 4.243991582e-314
node: 2132180
formulation: EF