instance: r_10_0.1_12.txt
obj: 23.0
bound: 23.0
gap: 0.0
time: 0.025211095809936523
preprocess_time: 0.952187
sepa_time: 0.0
node: 1
formulation: LEFPD