instance: r_10_0.2_9.txt
obj: 19.0
bound: 19.0
gap: 0.0
time: 14.725639820098877
preprocess_time: 0.035899
sepa_time: 6.93538811063275e-310
node: 2190
formulation: EF