instance: r_10_0.2_9.txt
obj: 19.0
bound: 19.0
gap: 0.0
time: 40.49911093711853
preprocess_time: 0.035641
sepa_time: 0.0
node: 60944
formulation: EFP