instance: r_10_0.1_12.txt
obj: 2.0
bound: 2.0
gap: 0.0
time: 0.02821803092956543
preprocess_time: 0.02355
sepa_time: 6.9364385136217e-310
node: 1
formulation: EVFP