instance: r_10_0.3_12.txt
obj: 2.0
bound: 2.0
gap: 0.0
time: 0.4261338710784912
preprocess_time: 0.012828
sepa_time: 6.923974832289e-310
node: 1
formulation: EF