instance: r_10_0.4_13.txt
obj: 2.0
bound: 2.0
gap: 0.0
time: 0.032269954681396484
preprocess_time: 0.025379
sepa_time: 7.0e-323
node: 1
formulation: LEVFP