instance: r_10_0.4_13.txt
obj: 25.0
bound: 25.0
gap: 0.0
time: 0.9279048442840576
preprocess_time: 1.233879
sepa_time: 3.2313347302277098e13
node: 1
formulation: LEFPV2