instance: r_10_0.4_13.txt
obj: 2.0
bound: 2.0
gap: 0.0
time: 0.023350000381469727
preprocess_time: 1.220061
sepa_time: 0.0
node: 1
formulation: LEFPD