instance: r_10_0.4_13.txt
obj: 25.0
bound: 25.0
gap: 0.0
time: 0.6244769096374512
preprocess_time: 1.326846
sepa_time: 1.386688470354396e13
node: 1
formulation: LEFPV