instance: r_10_0.3_12.txt
obj: 24.0
bound: 24.0
gap: 0.0
time: 1.2000939846038818
preprocess_time: 1.235042
sepa_time: 2.767725785949458e13
node: 352
formulation: LEFPV2