instance: r_10_0.3_12.txt
obj: 24.0
bound: 24.0
gap: 0.0
time: 854.246011018753
preprocess_time: 0.036288
sepa_time: 3.0e-323
node: 355990
formulation: EVFP