instance: r_10_0.1_12.txt
obj: 23.0
bound: 23.0
gap: 0.0
time: 202.70431303977966
preprocess_time: 0.036531
sepa_time: 1.0e-323
node: 18687
formulation: EF