instance: r_10_0.2_9.txt
obj: 19.0
bound: 19.0
gap: 0.0
time: 0.0008029937744140625
preprocess_time: 0.955663
sepa_time: 0.0
node: 0
formulation: LEFPV