instance: r_10_0.2_9.txt
obj: 2.0
bound: 2.0
gap: 0.0
time: 0.011345148086547852
preprocess_time: 0.022784
sepa_time: 6.89889400738586e-310
node: 1
formulation: EVFP