instance: r_10_0.1_12.txt
obj: 23.0
bound: 23.0
gap: 0.0
time: 0.012253999710083008
preprocess_time: 0.035001
sepa_time: 5.0e-324
node: 1
formulation: LEVFP