instance: r_15_0.3_25.txt
obj: 46.0
bound: 46.0
gap: 0.0
time: 1.5982780456542969
preprocess_time: 1.297305
sepa_time: 2.769298579350938e13
node: 1467
formulation: LEFPV2