instance: r_15_0.4_45.txt
obj: 75.0
bound: 70.0
gap: 0.06666666666666667
time: 7199.956806898117
preprocess_time: 0.046047
sepa_time: 0.0
node: 3271632
formulation: EFP