instance: r_15_0.4_45.txt
obj: 2.0
bound: 2.0
gap: 0.0
time: 9.676745891571045
preprocess_time: 1.229744
sepa_time: 1.3887876253124084e13
node: 101
formulation: LEFPV