instance: r_15_0.1_14.txt
obj: 4.0
bound: 4.0
gap: 0.0
time: 0.023375988006591797
preprocess_time: 0.022927
sepa_time: 6.94297717605717e-310
node: 1
formulation: LEVFP