instance: r_15_0.4_45.txt
obj: 74.0
bound: 74.0
gap: 0.0
time: 31.868134021759033
preprocess_time: 1.250454
sepa_time: 0.0
node: 12972
formulation: LEFPD