instance: r_15_0.1_14.txt
obj: 28.0
bound: 28.0
gap: 0.0
time: 41.18048691749573
preprocess_time: 0.036761
sepa_time: 0.0
node: 10562
formulation: EVFP