instance: r_15_0.2_22.txt
obj: 3.0
bound: 3.0
gap: 0.0
time: 0.9413919448852539
preprocess_time: 1.226417
sepa_time: 1.3846456438925121e13
node: 1
formulation: LEFPV2