instance: r_15_0.2_22.txt
obj: 42.0
bound: 39.0
gap: 0.07142857142857142
time: 7201.540675878525
preprocess_time: 0.040926
sepa_time: 1.0e-323
node: 283800
formulation: EF