instance: r_15_0.1_14.txt
obj: 4.0
bound: 4.0
gap: 0.0
time: 0.21477913856506348
preprocess_time: 0.01315
sepa_time: 6.93078996765364e-310
node: 1
formulation: EF