instance: r_15_0.4_45.txt
obj: 2.0
bound: 2.0
gap: 0.0
time: 3.8176629543304443
preprocess_time: 1.228042
sepa_time: 0.0
node: 12
formulation: LEFPD