instance: r_15_0.3_25.txt
obj: 3.0
bound: 3.0
gap: 0.0
time: 7.396681070327759
preprocess_time: 0.01187
sepa_time: 5.0e-324
node: 1
formulation: EF