instance: r_15_0.4_45.txt
obj: 74.0
bound: 74.0
gap: 0.0
time: 7.713608980178833
preprocess_time: 0.035807
sepa_time: 1.02534836643315e-310
node: 5809
formulation: LEVFP