instance: r_15_0.4_45.txt
obj: 2.0
bound: 2.0
gap: 0.0
time: 7.470441818237305
preprocess_time: 0.965216
sepa_time: 0.0
node: 94
formulation: LEFPI