instance: r_15_0.2_22.txt
obj: 41.0
bound: 41.0
gap: 0.0
time: 0.1164858341217041
preprocess_time: 1.236723
sepa_time: 0.0
node: 24
formulation: LEFP