instance: r_15_0.4_45.txt
obj: 2.0
bound: 2.0
gap: 0.0
time: 0.35082507133483887
preprocess_time: 0.023649
sepa_time: 4.4e-323
node: 1
formulation: EVFP