instance: r_15_0.3_25.txt
obj: 3.0
bound: 3.0
gap: 0.0
time: 0.4063408374786377
preprocess_time: 0.941557
sepa_time: 0.0
node: 3
formulation: LEFP