instance: r_15_0.2_22.txt
obj: 3.0
bound: 3.0
gap: 0.0
time: 0.07983684539794922
preprocess_time: 0.023383
sepa_time: 0.0
node: 1
formulation: EVFP