instance: r_15_0.4_45.txt
org_node: 15
org_edge: 45
org_min_len: 0.30258690223972634
org_avg_len: 0.6749456380399296
org_max_len: 0.9953368121261363
dtf_node: 19
dtf_edge: 49
dtf_min_len: 0.13385066146615346
dtf_avg_len: 0.619848034934629
dtf_max_len: 0.9953368121261363
sdb_node: 174
sdb_edge: 204
sdb_min_len: 0.11657464998638951
sdb_avg_len: 0.14888506721469041
sdb_max_len: 0.16782382308254204
dlt: 0.1687364095099824
formulation: None