instance: r_15_0.4_45.txt
obj: 74.0
bound: 73.0
gap: 0.013513513513513514
time: 7199.958279132843
preprocess_time: 0.045143
sepa_time: 1.5e-323
node: 294988
formulation: EVFP