instance: r_15_0.1_14.txt
obj: 4.0
bound: 4.0
gap: 0.0
time: 0.5688960552215576
preprocess_time: 1.218945
sepa_time: 1.3873905330100396e13
node: 1
formulation: LEFPV