instance: r_15_0.2_22.txt
obj: 41.0
bound: 41.0
gap: 0.0
time: 1.2706310749053955
preprocess_time: 1.237937
sepa_time: 2.7697524263976203e13
node: 198
formulation: LEFPV2