instance: r_15_0.1_14.txt
obj: 28.0
bound: 28.0
gap: 0.0
time: 0.003312826156616211
preprocess_time: 1.23349
sepa_time: 0.0
node: 1
formulation: LEFPV