instance: r_15_0.2_22.txt
obj: 41.0
bound: 41.0
gap: 0.0
time: 0.14446711540222168
preprocess_time: 0.034428
sepa_time: 1.83e-322
node: 173
formulation: LEVFP