instance: r_20_0.1_23.txt
obj: 44.0
bound: 44.0
gap: 0.0
time: 0.05916309356689453
preprocess_time: 0.035048
sepa_time: 0.0
node: 1
formulation: LEVFP