instance: r_20_0.1_23.txt
obj: 4.0
bound: 4.0
gap: 0.0
time: 0.16164088249206543
preprocess_time: 0.956987
sepa_time: 0.0
node: 1
formulation: LEFPI