instance: r_20_0.3_49.txt
obj: 84.0
bound: 83.00000666983019
gap: 0.011904682502021606
time: 192.86636900901794
preprocess_time: 1.30468
sepa_time: 0.0
node: 173601
formulation: LEFP