instance: r_20_0.4_69.txt
obj: 115.0
bound: 114.00002200195148
gap: 0.00869546085259584
time: 210.41420197486877
preprocess_time: 0.035201
sepa_time: 2.87e-322
node: 119757
formulation: LEVFP