instance: r_20_0.1_23.txt
obj: 44.0
bound: 44.0
gap: 0.0
time: 132.2163200378418
preprocess_time: 0.037721
sepa_time: 6.90264010845816e-310
node: 11140
formulation: EVFP