instance: r_20_0.3_49.txt
obj: 84.0
bound: 83.00002465497273
gap: 0.011904468393181742
time: 686.0570950508118
preprocess_time: 1.348286
sepa_time: 0.0
node: 209033
formulation: LEFPD