instance: r_20_0.4_69.txt
obj: 2.0
bound: 2.0
gap: 0.0
time: 20.08847689628601
preprocess_time: 1.011849
sepa_time: 0.0
node: 65
formulation: LEFP