instance: r_20_0.4_69.txt
obj: 115.0
bound: 114.00002270956995
gap: 0.008695454699391763
time: 166.18445491790771
preprocess_time: 1.283867
sepa_time: 1.2459740622083703e14
node: 131839
formulation: LEFPV