instance: r_20_0.4_69.txt
obj: 115.0
bound: 114.00002220610666
gap: 0.00869545907733336
time: 251.26913118362427
preprocess_time: 1.241391
sepa_time: 0.0
node: 62953
formulation: LEFPD