instance: r_20_0.2_34.txt
obj: 3.0
bound: 3.0
gap: 0.0
time: 2.001682996749878
preprocess_time: 1.241625
sepa_time: 1.3846346758345715e13
node: 112
formulation: LEFPV2