instance: r_20_0.1_23.txt
obj: 4.0
bound: 4.0
gap: 0.0
time: 0.08239912986755371
preprocess_time: 0.022435
sepa_time: 1.5e-323
node: 1
formulation: LEVFP