instance: r_20_0.4_69.txt
obj: 68.0
bound: 0.0
gap: 1.0
time: 7200.174532175064
preprocess_time: 0.012622
sepa_time: 6.8994823581923e-310
node: 1
formulation: EF