instance: r_20_0.3_49.txt
obj: 84.0
bound: 75.00000000000004
gap: 0.10714285714285664
time: 7199.956030845642
preprocess_time: 0.046824
sepa_time: 0.0
node: 3338525
formulation: EFP