instance: r_20_0.4_69.txt
obj: 2.0
bound: 2.0
gap: 0.0
time: 20.09424090385437
preprocess_time: 0.027257
sepa_time: 0.0
node: 65
formulation: EFP