instance: r_20_0.2_34.txt
obj: 61.0
bound: 61.0
gap: 0.0
time: 1.823322057723999
preprocess_time: 0.035328
sepa_time: 2.56e-321
node: 1928
formulation: LEVFP