instance: r_20_0.2_34.txt
obj: 61.0
bound: 61.0
gap: 0.0
time: 2.670930862426758
preprocess_time: 1.235283
sepa_time: 4.615134134137938e12
node: 1711
formulation: LEFPV2