instance: r_20_0.4_69.txt
obj: 115.0
bound: 114.00001391520507
gap: 0.008695531172129796
time: 162.22721791267395
preprocess_time: 1.236826
sepa_time: 2.7695186530457133e13
node: 98250
formulation: LEFPV2