instance: r_20_0.3_49.txt
obj: 84.0
bound: 83.00000283492126
gap: 0.011904728155699271
time: 311.6548659801483
preprocess_time: 1.317261
sepa_time: 0.0
node: 310825
formulation: LEFPI