instance: r_20_0.1_23.txt
obj: 44.0
bound: 44.0
gap: 0.0
time: 0.06160283088684082
preprocess_time: 1.213093
sepa_time: 0.0
node: 34
formulation: LEFPI