instance: r_20_0.2_34.txt
obj: 61.0
bound: 61.0
gap: 0.0
time: 0.8862829208374023
preprocess_time: 1.230872
sepa_time: 0.0
node: 704
formulation: LEFPD