instance: r_20_0.3_49.txt
obj: 2.0
bound: 2.0
gap: 0.0
time: 4.430542945861816
preprocess_time: 1.223782
sepa_time: 1.387328809176177e13
node: 3
formulation: LEFPV2