instance: r_20_0.4_69.txt
obj: 116.0
bound: 110.0
gap: 0.05172413793103448
time: 7199.950578927994
preprocess_time: 0.056623
sepa_time: 0.0
node: 216416
formulation: EVFP