instance: r_20_0.3_49.txt
obj: 2.0
bound: 2.0
gap: 0.0
time: 0.36351895332336426
preprocess_time: 0.02731
sepa_time: 1.2e-322
node: 1
formulation: EVFP