instance: r_20_0.2_34.txt
org_node: 20
org_edge: 34
org_min_len: 0.27087560603331007
org_avg_len: 0.6142704165081561
org_max_len: 0.9824660469310703
dtf_node: 20
dtf_edge: 34
dtf_min_len: 0.27087560603331007
dtf_avg_len: 0.6142704165081561
dtf_max_len: 0.9824660469310703
sdb_node: 20
sdb_edge: 34
sdb_min_len: 0.27087560603331007
sdb_avg_len: 0.6142704165081561
sdb_max_len: 0.9824660469310703
dlt: 1.2285408330163121
formulation: None