instance: r_20_0.2_34.txt
obj: 3.0
bound: 3.0
gap: 0.0
time: 0.9424669742584229
preprocess_time: 0.023203
sepa_time: 0.0
node: 77
formulation: EVFP