instance: treeA.600.90
org_node: 600
org_edge: 689
org_min_len: 1.000290670484699
org_avg_len: 1.5040941495660771
org_max_len: 1.9990818671524297
dtf_node: 411
dtf_edge: 500
dtf_min_len: 1.0005405804413767
dtf_avg_len: 2.072641738102054
dtf_max_len: 13.325997726485582
sdb_node: 2920
sdb_edge: 3009
sdb_min_len: 0.28249446790969723
sdb_avg_len: 0.3444070684782391
sdb_max_len: 0.37586793585617395
dlt: 0.3760235373915193
formulation: None