instance: treeA.500.50
obj: 107.0
bound: 107.0
gap: 0.0
time: 62.292338132858276
preprocess_time: 0.071175
sepa_time: 6.90998304380737e-310
node: 968
formulation: LEVFP