instance: treeA.500.75
obj: 104.0
bound: 104.0
gap: 0.0
time: 172.22094011306763
preprocess_time: 1.342379
sepa_time: 0.0
node: 7932
formulation: LEFPAI