instance: treeA.600.60
obj: 1301.0
bound: 1157.0
gap: 0.11068408916218293
time: 7197.068557977676
preprocess_time: 2.964595
sepa_time: 0.0
node: 235471
formulation: EFP