instance: treeA.300.15
obj: 627.0
bound: 564.0
gap: 0.10047846889952153
time: 7199.123902082443
preprocess_time: 0.889838
sepa_time: 0.0
node: 966013
formulation: EFP