instance: treeA.700.105
obj: 1562.0
bound: 1549.0
gap: 0.008322663252240717
time: 7198.115051984787
preprocess_time: 1.887695
sepa_time: 0.0
node: 1799329
formulation: LEFPAI