instance: treeA.400.20
obj: 95.0
bound: 95.0
gap: 0.0
time: 2.5424489974975586
preprocess_time: 0.070143
sepa_time: 0.0
node: 117
formulation: EFP