instance: treeA.600.30
obj: 1247.0
bound: 1246.0
gap: 0.0008019246190858059
time: 7198.218663930893
preprocess_time: 1.79178
sepa_time: 1.384219980421207e13
node: 4383244
formulation: LEFPAV