instance: treeA.300.30
org_node: 300
org_edge: 329
org_min_len: 1.0005705377511838
org_avg_len: 1.4945294850114772
org_max_len: 1.9970764156328928
dtf_node: 300
dtf_edge: 329
dtf_min_len: 1.0005705377511838
dtf_avg_len: 1.4945294850114772
dtf_max_len: 1.9970764156328928
sdb_node: 300
sdb_edge: 329
sdb_min_len: 1.0005705377511838
sdb_avg_len: 1.4945294850114772
sdb_max_len: 1.9970764156328928
dlt: 2.9890589700229544
formulation: None