instance: treeA.400.40
obj: 857.0
bound: 855.0
gap: 0.002333722287047841
time: 7199.875427007675
preprocess_time: 0.127434
sepa_time: 5.0e-324
node: 4524428
formulation: LEVFP