instance: treeA.500.25
obj: 1042.0
bound: 1042.0
gap: 0.0
time: 3115.910971879959
preprocess_time: 1.263904
sepa_time: 0.0
node: 2479637
formulation: LEFP