instance: treeA.500.50
obj: 107.0
bound: 107.0
gap: 0.0
time: 26.61375403404236
preprocess_time: 0.093988
sepa_time: 0.0
node: 863
formulation: EFP