instance: treeA.300.30
obj: 61.99999999016312
bound: 61.99999999016312
gap: 0.0
time: 14.305511951446533
preprocess_time: 0.044496
sepa_time: 0.0
node: 2240
formulation: EFP