instance: treeA.400.60
obj: 91.0
bound: 91.0
gap: 0.0
time: 450.77139687538147
preprocess_time: 1.473474
sepa_time: 0.0
node: 10684
formulation: LEFPAD