instance: treeA.500.50
obj: 1073.0
bound: 1069.0
gap: 0.003727865796831314
time: 7198.180121898651
preprocess_time: 1.823216
sepa_time: 0.0
node: 662893
formulation: LEFPAD