instance: treeA.700.70
org_node: 700
org_edge: 769
org_min_len: 1.000326412441812
org_avg_len: 1.4934502938898109
org_max_len: 1.9995409774238544
dtf_node: 700
dtf_edge: 769
dtf_min_len: 1.000326412441812
dtf_avg_len: 1.4934502938898109
dtf_max_len: 1.9995409774238544
sdb_node: 700
sdb_edge: 769
sdb_min_len: 1.000326412441812
sdb_avg_len: 1.4934502938898109
sdb_max_len: 1.9995409774238544
dlt: 2.9869005877796218
formulation: None