instance: treeA.500.50
obj: 1073.0
bound: 1073.0
gap: 0.0
time: 1485.5116760730743
preprocess_time: 1.732213
sepa_time: 0.0
node: 477051
formulation: LEFPAI