instance: treeA.300.15
obj: 67.0
bound: 67.0
gap: 0.0
time: 0.19811010360717773
preprocess_time: 1.224504
sepa_time: 0.0
node: 1
formulation: LEFPA