instance: treeA.400.60
obj: 87.0
bound: 87.0
gap: 0.0
time: 3.4121439456939697
preprocess_time: 0.934085
sepa_time: 0.0
node: 25
formulation: LEFP