instance: treeA.300.45
obj: 62.0
bound: 62.0
gap: 0.0
time: 8.57978105545044
preprocess_time: 1.698076
sepa_time: 0.0
node: 928
formulation: LEFPA