instance: treeA.500.25
obj: 1044.0
bound: 1044.0
gap: 0.0
time: 1007.569375038147
preprocess_time: 1.708546
sepa_time: 0.0
node: 460083
formulation: LEFPAI