instance: treeA.400.40
obj: 91.0
bound: 91.0
gap: 0.0
time: 11.03548002243042
preprocess_time: 1.294848
sepa_time: 0.0
node: 1094
formulation: LEFPAD