instance: treeA.300.15
org_node: 300
org_edge: 314
org_min_len: 1.002886111272319
org_avg_len: 1.508081102572165
org_max_len: 1.9953460795521862
dtf_node: 196
dtf_edge: 210
dtf_min_len: 1.002886111272319
dtf_avg_len: 2.2549403152745704
dtf_max_len: 9.379900414018064
sdb_node: 1348
sdb_edge: 1362
sdb_min_len: 0.28297150533381343
sdb_avg_len: 0.3476780221788984
sdb_max_len: 0.3767711279280811
dlt: 0.37702027564304125
formulation: None