instance: treeA.300.30
obj: 644.0
bound: 643.0
gap: 0.0015527950310559005
time: 7199.966168880463
preprocess_time: 0.03877
sepa_time: 0.0
node: 5234676
formulation: LEVFP