instance: treeA.300.30
obj: 644.0
bound: 643.0000000000013
gap: 0.0015527950310539587
time: 7198.304475069046
preprocess_time: 1.69639
sepa_time: 0.0
node: 3537222
formulation: LEFPAI