instance: treeA.700.70
obj: 153.0
bound: 153.0
gap: 0.0
time: 17.404501914978027
preprocess_time: 1.346412
sepa_time: 0.0
node: 578
formulation: LEFPAI