instance: treeA.600.60
obj: 123.0
bound: 123.0
gap: 0.0
time: 26.345628023147583
preprocess_time: 0.193584
sepa_time: 0.0
node: 660
formulation: EFP