instance: treeA.500.75
obj: 1117.0
bound: 1108.0
gap: 0.008057296329453895
time: 7198.270796060562
preprocess_time: 1.73261
sepa_time: 0.0
node: 2378386
formulation: LEFPA