instance: treeA.300.45
obj: 671.0
bound: 668.0000000000005
gap: 0.004470938897167728
time: 7198.271219968796
preprocess_time: 1.730925
sepa_time: 1.3842199804212018e13
node: 3896246
formulation: LEFPAV