instance: treeA.300.30
obj: 644.0
bound: 643.0000000000003
gap: 0.001552795031055371
time: 7198.658911943436
preprocess_time: 1.343229
sepa_time: 0.0
node: 1594686
formulation: LEFPAD