instance: treeA.300.15
obj: 622.0
bound: 622.0
gap: 0.0
time: 2211.563821077347
preprocess_time: 1.691543
sepa_time: 0.0
node: 1453693
formulation: LEFPAI