instance: treeA.700.35
obj: 1451.0
bound: 1451.0
gap: 0.0
time: 141.8397560119629
preprocess_time: 1.74814
sepa_time: 0.0
node: 51818
formulation: LEFPAI