instance: treeA.700.105
org_node: 700
org_edge: 804
org_min_len: 1.0003590286551391
org_avg_len: 1.490022519201965
org_max_len: 1.9994793920779128
dtf_node: 452
dtf_edge: 556
dtf_min_len: 1.0023342099158516
dtf_avg_len: 2.154636880284857
dtf_max_len: 7.863688893879049
sdb_node: 3404
sdb_edge: 3508
sdb_min_len: 0.27987219431209986
sdb_avg_len: 0.3414988898056975
sdb_max_len: 0.37226200709660284
dlt: 0.37250562980049123
formulation: None