instance: treeA.500.75
obj: 1110.9999999990573
bound: 1104.0
gap: 0.00630063006216314
time: 7198.712000131607
preprocess_time: 1.291284
sepa_time: 0.0
node: 1804838
formulation: LEFP