instance: treeA.300.15
obj: 67.0
bound: 67.0
gap: 0.0
time: 1.227912187576294
preprocess_time: 1.239734
sepa_time: 0.0
node: 1
formulation: LEFP