instance: treeA.200.10
org_node: 200
org_edge: 209
org_min_len: 1.0050501443874618
org_avg_len: 1.503789766505584
org_max_len: 1.984402562727856
dtf_node: 200
dtf_edge: 209
dtf_min_len: 1.0050501443874618
dtf_avg_len: 1.503789766505584
dtf_max_len: 1.984402562727856
sdb_node: 200
sdb_edge: 209
sdb_min_len: 1.0050501443874618
sdb_avg_len: 1.503789766505584
sdb_max_len: 1.984402562727856
dlt: 3.007579533011168
formulation: None