instance: treeA.600.60
obj: 1295.99999975
bound: 1291.0
gap: 0.0038580244992009426
time: 7198.168403863907
preprocess_time: 1.832713
sepa_time: 0.0
node: 2920915
formulation: LEFPAI