instance: treeA.200.20
obj: 430.0
bound: 430.0
gap: 0.0
time: 19.923374891281128
preprocess_time: 1.217805
sepa_time: 0.0
node: 10776
formulation: LEFP