instance: treeA.500.50
obj: 109.0
bound: 109.0
gap: 0.0
time: 3.720694065093994
preprocess_time: 1.302795
sepa_time: 1.2448113230785423e14
node: 275
formulation: LEFPAV