instance: treeA.200.30
obj: 41.0
bound: 41.0
gap: 0.0
time: 0.5614221096038818
preprocess_time: 1.394337
sepa_time: 0.0
node: 1
formulation: LEFPA