instance: treeA.700.70
obj: 1512.0
bound: 1502.0
gap: 0.006613756613756613
time: 7198.142143011093
preprocess_time: 1.861752
sepa_time: 0.0
node: 183742
formulation: LEFPAD