instance: treeA.400.20
org_node: 400
org_edge: 419
org_min_len: 1.0009883845933354
org_avg_len: 1.494177557368706
org_max_len: 1.991328579876655
dtf_node: 400
dtf_edge: 419
dtf_min_len: 1.0009883845933354
dtf_avg_len: 1.494177557368706
dtf_max_len: 1.991328579876655
sdb_node: 400
sdb_edge: 419
sdb_min_len: 1.0009883845933354
sdb_avg_len: 1.494177557368706
sdb_max_len: 1.991328579876655
dlt: 2.988355114737412
formulation: None