instance: treeA.500.25
obj: 110.0
bound: 110.0
gap: 0.0
time: 1.5303120613098145
preprocess_time: 0.070692
sepa_time: 0.0
node: 1
formulation: EFP