instance: treeA.500.25
org_node: 500
org_edge: 524
org_min_len: 1.000592807050478
org_avg_len: 1.5164376711459084
org_max_len: 1.999041537513349
dtf_node: 500
dtf_edge: 524
dtf_min_len: 1.000592807050478
dtf_avg_len: 1.5164376711459084
dtf_max_len: 1.999041537513349
sdb_node: 500
sdb_edge: 524
sdb_min_len: 1.000592807050478
sdb_avg_len: 1.5164376711459084
sdb_max_len: 1.999041537513349
dlt: 3.032875342291817
formulation: None