instance: treeA.300.15
org_node: 300
org_edge: 314
org_min_len: 1.002886111272319
org_avg_len: 1.508081102572165
org_max_len: 1.9953460795521862
dtf_node: 300
dtf_edge: 314
dtf_min_len: 1.002886111272319
dtf_avg_len: 1.508081102572165
dtf_max_len: 1.9953460795521862
sdb_node: 300
sdb_edge: 314
sdb_min_len: 1.002886111272319
sdb_avg_len: 1.508081102572165
sdb_max_len: 1.9953460795521862
dlt: 3.01616220514433
formulation: None