instance: treeA.200.30
obj: 41.0
bound: 41.0
gap: 0.0
time: 0.905972957611084
preprocess_time: 1.270848
sepa_time: 0.0
node: 1
formulation: LEFPAD