instance: treeA.200.30
obj: 445.0
bound: 445.0
gap: 0.0
time: 100.80134797096252
preprocess_time: 0.04152
sepa_time: 6.9155760079175e-310
node: 69678
formulation: LEVFP