instance: treeA.500.75
org_node: 500
org_edge: 574
org_min_len: 1.0009030472372356
org_avg_len: 1.485806816207586
org_max_len: 1.9985700101275303
dtf_node: 500
dtf_edge: 574
dtf_min_len: 1.0009030472372356
dtf_avg_len: 1.485806816207586
dtf_max_len: 1.9985700101275303
sdb_node: 500
sdb_edge: 574
sdb_min_len: 1.0009030472372356
sdb_avg_len: 1.485806816207586
sdb_max_len: 1.9985700101275303
dlt: 2.971613632415172
formulation: None