instance: treeA.400.60
obj: 885.0
bound: 883.0000000000005
gap: 0.0022598870056492037
time: 7198.666748046875
preprocess_time: 1.336309
sepa_time: 0.0
node: 2806440
formulation: LEFP