instance: treeA.200.30
obj: 448.0
bound: 446.0000000000005
gap: 0.004464285714284573
time: 7198.303411960602
preprocess_time: 1.698222
sepa_time: 1.3842199804212002e13
node: 4281048
formulation: LEFPAV