instance: treeA.400.20
obj: 96.0
bound: 96.0
gap: 0.0
time: 1.2724719047546387
preprocess_time: 1.343261
sepa_time: 2.7683742306628383e13
node: 57
formulation: LEFPAV