instance: treeA.400.20
org_node: 400
org_edge: 419
org_min_len: 1.0009883845933354
org_avg_len: 1.494177557368706
org_max_len: 1.991328579876655
dtf_node: 256
dtf_edge: 275
dtf_min_len: 1.0009883845933354
dtf_avg_len: 2.2765832601363183
dtf_max_len: 8.683527793799815
sdb_node: 1800
sdb_edge: 1819
sdb_min_len: 0.2811851855256037
sdb_avg_len: 0.3441783378435884
sdb_max_len: 0.3732159567824912
dlt: 0.3735443893421765
formulation: None