instance: treeA.300.15
obj: 622.0
bound: 622.0
gap: 0.0
time: 2143.296884059906
preprocess_time: 1.800073
sepa_time: 1.3842199804212006e13
node: 1577371
formulation: LEFPAV