instance: treeA.700.70
obj: 150.0
bound: 150.0
gap: 0.0
time: 6972.466887950897
preprocess_time: 0.190231
sepa_time: 0.0
node: 285977
formulation: LEVFP