instance: treeA.600.60
obj: 1297.0
bound: 1287.0
gap: 0.007710100231303007
time: 7198.275106906891
preprocess_time: 1.727835
sepa_time: 1.3842199804212086e13
node: 2604251
formulation: LEFPAV