instance: treeA.700.35
obj: 1451.0
bound: 1451.0
gap: 0.0
time: 243.1869819164276
preprocess_time: 1.811064
sepa_time: 0.0
node: 106986
formulation: LEFPA