instance: treeA.500.25
obj: 111.0
bound: 111.0
gap: 0.0
time: 1.6272978782653809
preprocess_time: 1.342827
sepa_time: 4.621603677735121e12
node: 1
formulation: LEFPAV