instance: treeA.600.60
obj: 1298.0
bound: 1287.0
gap: 0.00847457627118644
time: 7198.078601837158
preprocess_time: 1.925888
sepa_time: 0.0
node: 3783686
formulation: LEFPA