instance: treeA.600.60
obj: 131.0
bound: 130.00000000000028
gap: 0.007633587786257372
time: 7198.590205907822
preprocess_time: 1.412011
sepa_time: 0.0
node: 1100378
formulation: LEFPAI