instance: treeA.500.50
obj: 1073.0
bound: 1072.0
gap: 0.0009319664492078285
time: 7198.265522003174
preprocess_time: 1.737444
sepa_time: 1.3842199804212062e13
node: 2858959
formulation: LEFPAV