instance: treeA.200.10
obj: 44.0
bound: 44.0
gap: 0.0
time: 0.8648018836975098
preprocess_time: 1.312373
sepa_time: 0.0
node: 450
formulation: LEFPA