instance: treeA.500.50
org_node: 500
org_edge: 549
org_min_len: 1.0016814828161797
org_avg_len: 1.4947777880383006
org_max_len: 1.9980070812005684
dtf_node: 311
dtf_edge: 360
dtf_min_len: 1.0018799357456298
dtf_avg_len: 2.279536126758407
dtf_max_len: 10.03281309615021
sdb_node: 2329
sdb_edge: 2378
sdb_min_len: 0.2817850694719968
sdb_avg_len: 0.34509377865139773
sdb_max_len: 0.3735993159416359
dlt: 0.37369444700957516
formulation: None