instance: treeA.600.90
obj: 122.0
bound: 121.00000000000014
gap: 0.008196721311474245
time: 7198.372674942017
preprocess_time: 1.632843
sepa_time: 2.0626594893323078e14
node: 750942
formulation: LEFPAV