instance: treeA.400.40
obj: 91.0
bound: 91.0
gap: 0.0
time: 13.365571975708008
preprocess_time: 0.942174
sepa_time: 0.0
node: 933
formulation: LEFP