instance: treeA.600.30
org_node: 600
org_edge: 629
org_min_len: 1.0006746135784967
org_avg_len: 1.4969160043145708
org_max_len: 1.9903424158885938
dtf_node: 372
dtf_edge: 401
dtf_min_len: 1.0038999989826185
dtf_avg_len: 2.3480303409323326
dtf_max_len: 13.284197160188546
sdb_node: 2681
sdb_edge: 2710
sdb_min_len: 0.2858784142516697
sdb_avg_len: 0.3474391759091743
sdb_max_len: 0.3742224694416522
dlt: 0.3742290010786427
formulation: None