instance: treeA.600.30
obj: 1247.0
bound: 1245.0000000000007
gap: 0.0016038492381710648
time: 7198.224534988403
preprocess_time: 1.776526
sepa_time: 0.0
node: 2532079
formulation: LEFPAI