instance: treeA.200.10
obj: 44.0
bound: 44.0
gap: 0.0
time: 8.558226108551025
preprocess_time: 1.289457
sepa_time: 0.0
node: 4402
formulation: LEFPAI