instance: treeA.500.50
obj: 1070.0
bound: 1069.0
gap: 0.0009345794392523365
time: 7199.930030822754
preprocess_time: 0.073532
sepa_time: 5.0e-324
node: 3477734
formulation: LEVFP