instance: treeA.600.30
obj: 126.0
bound: 126.0
gap: 0.0
time: 18.750646114349365
preprocess_time: 0.110453
sepa_time: 6.93752908246226e-310
node: 712
formulation: LEVFP