instance: treeA.300.45
obj: 671.0
bound: 668.0000000000007
gap: 0.004470938897167389
time: 7198.254776954651
preprocess_time: 1.747425
sepa_time: 0.0
node: 3418592
formulation: LEFPA