instance: treeA.300.45
org_node: 300
org_edge: 344
org_min_len: 1.0084689779420055
org_avg_len: 1.4799521642951448
org_max_len: 1.9943078919075363
dtf_node: 300
dtf_edge: 344
dtf_min_len: 1.0084689779420055
dtf_avg_len: 1.4799521642951448
dtf_max_len: 1.9943078919075363
sdb_node: 300
sdb_edge: 344
sdb_min_len: 1.0084689779420055
sdb_avg_len: 1.4799521642951448
sdb_max_len: 1.9943078919075363
dlt: 2.9599043285902895
formulation: None