instance: treeA.300.45
obj: 667.0
bound: 666.0000000000003
gap: 0.0014992503748120823
time: 7199.953339099884
preprocess_time: 0.050148
sepa_time: 0.0
node: 3175904
formulation: LEVFP