instance: treeA.600.90
obj: 1346.0
bound: 1336.0
gap: 0.007429420505200594
time: 7198.169478178024
preprocess_time: 1.834971
sepa_time: 0.0
node: 2731579
formulation: LEFPA