instance: treeA.500.75
obj: 1111.0
bound: 1104.0
gap: 0.0063006300630063005
time: 7199.854671001434
preprocess_time: 0.149482
sepa_time: 0.0
node: 2123107
formulation: LEVFP