instance: treeA.200.20
obj: 47.0
bound: 47.0
gap: 0.0
time: 3.099015951156616
preprocess_time: 1.311223
sepa_time: 5.560175603966284e13
node: 810
formulation: LEFPAV