instance: treeA.200.20
obj: 47.0
bound: 47.0
gap: 0.0
time: 11.520512104034424
preprocess_time: 1.340499
sepa_time: 0.0
node: 757
formulation: LEFPAD