instance: treeA.200.10
obj: 415.0
bound: 415.0
gap: 0.0
time: 1.0799658298492432
preprocess_time: 1.331142
sepa_time: 0.0
node: 1125
formulation: LEFPA