instance: treeA.700.70
obj: 1503.0
bound: 1499.0
gap: 0.0026613439787092482
time: 7199.901525974274
preprocess_time: 0.106261
sepa_time: 6.9002314810176e-310
node: 2459132
formulation: LEVFP