instance: treeA.200.10
obj: 44.0
bound: 44.0
gap: 0.0
time: 1.3381190299987793
preprocess_time: 1.285689
sepa_time: 1.3909827568980824e13
node: 190
formulation: LEFPAV