instance: treeA.200.30
obj: 448.0
bound: 447.00000000000057
gap: 0.0022321428571415885
time: 7198.340049982071
preprocess_time: 1.661616
sepa_time: 0.0
node: 3561445
formulation: LEFPA