instance: treeA.700.35
obj: 153.0
bound: 153.0
gap: 0.0
time: 21.039862155914307
preprocess_time: 2.026814
sepa_time: 0.0
node: 1082
formulation: LEFPAD