instance: treeA.200.30
obj: 39.0
bound: 39.0
gap: 0.0
time: 1.119724988937378
preprocess_time: 0.034677
sepa_time: 0.0
node: 1
formulation: EFP