instance: treeA.700.105
obj: 142.0
bound: 141.0
gap: 0.007042253521126761
time: 7198.482438087463
preprocess_time: 1.526176
sepa_time: 3.459078825583184e14
node: 761934
formulation: LEFPAV