instance: treeA.400.60
obj: 888.0
bound: 883.0
gap: 0.00563063063063063
time: 7198.319658994675
preprocess_time: 1.683655
sepa_time: 0.0
node: 2246969
formulation: LEFPA