instance: treeA.300.30
org_node: 300
org_edge: 329
org_min_len: 1.0005705377511838
org_avg_len: 1.4945294850114772
org_max_len: 1.9970764156328928
dtf_node: 189
dtf_edge: 218
dtf_min_len: 1.0005705377511838
dtf_avg_len: 2.2555055071962204
dtf_max_len: 11.587476228040352
sdb_node: 1398
sdb_edge: 1427
sdb_min_len: 0.28361713142652734
sdb_avg_len: 0.34456916648127356
sdb_max_len: 0.3736185149664926
dlt: 0.3736323712528693
formulation: None