instance: treeA.200.20
obj: 433.0
bound: 433.0
gap: 0.0
time: 20.65192413330078
preprocess_time: 1.644576
sepa_time: 0.6339640000000001
node: 10466
formulation: LEFPAV