instance: treeA.400.60
obj: 888.0
bound: 882.0
gap: 0.006756756756756757
time: 7198.328243017197
preprocess_time: 1.674723
sepa_time: 1.3842199804212025e13
node: 2007147
formulation: LEFPAV