instance: treeA.400.40
obj: 862.0
bound: 862.0
gap: 0.0
time: 3781.2373938560486
preprocess_time: 1.901664
sepa_time: 0.0
node: 1956046
formulation: LEFPAI