instance: treeA.700.35
obj: 153.0
bound: 153.0
gap: 0.0
time: 11.037729978561401
preprocess_time: 1.97565
sepa_time: 6.764457428298904e13
node: 808
formulation: LEFPAV