instance: treeA.600.60
obj: 1296.0
bound: 1283.0
gap: 0.010030864197530864
time: 7198.562631845474
preprocess_time: 1.44042
sepa_time: 0.0
node: 271439
formulation: LEFPAD