instance: treeA.500.25
obj: 1044.0
bound: 1044.0
gap: 0.0
time: 1260.453318119049
preprocess_time: 1.745567
sepa_time: 0.0
node: 788347
formulation: LEFPA