instance: treeA.500.25
obj: 111.0
bound: 111.0
gap: 0.0
time: 0.8677840232849121
preprocess_time: 1.333837
sepa_time: 0.0
node: 1
formulation: LEFPA