instance: treeA.200.30
org_node: 200
org_edge: 229
org_min_len: 1.0016092961170218
org_avg_len: 1.5056851505473687
org_max_len: 1.995483602652346
dtf_node: 200
dtf_edge: 229
dtf_min_len: 1.0016092961170218
dtf_avg_len: 1.5056851505473687
dtf_max_len: 1.995483602652346
sdb_node: 200
sdb_edge: 229
sdb_min_len: 1.0016092961170218
sdb_avg_len: 1.5056851505473687
sdb_max_len: 1.995483602652346
dlt: 3.0113703010947375
formulation: None