instance: treeA.200.20
obj: 43.0
bound: 43.0
gap: 0.0
time: 0.8318190574645996
preprocess_time: 0.033118
sepa_time: 0.0
node: 1
formulation: EFP