instance: treeA.500.50
obj: 107.0
bound: 107.0
gap: 0.0
time: 24.32301688194275
preprocess_time: 1.015505
sepa_time: 0.0
node: 863
formulation: LEFP