instance: treeA.700.70
obj: 150.0
bound: 149.0
gap: 0.006666666666666667
time: 7199.844366073608
preprocess_time: 0.167675
sepa_time: 0.0
node: 840471
formulation: EFP