instance: treeA.500.50
obj: 109.0
bound: 109.0
gap: 0.0
time: 2.62621808052063
preprocess_time: 1.366896
sepa_time: 0.0
node: 252
formulation: LEFPAI