instance: treeA.700.105
obj: 1562.0
bound: 1551.0
gap: 0.007042253521126761
time: 7198.170956134796
preprocess_time: 1.833564
sepa_time: 1.3842199804212078e13
node: 2181636
formulation: LEFPAV