instance: treeA.500.25
obj: 110.0
bound: 110.0
gap: 0.0
time: 1.766390085220337
preprocess_time: 1.284972
sepa_time: 0.0
node: 1
formulation: LEFP