instance: treeA.200.30
obj: 39.0
bound: 39.0
gap: 0.0
time: 2.099273920059204
preprocess_time: 0.03263
sepa_time: 1.5e-323
node: 1
formulation: LEVFP