instance: treeA.600.90
obj: 1363.0
bound: 1205.0
gap: 0.11592076302274394
time: 7196.9916450977325
preprocess_time: 3.040328
sepa_time: 0.0
node: 207754
formulation: EFP