instance: treeA.200.30
obj: 41.0
bound: 41.0
gap: 0.0
time: 0.602618932723999
preprocess_time: 1.285417
sepa_time: 0.0
node: 1
formulation: LEFPAI