instance: treeA.700.35
obj: 150.0
bound: 150.0
gap: 0.0
time: 155.54954504966736
preprocess_time: 0.172914
sepa_time: 0.0
node: 11248
formulation: EFP