instance: treeA.200.30
org_node: 200
org_edge: 229
org_min_len: 1.0016092961170218
org_avg_len: 1.5056851505473687
org_max_len: 1.995483602652346
dtf_node: 133
dtf_edge: 162
dtf_min_len: 1.024531852576899
dtf_avg_len: 2.1284067868848613
dtf_max_len: 7.205258347516162
sdb_node: 971
sdb_edge: 1000
sdb_min_len: 0.28314728734896155
sdb_avg_len: 0.3448018994753473
sdb_max_len: 0.3759326840824847
dlt: 0.3764212876368422
formulation: None