instance: treeA.200.20
org_node: 200
org_edge: 219
org_min_len: 1.0009676788769983
org_avg_len: 1.4888936961514
org_max_len: 1.9992277058975603
dtf_node: 130
dtf_edge: 149
dtf_min_len: 1.0052007320067164
dtf_avg_len: 2.1883739560882978
dtf_max_len: 7.698517348174571
sdb_node: 935
sdb_edge: 954
sdb_min_len: 0.2841148081028866
sdb_avg_len: 0.3417900623240635
sdb_max_len: 0.37184071823031584
dlt: 0.37222342403785
formulation: None