instance: treeA.300.30
obj: 644.0
bound: 642.0000000000003
gap: 0.0031055900621112715
time: 7198.67116189003
preprocess_time: 1.330971
sepa_time: 0.0
node: 5321169
formulation: LEFP