instance: treeA.500.75
obj: 104.0
bound: 104.0
gap: 0.0
time: 2794.5808210372925
preprocess_time: 1.828583
sepa_time: 3.2270156329034275e14
node: 265009
formulation: LEFPAV