instance: treeA.600.60
org_node: 600
org_edge: 659
org_min_len: 1.000426708997002
org_avg_len: 1.4958403078493951
org_max_len: 1.9964793111613726
dtf_node: 600
dtf_edge: 659
dtf_min_len: 1.000426708997002
dtf_avg_len: 1.4958403078493951
dtf_max_len: 1.9964793111613726
sdb_node: 600
sdb_edge: 659
sdb_min_len: 1.000426708997002
sdb_avg_len: 1.4958403078493951
sdb_max_len: 1.9964793111613726
dlt: 2.9916806156987903
formulation: None