instance: treeA.600.30
obj: 126.0
bound: 126.0
gap: 0.0
time: 11.891908884048462
preprocess_time: 1.017133
sepa_time: 0.0
node: 652
formulation: LEFP