instance: treeA.200.10
org_node: 200
org_edge: 209
org_min_len: 1.0050501443874618
org_avg_len: 1.503789766505584
org_max_len: 1.984402562727856
dtf_node: 123
dtf_edge: 132
dtf_min_len: 1.007476437874704
dtf_avg_len: 2.3810004636338404
dtf_max_len: 7.239167709824063
sdb_node: 894
sdb_edge: 903
sdb_min_len: 0.287293253241791
sdb_avg_len: 0.3480532239198973
sdb_max_len: 0.3749248211000353
dlt: 0.375947441626396
formulation: None