instance: r_10_0.2_9.txt
obj: 2.0
bound: 2.0
gap: 0.0
time: 0.010587930679321289
preprocess_time: 0.02074
sepa_time: 3.5e-323
node: 1
formulation: LEVFP