instance: r_10_0.1_12.txt
obj: 2.0
bound: 2.0
gap: 0.0
time: 0.02914118766784668
preprocess_time: 0.026887
node: 1
formulation: LEVFP