instance: r_10_0.4_13.txt
obj: 6.0
bound: 5.0
gap: 0.16666666666388888
time: 1.139801025390625
preprocess_time: 0.056265
node: 1571
formulation: LEFPI