instance: r_10_0.3_12.txt
obj: 6.0
bound: 4.999999999999997
gap: 0.16666666666388932
time: 0.23826885223388672
preprocess_time: 0.063041
node: 463
algo: RF