instance: r_10_0.4_13.txt
obj: 6.0
bound: 4.9999999999999964
gap: 0.1666666666638895
time: 0.18558979034423828
preprocess_time: 0.566418
node: 332
algo: EFPV2