instance: r_10_0.3_12.txt
obj: 2.0
bound: 2.0
gap: 0.0
time: 0.45488500595092773
preprocess_time: 1.039082
sepa_time: 1.3851376534415633e13
node: 1
formulation: LEFPAV