instance: r_10_0.3_12.txt
obj: 2.0
bound: 2.0
gap: 0.0
time: 0.4791281223297119
preprocess_time: 0.935516
sepa_time: 3.2287188387348535e13
node: 1
formulation: LEFPV