instance: r_10_0.1_12.txt
obj: 2.0
bound: 2.0
gap: 0.0
time: 0.047849178314208984
preprocess_time: 0.019197
node: 0
algo: EFPD