instance: r_10_0.4_13.txt
obj: 25.0
bound: 24.000000000000004
gap: 0.039999999999999855
time: 88.20411014556885
preprocess_time: 0.035635
sepa_time: 0.0
node: 64631
formulation: EFP