instance: r_10_0.1_12.txt
obj: 23.0
bound: 23.0
gap: 0.0
time: 39.94110703468323
preprocess_time: 0.035632
sepa_time: 6.0e-323
node: 10371
formulation: EVFP