instance: r_10_0.4_13.txt
obj: 6.0
bound: 4.999999999999998
gap: 0.16666666666388918
time: 0.6252408027648926
preprocess_time: 0.036396
node: 293
algo: EDF