instance: r_10_0.3_12.txt
obj: 3.0
bound: 2.0
gap: 0.3333333333222222
time: 0.01743912696838379
preprocess_time: 0.022254
node: 0
algo: EVFP