instance: r_10_0.2_9.txt
obj: 2.0
bound: 2.0
gap: 0.0
time: 0.09589099884033203
preprocess_time: 0.024295
node: 0
formulation: EF