instance: r_10_0.1_12.txt
obj: 2.0
bound: 2.0
gap: 0.0
time: 0.5518510341644287
preprocess_time: 0.015632
sepa_time: 2.0e-323
node: 1
formulation: EF