instance: r_10_0.3_12.txt
obj: 2.0
bound: 2.0
gap: 0.0
time: 0.60235595703125
preprocess_time: 0.025484
sepa_time: 8.65e-322
node: 1
formulation: EF