instance: r_10_0.1_12.txt
obj: 2.0
bound: 2.0
gap: 0.0
time: 0.013457059860229492
preprocess_time: 0.020369
node: 0
algo: EFP