instance: r_10_0.2_9.txt
obj: 2.0
bound: 2.0
gap: 0.0
time: 0.00745391845703125
preprocess_time: 0.995829
sepa_time: 0.0
node: 1
formulation: LEFPD