instance: r_10_0.3_12.txt
obj: 6.0
bound: 4.999999999999996
gap: 0.16666666666388963
time: 0.07006716728210449
preprocess_time: 0.368734
node: 140
algo: EFPV2