instance: r_10_0.4_13.txt
obj: 25.0
bound: 25.0
gap: 0.0
time: 0.054036855697631836
preprocess_time: 0.034176
sepa_time: 1.53e-322
node: 1
formulation: LEVFP