instance: r_10_0.2_9.txt
obj: 5.0
bound: 5.0
gap: 0.0
time: 0.002270221710205078
preprocess_time: 0.033458
node: 1
formulation: LEFPV