instance: r_10_0.4_13.txt
obj: 25.0
bound: 25.0
gap: 0.0
time: 0.02339315414428711
preprocess_time: 1.28958
sepa_time: 0.0
node: 1
formulation: LEFPV