instance: r_10_0.2_9.txt
obj: 2.0
bound: 2.0
gap: 0.0
time: 0.0
preprocess_time: 0.458029
sepa_time: 6.92176818455824e-310
node: 0
formulation: LEFPAD