instance: r_10_0.4_13.txt
obj: 25.0
bound: 25.0
gap: 0.0
time: 0.012272119522094727
preprocess_time: 0.045359
sepa_time: 6.93776979358243e-310
node: 1
formulation: LEVFP