instance: r_10_0.4_13.txt
obj: 25.0
bound: 25.0
gap: 0.0
time: 0.023170948028564453
preprocess_time: 1.22328
sepa_time: 0.0
node: 1
formulation: LEFP