instance: r_10_0.1_12.txt
obj: 23.0
bound: 23.0
gap: 0.0
time: 0.41793084144592285
preprocess_time: 0.954841
sepa_time: 1.3824586126151e13
node: 1
formulation: LEFPAV