instance: r_10_0.4_13.txt
obj: 25.0
bound: 25.0
gap: 0.0
time: 421.801148891449
preprocess_time: 0.036625
sepa_time: 0.0
node: 347596
formulation: EFP