instance: r_10_0.4_13.txt
obj: 2.0
bound: 2.0
gap: 0.0
time: 0.020640850067138672
preprocess_time: 0.035159
node: 0
algo: SF