instance: r_10_0.4_13.txt
obj: 6.0
bound: 4.999999999999992
gap: 0.1666666666638902
time: 0.8278050422668457
preprocess_time: 0.06215
node: 1242
algo: RF