instance: r_10_0.3_12.txt
obj: 17.0
bound: 16.000000000000004
gap: 0.0588235294117645
time: 19.083656072616577
preprocess_time: 0.044956
sepa_time: 6.94456851826654e-310
node: 10977
formulation: EVFP