instance: r_10_0.1_12.txt
obj: 23.0
bound: 23.0
gap: 0.0
time: 182.71406388282776
preprocess_time: 0.030222
sepa_time: 0.0
node: 18687
formulation: EF