instance: r_10_0.2_9.txt
obj: 5.0
bound: 4.0
gap: 0.199999999996
time: 0.03180885314941406
preprocess_time: 0.045991
node: 0
algo: EVFP