instance: r_10_0.3_12.txt
obj: 2.0
bound: 2.0
gap: 0.0
time: 0.014320850372314453
preprocess_time: 0.70715
node: 0
formulation: EFPV2