instance: r_10_0.4_13.txt
obj: 25.0
bound: 25.0
gap: 0.0
time: 0.023431062698364258
preprocess_time: 1.236763
sepa_time: 0.0
node: 1
formulation: LEFP