instance: r_10_0.2_9.txt
obj: 5.0
bound: 4.0
gap: 0.199999999996
time: 0.03461003303527832
preprocess_time: 0.05379
node: 0
formulation: EFPV