instance: r_10_0.3_12.txt
obj: 2.0
bound: 2.0
gap: 0.0
time: 0.014947891235351562
preprocess_time: 0.800677
node: 0
algo: EFPV2