instance: r_10_0.1_12.txt
obj: 2.0
bound: 2.0
gap: 0.0
time: 0.020603179931640625
preprocess_time: 0.016262
node: 0
algo: ERF