instance: r_10_0.3_12.txt
obj: 24.0
bound: 24.0
gap: 0.0
time: 0.09087109565734863
preprocess_time: 1.610403
sepa_time: 0.0
node: 211
formulation: LEFPA