instance: r_10_0.3_12.txt
obj: 0.0
bound: 0.0
gap: 0.0
time: 0.027883052825927734
preprocess_time: 0.055295
node: 0
algo: EVFP