instance: r_10_0.3_12.txt
obj: 2.0
bound: 2.0
gap: 0.0
time: 0.46103906631469727
preprocess_time: 0.941653
sepa_time: 1.6140901064496285e13
node: 1
formulation: LEFPAV