instance: r_10_0.2_9.txt
obj: 19.0
bound: 19.0
gap: 0.0
time: 0.002042055130004883
preprocess_time: 0.03416
sepa_time: 2.5e-323
node: 1
formulation: LEVFP