instance: r_10_0.1_12.txt
obj: 5.0
bound: 3.9999999999999947
gap: 0.19999999999600107
time: 0.21127080917358398
preprocess_time: 0.04379
node: 940
formulation: EFP