instance: r_10_0.1_12.txt
obj: 2.0
bound: 2.0
gap: 0.0
time: 0.4997398853302002
preprocess_time: 0.013814
sepa_time: 1.53e-322
node: 1
formulation: EF