instance: r_10_0.4_13.txt
obj: 6.0
bound: 5.000000000000001
gap: 0.16666666666666652
time: 0.26248908042907715
preprocess_time: 0.044312
node: 188
formulation: LEFP