instance: r_10_0.2_9.txt
obj: 5.0
bound: 5.0
gap: 0.0
time: 0.02325892448425293
preprocess_time: 0.045258
node: 0
algo: EFPD