instance: r_10_0.1_12.txt
obj: 2.0
bound: 2.0
gap: 0.0
time: 0.5799131393432617
preprocess_time: 0.018467
node: 1
formulation: EF