instance: r_10_0.4_13.txt
obj: 6.0
bound: 4.999999999999942
gap: 0.1666666666638985
time: 0.2603881359100342
preprocess_time: 0.044996
node: 484
formulation: LEFPDB