instance: r_10_0.4_13.txt
obj: 2.0
bound: 2.0
gap: 0.0
time: 0.01936197280883789
preprocess_time: 0.720171
node: 0
formulation: EFPV2