instance: r_10_0.3_12.txt
obj: 24.0
bound: 24.0
gap: 0.0
time: 0.12891101837158203
preprocess_time: 0.026154
sepa_time: 2.0e-323
node: 141
formulation: LEVFP