instance: r_10_0.1_12.txt
obj: 2.0
bound: 2.0
gap: 0.0
time: 0.04047083854675293
preprocess_time: 0.028403
sepa_time: 0.0
node: 1
formulation: LEVFP