instance: r_10_0.3_12.txt
obj: 24.0
bound: 24.0
gap: 0.0
time: 0.11336207389831543
preprocess_time: 0.044675
sepa_time: 0.0
node: 141
formulation: LEVFP