instance: r_10_0.1_12.txt
obj: 5.0
bound: 5.0
gap: 0.0
time: 0.07697582244873047
preprocess_time: 0.043616
node: 1
formulation: LEFP