instance: r_10_0.1_12.txt
obj: 5.0
bound: 5.0
gap: 0.0
time: 0.025189876556396484
preprocess_time: 0.043439
node: 1
formulation: LEFPD