instance: r_10_0.3_12.txt
obj: 5.9999996044233175
bound: 4.999999604917993
gap: 0.1666666775696849
time: 0.3406391143798828
preprocess_time: 0.051216
node: 1554
algo: F0