instance: r_10_0.2_9.txt
obj: 5.0
bound: 5.0
gap: 0.0
time: 0.023898839950561523
preprocess_time: 0.019685
node: 0
formulation: EFPI