instance: r_10_0.2_9.txt
obj: 2.0
bound: 2.0
gap: 0.0
time: 0.008370161056518555
preprocess_time: 0.362301
node: 0
algo: EFPV2