instance: r_10_0.3_12.txt
obj: 6.0
bound: 4.999999999999982
gap: 0.16666666666389185
time: 0.14215707778930664
preprocess_time: 0.071697
node: 292
formulation: EFPV