instance: r_10_0.1_12.txt
obj: 5.0
bound: 4.0
gap: 0.199999999996
time: 0.08517193794250488
preprocess_time: 0.056109
node: 0
algo: EFPD