instance: r_10_0.2_9.txt
obj: 5.0
bound: 5.0
gap: 0.0
time: 0.03321719169616699
preprocess_time: 0.027491
node: 0
formulation: EFPD