instance: r_10_0.3_12.txt
obj: 2.0
bound: 2.0
gap: 0.0
time: 0.06512308120727539
preprocess_time: 0.036838
sepa_time: 6.93361015439027e-310
node: 1
formulation: LEVFP