instance: r_10_0.4_13.txt
obj: 2.0
bound: 2.0
gap: 0.0
time: 0.0063359737396240234
preprocess_time: 0.035459
node: 0
algo: SFD