instance: r_10_0.3_12.txt
obj: 0.0
bound: 0.0
gap: 0.0
time: 0.033902883529663086
preprocess_time: 0.038508
node: 10
algo: EVFPV