instance: r_10_0.3_12.txt
obj: 6.0
bound: 4.999999999999999
gap: 0.16666666666388905
time: 0.14058899879455566
preprocess_time: 0.039543
node: 333
formulation: LEVFP