instance: r_10_0.1_12.txt
org_node: 10
org_edge: 12
org_min_len: 0.33636755169883137
org_avg_len: 0.6832339582240423
org_max_len: 0.9551886407953641
dtf_node: 12
dtf_edge: 14
dtf_min_len: 0.1109005709521036
dtf_avg_len: 0.5856291070491794
dtf_max_len: 1.7753962691558778
sdb_node: 40
sdb_edge: 42
sdb_min_len: 0.16437947038048942
sdb_avg_len: 0.19520970234972643
sdb_max_len: 0.22192453364448472
dlt: 0.22546720621393398
formulation: None