instance: r_10_0.3_12.txt
obj: 24.0
bound: 24.0
gap: 0.0
time: 0.2516610622406006
preprocess_time: 0.044291
sepa_time: 0.0
node: 942
formulation: LEFP