instance: r_10_0.4_13.txt
obj: 6.0
bound: 4.99999999999997
gap: 0.16666666666389393
time: 0.7225029468536377
preprocess_time: 0.049527
node: 920
formulation: LEFPD