instance: r_10_0.1_12.txt
obj: 2.0
bound: 2.0
gap: 0.0
time: 0.016340970993041992
preprocess_time: 0.027428
node: 1
formulation: EFP