instance: r_10_0.2_9.txt
obj: 2.0
bound: 2.0
gap: 0.0
time: 0.008506059646606445
preprocess_time: 0.034962
node: 0
algo: SF