instance: r_10_0.3_12.txt
obj: 2.0
bound: 2.0
gap: 0.0
time: 0.028631925582885742
preprocess_time: 1.722568
sepa_time: 0.0
node: 1
formulation: LEFPAI