instance: r_10_0.2_9.txt
obj: 19.0
bound: 19.0
gap: 0.0
time: 0.0
preprocess_time: 0.124481
sepa_time: 4.243991583e-314
node: 0
formulation: LEFPAV