instance: r_10_0.2_9.txt
obj: 14.0
bound: 14.0
gap: 0.0
time: 0.0023050308227539062
preprocess_time: 0.043932
sepa_time: 0.0
node: 0
formulation: LEFPI