instance: r_10_0.1_12.txt
obj: 5.0
bound: 4.0
gap: 0.199999999996
time: 0.10197901725769043
preprocess_time: 0.076623
node: 70
algo: F