instance: r_10_0.3_12.txt
obj: 2.0
bound: 2.0
gap: 0.0
time: 0.016005992889404297
preprocess_time: 0.060673
node: 0
algo: EFPV