instance: r_10_0.3_12.txt
obj: 6.0
bound: 4.999999999999997
gap: 0.16666666666388932
time: 0.15441107749938965
preprocess_time: 0.084814
node: 463
algo: RF