instance: r_10_0.4_13.txt
obj: 3.0
bound: 2.0
gap: 0.3333333333222222
time: 0.2626011371612549
preprocess_time: 0.019452
node: 0
formulation: EF