instance: r_10_0.2_9.txt
obj: 2.0
bound: 2.0
gap: 0.0
time: 0.03343987464904785
preprocess_time: 0.010968
sepa_time: 0.0
node: 1
formulation: EF