instance: r_10_0.1_12.txt
obj: 2.0
bound: 2.0
gap: 0.0
time: 0.027228116989135742
preprocess_time: 0.019278
node: 0
algo: EFPLg