instance: r_10_0.3_12.txt
obj: 6.0
bound: 4.999999999999996
gap: 0.16666666666388963
time: 0.10128283500671387
preprocess_time: 0.388295
node: 140
formulation: EFPV2