instance: r_10_0.3_12.txt
obj: 1.0
bound: 0.0
gap: 0.9999999999
time: 0.011013031005859375
preprocess_time: 0.014014
node: 0
algo: EVFP