instance: r_10_0.3_12.txt
obj: 3.0
bound: 1.9999999999999996
gap: 0.33333333332222237
time: 0.05454111099243164
preprocess_time: 0.035649
node: 121
formulation: LEFPI