instance: r_10_0.4_13.txt
obj: 6.0
bound: 5.000000000000001
gap: 0.16666666666388874
time: 1.0870561599731445
preprocess_time: 0.057503
node: 1497
formulation: LEFP