instance: r_10_0.1_12.txt
obj: 2.0
bound: 2.0
gap: 0.0
time: 0.02108597755432129
preprocess_time: 0.019753
node: 0
algo: EFP0