instance: r_10_0.2_9.txt
obj: 2.0
bound: 2.0
gap: 0.0
time: 0.005162954330444336
preprocess_time: 0.885031
sepa_time: 0.0
node: 1
formulation: LEFPV2