instance: r_10_0.3_12.txt
obj: 6.0
bound: 6.0
gap: 0.0
time: 0.6642870903015137
preprocess_time: 0.033128
node: 66
formulation: EF