instance: r_10_0.4_13.txt
obj: 18.0
bound: 18.0
gap: 0.0
time: 34.302160024642944
preprocess_time: 0.046649
sepa_time: 1.0e-323
node: 2397
formulation: EF