instance: r_10_0.3_12.txt
obj: 24.0
bound: 23.000000000000032
gap: 0.04166666666666533
time: 7200.218441963196
preprocess_time: 0.037426
sepa_time: 1.0e-323
node: 2240320
formulation: EF