instance: r_10_0.1_12.txt
obj: 5.0
bound: 4.0
gap: 0.199999999996
time: 0.041574954986572266
preprocess_time: 0.036476
node: 40
algo: ERF