instance: r_10_0.4_13.txt
obj: 2.0
bound: 2.0
gap: 0.0
time: 0.03657102584838867
preprocess_time: 0.028236
node: 0
formulation: EVFP