instance: r_10_0.3_12.txt
obj: 0.0
bound: 0.0
gap: 0.0
time: 0.01743006706237793
preprocess_time: 0.014331
node: 0
algo: EVFP0