instance: r_10_0.2_9.txt
obj: 19.0
bound: 19.0
gap: 0.0
time: 20.680754899978638
preprocess_time: 0.034876
sepa_time: 0.0
node: 25063
formulation: EFP