instance: r_10_0.1_12.txt
obj: 5.000000000000107
bound: 5.000000000000107
gap: 0.0
time: 0.9546258449554443
preprocess_time: 0.026967
node: 483
formulation: EF