instance: r_10_0.1_12.txt
obj: 23.0
bound: 23.0
gap: 0.0
time: 0.012265920639038086
preprocess_time: 0.044968
sepa_time: 0.0
node: 1
formulation: LEFPV