instance: r_10_0.3_12.txt
org_node: 10
org_edge: 12
org_min_len: 0.29924803360899005
org_avg_len: 0.610502457231532
org_max_len: 0.9875583338039858
dtf_node: 13
dtf_edge: 15
dtf_min_len: 0.12429804761287078
dtf_avg_len: 0.48840196578522554
dtf_max_len: 1.2728694279731012
sdb_node: 15
sdb_edge: 17
sdb_min_len: 0.29924803360899005
sdb_avg_len: 0.43094291098696375
sdb_max_len: 0.5369134222707297
dlt: 0.610502457231532
formulation: None