instance: r_10_0.3_12.txt
obj: 24.0
bound: 24.0
gap: 0.0
time: 0.11272096633911133
preprocess_time: 0.03477
sepa_time: 2.96e-322
node: 141
formulation: LEVFP