instance: r_10_0.1_12.txt
obj: 5.0
bound: 5.0
gap: 0.0
time: 0.02633380889892578
preprocess_time: 0.057703
node: 0
formulation: LEFPI