instance: r_10_0.2_9.txt
obj: 0.0
bound: 0.0
gap: 0.0
time: 0.006767988204956055
preprocess_time: 0.015188
node: 0
algo: EVFP