instance: r_10_0.2_9.txt
obj: 0.0
bound: 0.0
gap: 0.0
time: 0.03022623062133789
preprocess_time: 0.013838
node: 0
algo: EVFP0