instance: r_10_0.2_9.txt
obj: 5.0
bound: 5.0
gap: 0.0
time: 0.0032379627227783203
preprocess_time: 0.033138
node: 1
formulation: LEVFP