instance: r_10_0.2_9.txt
obj: 19.0
bound: 19.0
gap: 0.0
time: 0.0005319118499755859
preprocess_time: 0.896501
sepa_time: 0.0
node: 0
formulation: LEFPV