instance: r_10_0.2_9.txt
obj: 2.0
bound: 2.0
gap: 0.0
time: 0.007152080535888672
preprocess_time: 0.031653
node: 0
algo: EFPV