instance: r_10_0.4_13.txt
obj: 6.0
bound: 5.0
gap: 0.16666666666388888
time: 0.4048910140991211
preprocess_time: 0.040378
node: 428
formulation: EFPD