instance: r_10_0.3_12.txt
obj: 24.0
bound: 24.0
gap: 0.0
time: 1882.3385090827942
preprocess_time: 0.035119
sepa_time: 0.0
node: 1941362
formulation: EFP