instance: r_10_0.3_12.txt
obj: 17.0
bound: 17.0
gap: 0.0
time: 0.09560704231262207
preprocess_time: 0.046614
sepa_time: 0.0
node: 61
formulation: LEFPV2