instance: r_10_0.1_12.txt
obj: 5.0
bound: 3.9999999999999996
gap: 0.1999999999960001
time: 0.0821218490600586
preprocess_time: 0.037974
node: 0
formulation: EVFP