instance: r_10_0.3_12.txt
obj: 2.0
bound: 2.0
gap: 0.0
time: 0.027907848358154297
preprocess_time: 1.338965
sepa_time: 0.0
node: 1
formulation: LEFP