instance: r_10_0.3_12.txt
obj: 3.0
bound: 3.0
gap: 0.0
time: 0.005258083343505859
preprocess_time: 0.036483
node: 0
algo: SFD