instance: r_10_0.1_12.txt
obj: 23.0
bound: 23.0
gap: 0.0
time: 182.50286316871643
preprocess_time: 0.028309
sepa_time: 6.91844367847886e-310
node: 18687
formulation: EF