instance: r_10_0.3_12.txt
obj: 6.0
bound: 4.999999999999998
gap: 0.16666666666388918
time: 0.07582211494445801
preprocess_time: 0.391626
node: 143
algo: EFPV2