instance: r_10_0.2_9.txt
obj: 5.0
bound: 4.0
gap: 0.199999999996
time: 0.08278894424438477
preprocess_time: 0.01948
node: 38
formulation: EF