instance: r_10_0.2_9.txt
obj: 2.0
bound: 2.0
gap: 0.0
time: 0.02897500991821289
preprocess_time: 0.01173
node: 0
formulation: EF