instance: r_10_0.4_13.txt
obj: 6.0
bound: 4.999999999999995
gap: 0.16666666666388977
time: 0.24082016944885254
preprocess_time: 0.052316
node: 971
algo: ERF