instance: r_10_0.3_12.txt
obj: 6.0
bound: 5.000000000000001
gap: 0.16666666666666652
time: 0.1506800651550293
preprocess_time: 0.042693
node: 84
formulation: LEFPD