instance: r_10_0.3_12.txt
obj: 3.0
bound: 2.0000000000000004
gap: 0.3333333333222221
time: 0.020779132843017578
preprocess_time: 0.029293
node: 0
formulation: LEFP