instance: r_10_0.2_9.txt
obj: 5.0
bound: 4.0
gap: 0.199999999996
time: 0.00443720817565918
preprocess_time: 0.042398
node: 0
algo: ESF