instance: r_10_0.1_12.txt
obj: 2.0
bound: 2.0
gap: 0.0
time: 0.03827095031738281
preprocess_time: 0.030499
sepa_time: 0.0
node: 1
formulation: LEVFP