instance: r_10_0.1_12.txt
obj: 23.0
bound: 23.0
gap: 0.0
time: 0.46918797492980957
preprocess_time: 1.320573
sepa_time: 1.3835058055282621e13
node: 1
formulation: LEFPAV