instance: r_10_0.4_13.txt
obj: 25.0
bound: 24.000000000000014
gap: 0.03999999999999943
time: 7200.289767026901
preprocess_time: 0.036957
sepa_time: 0.0
node: 1944631
formulation: EF