instance: r_10_0.4_13.txt
obj: 25.0
bound: 24.000000000000004
gap: 0.039999999999999855
time: 71.44932317733765
preprocess_time: 0.026376
sepa_time: 6.90187783819867e-310
node: 12988
formulation: EVFP