instance: r_10_0.4_13.txt
obj: 3.0
bound: 2.0
gap: 0.3333333333222222
time: 0.05907797813415527
preprocess_time: 0.016147
node: 0
algo: EDF