instance: r_10_0.2_9.txt
obj: 6.0
bound: 6.0
gap: 0.0
time: 0.0016198158264160156
preprocess_time: 0.054021
node: 0
algo: SFD