instance: r_10_0.3_12.txt
obj: 24.0
bound: 23.000000000000004
gap: 0.04166666666666652
time: 379.89931893348694
preprocess_time: 0.036758
sepa_time: 0.0
node: 271859
formulation: EFP