instance: r_10_0.3_12.txt
obj: 2.0
bound: 2.0
gap: 0.0
time: 0.04198598861694336
preprocess_time: 0.037207
sepa_time: 6.91974316691924e-310
node: 1
formulation: EVFP