instance: r_10_0.4_13.txt
obj: 2.0
bound: 2.0
gap: 0.0
time: 0.07455611228942871
preprocess_time: 0.030651
node: 1
formulation: LEFP