instance: r_10_0.3_12.txt
obj: 2.0
bound: 2.0
gap: 0.0
time: 0.027529001235961914
preprocess_time: 0.030526
node: 1
formulation: LEFP