instance: r_10_0.4_13.txt
obj: 2.0
bound: 2.0
gap: 0.0
time: 0.015581846237182617
preprocess_time: 0.067527
node: 0
algo: EFPV