instance: r_10_0.2_9.txt
obj: 2.0
bound: 2.0
gap: 0.0
time: 0.0125579833984375
preprocess_time: 0.027313
node: 0
formulation: EVFP