instance: r_10_0.1_12.txt
obj: 2.0
bound: 2.0
gap: 0.0
time: 0.21202588081359863
preprocess_time: 0.032334
node: 10
formulation: LEFPDB