instance: r_10_0.2_9.txt
obj: 2.0
bound: 2.0
gap: 0.0
time: 0.012857198715209961
preprocess_time: 0.027971
sepa_time: 0.0
node: 1
formulation: EFP