instance: r_10_0.3_12.txt
obj: 24.0
bound: 24.0
gap: 0.0
time: 0.13092899322509766
preprocess_time: 0.046638
sepa_time: 0.0
node: 250
formulation: LEFPV2