instance: r_10_0.1_12.txt
obj: 23.0
bound: 23.0
gap: 0.0
time: 0.007969856262207031
preprocess_time: 1.225411
sepa_time: 0.0
node: 1
formulation: LEFP