instance: r_10_0.4_13.txt
obj: 25.0
bound: 24.000000000000004
gap: 0.039999999999999855
time: 80.59225010871887
preprocess_time: 0.044836
sepa_time: 6.9211532137778e-310
node: 12988
formulation: EVFP