instance: r_10_0.1_12.txt
obj: 2.0
bound: 2.0
gap: 0.0
time: 0.03846096992492676
preprocess_time: 0.037607
sepa_time: 2.0e-322
node: 1
formulation: LEVFP