instance: r_10_0.3_12.txt
obj: 17.0
bound: 17.0
gap: 0.0
time: 0.09334611892700195
preprocess_time: 0.046711
sepa_time: 0.0
node: 49
formulation: LEFPI