instance: r_10_0.2_9.txt
obj: 5.0
bound: 5.0
gap: 0.0
time: 0.1701490879058838
preprocess_time: 0.03305
node: 1
formulation: EF