instance: r_10_0.3_12.txt
obj: 24.0
bound: 24.0
gap: 0.0
time: 0.14799714088439941
preprocess_time: 0.982532
sepa_time: 0.0
node: 288
formulation: LEFPD