instance: r_10_0.2_9.txt
obj: 2.0
bound: 2.0
gap: 0.0
time: 0.010536909103393555
preprocess_time: 0.016314
node: 0
algo: EDF