instance: r_10_0.3_12.txt
obj: 2.0
bound: 2.0
gap: 0.0
time: 0.5334169864654541
preprocess_time: 0.016834
sepa_time: 6.9120537381995e-310
node: 1
formulation: EF