instance: r_10_0.2_9.txt
obj: 3.0
bound: 2.0
gap: 0.3333333333222222
time: 0.013959884643554688
preprocess_time: 0.036367
node: 0
formulation: LEFPD