instance: r_10_0.4_13.txt
obj: 18.0
bound: 18.0
gap: 0.0
time: 0.09822702407836914
preprocess_time: 0.044708
sepa_time: 5.0e-324
node: 1
formulation: LEVFP