instance: r_10_0.2_9.txt
obj: 19.0
bound: 19.0
gap: 0.0
time: 14.891000032424927
preprocess_time: 0.035553
sepa_time: 6.9138671416924e-310
node: 2190
formulation: EF