instance: r_10_0.3_12.txt
obj: 6.0
bound: 4.999999999999978
gap: 0.1666666666638926
time: 0.1312100887298584
preprocess_time: 0.028205
node: 325
formulation: EFPI