instance: r_10_0.2_9.txt
obj: 19.0
bound: 19.0
gap: 0.0
time: 18.560070991516113
preprocess_time: 0.034824
sepa_time: 0.0
node: 33376
formulation: EFP