instance: r_10_0.4_13.txt
obj: 2.0
bound: 2.0
gap: 0.0
time: 0.4268040657043457
preprocess_time: 0.018562
node: 1
formulation: EF