instance: r_10_0.1_12.txt
obj: 2.0
bound: 2.0
gap: 0.0
time: 0.017930984497070312
preprocess_time: 0.027115
node: 0
formulation: EFPI