instance: r_10_0.2_9.txt
obj: 0.0
bound: 0.0
gap: 0.0
time: 0.006175041198730469
preprocess_time: 0.032928
node: 0
algo: EVFP