instance: r_10_0.2_9.txt
obj: 2.0
bound: 2.0
gap: 0.0
time: 0.10109591484069824
preprocess_time: 0.025588
sepa_time: 0.0
node: 1
formulation: EF