instance: r_10_0.1_12.txt
obj: 2.0
bound: 2.0
gap: 0.0
time: 0.05385398864746094
preprocess_time: 0.029561
node: 1
formulation: LEFPI