instance: r_10_0.1_12.txt
org_node: 10
org_edge: 12
org_min_len: 0.33636755169883137
org_avg_len: 0.6832339582240423
org_max_len: 0.9551886407953641
dtf_node: 14
dtf_edge: 16
dtf_min_len: 0.008640447037793764
dtf_avg_len: 0.512425468668032
dtf_max_len: 1.7753962691558778
sdb_node: 16
sdb_edge: 18
sdb_min_len: 0.008640447037793764
sdb_avg_len: 0.45548930548269506
sdb_max_len: 0.683233274990084
dlt: 0.6832339582240423
algo: None