instance: r_10_0.2_9.txt
obj: 5.0
bound: 4.0
gap: 0.199999999996
time: 0.016218185424804688
preprocess_time: 0.026954
node: 0
formulation: EFP