instance: r_10_0.4_13.txt
obj: 25.0
bound: 25.0
gap: 0.0
time: 0.022768020629882812
preprocess_time: 1.213982
sepa_time: 0.0
node: 1
formulation: LEFP