instance: r_10_0.2_9.txt
obj: 3.0
bound: 2.0
gap: 0.3333333333222222
time: 0.008322000503540039
preprocess_time: 0.011351
node: 0
algo: ESF