instance: r_10_0.3_12.txt
obj: 6.0
bound: 4.999999999999999
gap: 0.16666666666388905
time: 0.1840670108795166
preprocess_time: 0.044058
node: 530
formulation: LEFP