instance: r_10_0.4_13.txt
obj: 6.0
bound: 5.000000000000001
gap: 0.16666666666666652
time: 0.18251681327819824
preprocess_time: 0.042903
node: 188
formulation: LEFPV