instance: r_10_0.1_12.txt
obj: 23.0
bound: 23.0
gap: 0.0
time: 0.7882909774780273
preprocess_time: 0.944889
sepa_time: 1.3862677503904834e13
node: 1
formulation: LEFPV2