instance: r_10_0.1_12.txt
obj: 0.0
bound: 0.0
gap: 0.0
time: 0.018488168716430664
preprocess_time: 0.013511
node: 0
algo: EVFP