instance: r_10_0.1_12.txt
obj: 2.0
bound: 2.0
gap: 0.0
time: 0.040107011795043945
preprocess_time: 1.640275
sepa_time: 0.0
node: 1
formulation: LEFPAD