instance: r_10_0.3_12.txt
obj: 24.0
bound: 24.0
gap: 0.0
time: 0.1093759536743164
preprocess_time: 1.618172
sepa_time: 0.0
node: 173
formulation: LEFPAD