instance: r_10_0.3_12.txt
obj: 17.0
bound: 17.0
gap: 0.0
time: 0.06943106651306152
preprocess_time: 0.046491
sepa_time: 0.0
node: 39
formulation: LEFPD