instance: r_10_0.2_9.txt
obj: 5.0
bound: 4.0
gap: 0.199999999996
time: 0.031919002532958984
preprocess_time: 0.02745
node: 0
formulation: EVFP