instance: r_10_0.4_13.txt
obj: 2.0
bound: 2.0
gap: 0.0
time: 0.03180193901062012
preprocess_time: 0.037521
sepa_time: 0.0
node: 1
formulation: LEFPV