instance: r_10_0.1_12.txt
org_node: 10
org_edge: 12
org_min_len: 0.33636755169883137
org_avg_len: 0.6832339582240423
org_max_len: 0.9551886407953641
dtf_node: 10
dtf_edge: 12
dtf_min_len: 0.16555923295131036
dtf_avg_len: 0.6832339582240424
dtf_max_len: 1.7753962691558778
sdb_node: 51
sdb_edge: 53
sdb_min_len: 0.12821040603255715
sdb_avg_len: 0.15469448110733033
sdb_max_len: 0.16818377584941568
dlt: 0.17080848955601058
formulation: None