instance: r_10_0.1_12.txt
obj: 5.0
bound: 4.0
gap: 0.199999999996
time: 0.04368281364440918
preprocess_time: 0.055361
node: 0
formulation: LEVFP