instance: r_10_0.3_12.txt
obj: 3.0
bound: 2.0
gap: 0.3333333333222222
time: 0.041046857833862305
preprocess_time: 0.020366
node: 0
algo: EVFPV