instance: r_10_0.4_13.txt
obj: 3.0
bound: 2.0000000000000013
gap: 0.33333333332222176
time: 0.03661012649536133
preprocess_time: 0.035318
node: 0
algo: RF