instance: r_10_0.4_13.txt
obj: 25.0
bound: 24.000016362051323
gap: 0.039999345517947094
time: 419.06428599357605
preprocess_time: 0.035384
sepa_time: 0.0
node: 347595
formulation: EFP