instance: r_10_0.2_9.txt
obj: 2.0
bound: 2.0
gap: 0.0
time: 0.009353876113891602
preprocess_time: 0.02087
node: 0
algo: EVFP