instance: r_10_0.1_12.txt
obj: 3.0
bound: 2.0
gap: 0.3333333333222222
time: 0.019941091537475586
preprocess_time: 0.011605
node: 0
algo: F0