instance: r_10_0.3_12.txt
obj: 6.0
bound: 5.0
gap: 0.16666666666388888
time: 0.10753893852233887
preprocess_time: 0.044752
node: 329
formulation: LEFPI