instance: r_10_0.2_9.txt
obj: 6.0
bound: 5.0
gap: 0.16666666666388888
time: 0.005728960037231445
preprocess_time: 0.02822
node: 0
formulation: LEVFP