instance: r_10_0.4_13.txt
obj: 6.0
bound: 4.999999999999983
gap: 0.1666666666638917
time: 1.6347219944000244
preprocess_time: 0.065919
node: 1993
algo: EVFPL