instance: r_10_0.4_13.txt
obj: 6.0
bound: 6.0
gap: 0.0
time: 0.5077638626098633
preprocess_time: 0.033792
node: 1
formulation: EF