instance: r_10_0.3_12.txt
obj: 24.0
bound: 24.0
gap: 0.0
time: 0.11283493041992188
preprocess_time: 1.217179
sepa_time: 0.0
node: 35
formulation: LEFPD