instance: r_10_0.1_12.txt
obj: 5.0
bound: 4.0
gap: 0.199999999996
time: 0.03392815589904785
preprocess_time: 0.041318
node: 0
algo: EFP0