instance: r_10_0.3_12.txt
obj: 2.0
bound: 2.0
gap: 0.0
time: 0.02583909034729004
preprocess_time: 1.356622
sepa_time: 0.0
node: 1
formulation: LEFPA