instance: r_10_0.2_9.txt
obj: 4.0
bound: 4.0
gap: 0.0
time: 0.0018458366394042969
preprocess_time: 0.036123
node: 0
algo: SFD