instance: r_10_0.3_12.txt
obj: 6.0
bound: 4.999999999999978
gap: 0.1666666666638926
time: 0.12994909286499023
preprocess_time: 0.053656
node: 325
algo: EFPLg