instance: r_10_0.3_12.txt
obj: 2.0
bound: 2.0
gap: 0.0
time: 0.6685268878936768
preprocess_time: 1.404566
sepa_time: 1.385137653441584e13
node: 1
formulation: LEFPAV