instance: r_10_0.2_9.txt
obj: 5.0
bound: 5.0
gap: 0.0
time: 0.019160032272338867
preprocess_time: 0.032855
node: 1
formulation: EFP