instance: r_10_0.4_13.txt
obj: 25.0
bound: 25.0
gap: 0.0
time: 0.04694700241088867
preprocess_time: 0.04447
sepa_time: 0.0
node: 20
formulation: LEFPV