instance: r_10_0.4_13.txt
obj: 2.0
bound: 2.0
gap: 0.0
time: 0.02460503578186035
preprocess_time: 0.027928
node: 1
formulation: EFP