instance: r_10_0.4_13.txt
obj: 2.0
bound: 2.0
gap: 0.0
time: 0.03821206092834473
preprocess_time: 0.039089
sepa_time: 0.0
node: 1
formulation: EFP