instance: r_10_0.4_13.txt
obj: 2.0
bound: 2.0
gap: 0.0
time: 0.06737995147705078
preprocess_time: 0.036865
sepa_time: 0.0
node: 1
formulation: LEFPV2