instance: r_10_0.1_12.txt
obj: 3.0
bound: 1.9999999999999998
gap: 0.3333333333222223
time: 0.033455848693847656
preprocess_time: 1.332246
node: 0
algo: EFPV2