instance: r_10_0.4_13.txt
org_node: 10
org_edge: 13
org_min_len: 0.2547541803083708
org_avg_len: 0.4915589172514332
org_max_len: 0.7393469405702465
dtf_node: 10
dtf_edge: 13
dtf_min_len: 0.2547541803083708
dtf_avg_len: 0.4915589172514332
dtf_max_len: 0.7393469405702465
sdb_node: 10
sdb_edge: 13
sdb_min_len: 0.2547541803083708
sdb_avg_len: 0.4915589172514332
sdb_max_len: 0.7393469405702465
dlt: 0.9831178345028664
formulation: None