instance: r_10_0.2_9.txt
obj: 5.0
bound: 5.0
gap: 0.0
time: 0.020540952682495117
preprocess_time: 0.034449
node: 1
formulation: LEFP