instance: r_10_0.2_9.txt
obj: 2.0
bound: 2.0
gap: 0.0
time: 0.013229131698608398
preprocess_time: 0.025071
node: 0
algo: EVFP0