instance: r_10_0.4_13.txt
obj: 6.0
bound: 4.999999999999999
gap: 0.16666666666388905
time: 0.08687710762023926
preprocess_time: 0.076002
node: 203
formulation: EFPV