instance: r_10_0.4_13.txt
obj: 6.0
bound: 4.999999999999915
gap: 0.1666666666639031
time: 0.374208927154541
preprocess_time: 0.039598
node: 821
algo: EVFPV