instance: r_10_0.2_9.txt
obj: 2.0
bound: 2.0
gap: 0.0
time: 0.05981802940368652
preprocess_time: 0.037016
sepa_time: 0.0
node: 1
formulation: LEFPV2