instance: r_10_0.4_13.txt
obj: 0.0
bound: 0.0
gap: 0.0
time: 0.022294998168945312
preprocess_time: 0.020377
node: 0
algo: EVFP