instance: r_10_0.3_12.txt
obj: 24.0
bound: 23.000000000000032
gap: 0.04166666666666533
time: 7200.222419023514
preprocess_time: 0.036492
sepa_time: 0.0
node: 2148923
formulation: EF