instance: r_10_0.1_12.txt
obj: 5.0
bound: 4.0
gap: 0.199999999996
time: 0.03410816192626953
preprocess_time: 0.075986
node: 0
algo: SF