instance: r_10_0.1_12.txt
obj: 3.0
bound: 2.0
gap: 0.3333333333222222
time: 0.040750980377197266
preprocess_time: 0.017478
node: 0
algo: EFPD