instance: r_10_0.3_12.txt
obj: 7.0
bound: 6.0
gap: 0.14285714285510204
time: 0.00439000129699707
preprocess_time: 0.07662
node: 0
algo: SFD