instance: r_10_0.1_12.txt
obj: 2.0
bound: 2.0
gap: 0.0
time: 0.4266641139984131
preprocess_time: 0.011447
sepa_time: 3.5e-323
node: 1
formulation: EF