instance: r_10_0.4_13.txt
obj: 2.0
bound: 2.0
gap: 0.0
time: 0.4805898666381836
preprocess_time: 0.014889
sepa_time: 1.0e-323
node: 1
formulation: EF