instance: r_10_0.4_13.txt
obj: 2.0
bound: 2.0
gap: 0.0
time: 0.024681806564331055
preprocess_time: 0.028229
node: 1
formulation: LEFPD