instance: r_10_0.1_12.txt
obj: 18.0
bound: 17.000000000000004
gap: 0.05555555555555536
time: 11.9322509765625
preprocess_time: 0.0457
sepa_time: 0.0
node: 1514
formulation: EF