instance: r_10_0.1_12.txt
obj: 2.0
bound: 2.0
gap: 0.0
time: 0.01239013671875
preprocess_time: 0.889448
sepa_time: 0.0
node: 1
formulation: LEFPV