instance: r_10_0.3_12.txt
obj: 6.0
bound: 4.999999999999984
gap: 0.16666666666389154
time: 0.15488100051879883
preprocess_time: 0.055982
node: 251
algo: EFPD