instance: r_10_0.2_9.txt
obj: 2.0
bound: 2.0
gap: 0.0
time: 0.007835865020751953
preprocess_time: 0.028783
node: 1
formulation: LEFPD