instance: r_10_0.2_9.txt
obj: 5.0
bound: 5.0
gap: 0.0
time: 0.0026941299438476562
preprocess_time: 0.032935
node: 1
formulation: LEFPD