instance: r_10_0.3_12.txt
obj: 24.0
bound: 24.0
gap: 0.0
time: 0.08000993728637695
preprocess_time: 1.264655
sepa_time: 0.0
node: 188
formulation: LEFP