instance: r_10_0.3_12.txt
obj: 2.0
bound: 2.0
gap: 0.0
time: 0.027862071990966797
preprocess_time: 0.027424
node: 1
formulation: EFP