instance: r_10_0.1_12.txt
obj: 2.0
bound: 2.0
gap: 0.0
time: 0.024719953536987305
preprocess_time: 0.016868
node: 0
algo: SF