instance: r_10_0.2_9.txt
org_node: 10
org_edge: 9
org_min_len: 0.2738171674509923
org_avg_len: 0.4705980688401832
org_max_len: 0.8466035273230632
dtf_node: 10
dtf_edge: 9
dtf_min_len: 0.2738171674509923
dtf_avg_len: 0.4705980688401832
dtf_max_len: 0.8466035273230632
sdb_node: 10
sdb_edge: 9
sdb_min_len: 0.2738171674509923
sdb_avg_len: 0.4705980688401832
sdb_max_len: 0.8466035273230632
dlt: 0.9411961376803664
algo: None