instance: r_10_0.2_9.txt
obj: 2.0
bound: 2.0
gap: 0.0
time: 0.0
preprocess_time: 0.462442
sepa_time: 6.94146114456194e-310
node: 0
formulation: LEFPA