instance: r_10_0.1_12.txt
obj: 23.0
bound: 23.0
gap: 0.0
time: 0.009334087371826172
preprocess_time: 1.360412
sepa_time: 0.0
node: 1
formulation: LEFPAD