instance: r_10_0.2_9.txt
org_node: 10
org_edge: 9
org_min_len: 0.2738171674509923
org_avg_len: 0.4705980688401832
org_max_len: 0.8466035273230632
dtf_node: 5
dtf_edge: 4
dtf_min_len: 0.18287701517293586
dtf_avg_len: 1.0588456548904122
dtf_max_len: 2.5139404857115077
sdb_node: 12
sdb_edge: 11
sdb_min_len: 0.1267723239508618
sdb_avg_len: 0.3850347835965135
sdb_max_len: 0.47059759824211433
dlt: 0.4705980688401832
algo: None