instance: r_10_0.2_9.txt
obj: 2.0
bound: 2.0
gap: 0.0
time: 0.0056149959564208984
preprocess_time: 0.01633
node: 0
algo: ESFV