instance: r_10_0.2_9.txt
obj: 5.0
bound: 5.0
gap: 0.0
time: 0.03836512565612793
preprocess_time: 0.045003
sepa_time: 0.0
node: 1
formulation: EVFP