instance: r_10_0.4_13.txt
obj: 2.0
bound: 2.0
gap: 0.0
time: 0.028744935989379883
preprocess_time: 1.389032
node: 0
algo: EFPV2