instance: r_10_0.2_9.txt
obj: 5.0
bound: 5.0
gap: 0.0
time: 0.003309011459350586
preprocess_time: 0.033795
node: 1
formulation: LEFPI