instance: r_10_0.2_9.txt
obj: 19.0
bound: 18.000000000000007
gap: 0.05263157894736805
time: 29.230360984802246
preprocess_time: 0.04608
sepa_time: 1.0e-322
node: 15729
formulation: EVFP