instance: r_10_0.2_9.txt
obj: 3.0
bound: 2.0
gap: 0.3333333333222222
time: 0.011564970016479492
preprocess_time: 0.036234
node: 0
formulation: LEVFP