instance: r_10_0.1_12.txt
obj: 5.0
bound: 4.0
gap: 0.199999999996
time: 0.07685089111328125
preprocess_time: 0.039795
node: 107
algo: EFPLg