instance: r_10_0.4_13.txt
org_node: 10
org_edge: 13
org_min_len: 0.2547541803083708
org_avg_len: 0.4915589172514332
org_max_len: 0.7393469405702465
dtf_node: 7
dtf_edge: 10
dtf_min_len: 0.2547541803083708
dtf_avg_len: 0.6390265924268632
dtf_max_len: 0.9618411558093726
sdb_node: 54
sdb_edge: 57
sdb_min_len: 0.08491806010279028
sdb_avg_len: 0.11210992849594087
sdb_max_len: 0.12161180665584433
dlt: 0.1228897293128583
formulation: None