instance: r_10_0.4_13.txt
obj: 2.0
bound: 2.0
gap: 0.0
time: 0.06563091278076172
preprocess_time: 1.718386
sepa_time: 0.0
node: 1
formulation: LEFPA