instance: r_10_0.1_12.txt
obj: 3.0
bound: 2.0
gap: 0.3333333333222222
time: 0.03384995460510254
preprocess_time: 1.168612
node: 0
algo: EFPV2