instance: r_10_0.3_12.txt
obj: 24.0
bound: 24.0
gap: 0.0
time: 0.13539385795593262
preprocess_time: 0.03445
sepa_time: 6.4e-323
node: 141
formulation: LEVFP