instance: r_10_0.1_12.txt
obj: 6.0
bound: 6.0
gap: 0.0
time: 0.005795955657958984
preprocess_time: 0.074443
node: 0
algo: SFD