instance: r_10_0.1_12.txt
obj: 2.0
bound: 2.0
gap: 0.0
time: 0.03622698783874512
preprocess_time: 0.038988
sepa_time: 6.93092212595427e-310
node: 1
formulation: EVFP