instance: r_10_0.4_13.txt
obj: 2.0
bound: 2.0
gap: 0.0
time: 0.0938558578491211
preprocess_time: 0.038058
node: 0
formulation: LEFP