instance: r_10_0.2_9.txt
obj: 2.0
bound: 2.0
gap: 0.0
time: 0.00761103630065918
preprocess_time: 0.028274
node: 1
formulation: LEFPV