instance: r_10_0.4_13.txt
obj: 2.0
bound: 2.0
gap: 0.0
time: 0.03875398635864258
preprocess_time: 0.036968
sepa_time: 6.9476799909366e-310
node: 1
formulation: EVFP