instance: r_10_0.4_13.txt
obj: 2.0
bound: 2.0
gap: 0.0
time: 0.07112979888916016
preprocess_time: 0.029393
node: 0
formulation: LEFPD