instance: r_10_0.2_9.txt
obj: 2.0
bound: 2.0
gap: 0.0
time: 0.07224798202514648
preprocess_time: 0.014642
sepa_time: 2.0e-323
node: 1
formulation: EF