instance: r_10_0.2_9.txt
obj: 5.0
bound: 4.0
gap: 0.199999999996
time: 0.004767179489135742
preprocess_time: 0.029416
node: 0
algo: EFP