instance: r_10_0.3_12.txt
obj: 2.0
bound: 2.0
gap: 0.0
time: 0.5766570568084717
preprocess_time: 0.015446
sepa_time: 0.0
node: 1
formulation: EF