instance: r_10_0.4_13.txt
obj: 25.0
bound: 25.0
gap: 0.0
time: 0.05114293098449707
preprocess_time: 0.034472
sepa_time: 1.14e-322
node: 1
formulation: LEVFP