instance: r_10_0.4_13.txt
obj: 6.0
bound: 4.999999999999974
gap: 0.16666666666389318
time: 0.28375887870788574
preprocess_time: 0.051896
node: 656
algo: ESF