instance: r_10_0.3_12.txt
obj: 2.0
bound: 2.0
gap: 0.0
time: 0.4057919979095459
preprocess_time: 0.012789
sepa_time: 6.3659873744e-314
node: 1
formulation: EF