instance: r_10_0.1_12.txt
obj: 3.0
bound: 2.0
gap: 0.3333333333222222
time: 0.022004127502441406
preprocess_time: 1.082487
node: 0
formulation: EFPV2