instance: r_10_0.4_13.txt
obj: 2.0
bound: 2.0
gap: 0.0
time: 0.037928104400634766
preprocess_time: 0.019302
node: 0
algo: EVFP