instance: r_10_0.1_12.txt
obj: 0.0
bound: 0.0
gap: 0.0
time: 0.014894962310791016
preprocess_time: 0.037322
node: 0
algo: EVFP0