instance: r_10_0.3_12.txt
obj: 6.0
bound: 4.999999999999999
gap: 0.16666666666388905
time: 1.064133882522583
preprocess_time: 0.082421
node: 246
algo: EFPV