instance: r_10_0.3_12.txt
obj: 2.0
bound: 2.0
gap: 0.0
time: 0.03229498863220215
preprocess_time: 1.325236
sepa_time: 0.0
node: 1
formulation: LEFPAI