instance: r_10_0.1_12.txt
obj: 23.0
bound: 23.0
gap: 0.0
time: 0.01690077781677246
preprocess_time: 1.376846
sepa_time: 0.0
node: 1
formulation: LEFPA