instance: r_10_0.4_13.txt
obj: 18.0
bound: 18.0
gap: 0.0
time: 0.10280299186706543
preprocess_time: 0.044159
sepa_time: 0.0
node: 63
formulation: LEFPV