instance: r_10_0.4_13.txt
obj: 2.0
bound: 2.0
gap: 0.0
time: 0.02368307113647461
preprocess_time: 1.671244
sepa_time: 0.0
node: 1
formulation: LEFPAV