instance: r_10_0.4_13.txt
obj: 2.0
bound: 2.0
gap: 0.0
time: 0.03355288505554199
preprocess_time: 0.021387
sepa_time: 6.93149925122413e-310
node: 1
formulation: LEVFP