instance: r_10_0.4_13.txt
obj: 6.0
bound: 4.999999999999998
gap: 0.16666666666388918
time: 0.08908295631408691
preprocess_time: 0.591091
node: 223
algo: EFPV2