instance: r_10_0.1_12.txt
obj: 2.0
bound: 2.0
gap: 0.0
time: 0.01910996437072754
preprocess_time: 0.026677
node: 0
formulation: EFP