instance: r_10_0.2_9.txt
obj: 5.0
bound: 4.0
gap: 0.199999999996
time: 0.08398699760437012
preprocess_time: 0.04436
node: 38
algo: EF