instance: r_10_0.3_12.txt
obj: 6.0
bound: 5.000000000000001
gap: 0.16666666666666652
time: 0.6309640407562256
preprocess_time: 0.04168
node: 61
formulation: LEVFP