instance: r_10_0.4_13.txt
obj: 6.0
bound: 4.999999999999994
gap: 0.16666666666388993
time: 0.5143730640411377
preprocess_time: 0.051119
node: 908
algo: SF