instance: r_10_0.3_12.txt
obj: 24.0
bound: 24.0
gap: 0.0
time: 0.24910402297973633
preprocess_time: 0.046242
sepa_time: 0.0
node: 942
formulation: LEFPV2