instance: r_10_0.1_12.txt
obj: 23.0
bound: 22.000000000000004
gap: 0.043478260869565064
time: 19.355700969696045
preprocess_time: 0.046647
sepa_time: 0.0
node: 12033
formulation: EFP