instance: r_10_0.3_12.txt
obj: 6.0
bound: 4.999999999999969
gap: 0.16666666666389407
time: 0.19316983222961426
preprocess_time: 0.038439
node: 547
formulation: EFP