instance: r_10_0.2_9.txt
obj: 2.0
bound: 2.0
gap: 0.0
time: 0.013067007064819336
preprocess_time: 0.037645
sepa_time: 8.0e-323
node: 1
formulation: EVFP