instance: r_10_0.2_9.txt
obj: 6.0
bound: 6.0
gap: 0.0
time: 0.004661083221435547
preprocess_time: 0.045844
node: 0
formulation: LEFPD