instance: r_10_0.2_9.txt
obj: 2.0
bound: 2.0
gap: 0.0
time: 0.014494895935058594
preprocess_time: 0.021044
node: 0
algo: EFPD