instance: r_10_0.3_12.txt
obj: 24.0
bound: 24.0
gap: 0.0
time: 440.5089440345764
preprocess_time: 0.035565
sepa_time: 0.0
node: 394960
formulation: EFP