instance: r_10_0.1_12.txt
obj: 18.0
bound: 18.0
gap: 0.0
time: 0.13242316246032715
preprocess_time: 0.044688
sepa_time: 0.0
node: 69
formulation: LEFPD