instance: r_10_0.3_12.txt
obj: 24.0
bound: 24.0
gap: 0.0
time: 0.07709813117980957
preprocess_time: 0.883695
sepa_time: 0.0
node: 165
formulation: LEFPI