instance: r_10_0.1_12.txt
obj: 2.0
bound: 2.0
gap: 0.0
time: 0.02048015594482422
preprocess_time: 0.01166
node: 0
algo: ESF