instance: r_10_0.4_13.txt
org_node: 10
org_edge: 13
org_min_len: 0.2547541803083708
org_avg_len: 0.4915589172514332
org_max_len: 0.7393469405702465
dtf_node: 10
dtf_edge: 13
dtf_min_len: 0.09253989982984054
dtf_avg_len: 0.4915589172514332
dtf_max_len: 0.9618411558093726
sdb_node: 40
sdb_edge: 43
sdb_min_len: 0.1273770901541854
sdb_avg_len: 0.1486108354481076
sdb_max_len: 0.16208821141154864
dlt: 0.16221444269297297
formulation: None