instance: r_10_0.2_9.txt
obj: 5.0
bound: 4.0
gap: 0.199999999996
time: 0.006376981735229492
preprocess_time: 0.040015
node: 0
algo: ERF