instance: r_10_0.2_9.txt
obj: 2.0
bound: 2.0
gap: 0.0
time: 0.013647794723510742
preprocess_time: 0.036128
sepa_time: 2.03e-322
node: 1
formulation: LEVFP