instance: r_10_0.1_12.txt
obj: 23.0
bound: 23.0
gap: 0.0
time: 0.00687408447265625
preprocess_time: 1.247746
sepa_time: 0.0
node: 1
formulation: LEFPAI