instance: r_10_0.4_13.txt
obj: 2.0
bound: 2.0
gap: 0.0
time: 0.38105297088623047
preprocess_time: 0.009635
node: 2
algo: EF