instance: r_10_0.4_13.txt
obj: 6.0
bound: 6.0
gap: 0.0
time: 0.31612205505371094
preprocess_time: 0.041896
node: 88
formulation: LEFPD