instance: r_10_0.4_13.txt
obj: 3.0
bound: 1.9999999999999998
gap: 0.3333333333222223
time: 0.03488278388977051
preprocess_time: 0.026785
node: 0
formulation: LEVFP