instance: r_10_0.2_9.txt
obj: 19.0
bound: 19.0
gap: 0.0
time: 0.0030481815338134766
preprocess_time: 0.045512
sepa_time: 6.99e-321
node: 1
formulation: LEVFP