instance: r_10_0.2_9.txt
obj: 5.0
bound: 4.0
gap: 0.199999999996
time: 0.02100396156311035
preprocess_time: 0.053459
node: 0
algo: F