instance: r_10_0.2_9.txt
obj: 2.0
bound: 2.0
gap: 0.0
time: 0.009102106094360352
preprocess_time: 1.29164
sepa_time: 0.0
node: 1
formulation: LEFPD