instance: r_10_0.2_9.txt
obj: 2.0
bound: 2.0
gap: 0.0
time: 0.013273954391479492
preprocess_time: 0.02989
sepa_time: 3.56e-322
node: 1
formulation: EVFP