instance: r_10_0.2_9.txt
obj: 2.0
bound: 2.0
gap: 0.0
time: 0.009979963302612305
preprocess_time: 0.028555
node: 1
formulation: LEFPI