instance: r_10_0.2_9.txt
obj: 6.0
bound: 5.0
gap: 0.16666666666388888
time: 0.005856990814208984
preprocess_time: 0.057454
node: 0
algo: EVFPL