instance: r_10_0.1_12.txt
obj: 0.0
bound: 0.0
gap: 0.0
time: 0.016427993774414062
preprocess_time: 0.013877
node: 0
algo: EVFPV