instance: r_10_0.3_12.txt
obj: 6.0
bound: 6.0
gap: 0.0
time: 0.13782715797424316
preprocess_time: 0.034552
node: 265
formulation: EFP