instance: r_10_0.3_12.txt
obj: 3.0
bound: 2.0
gap: 0.3333333333222222
time: 0.10554194450378418
preprocess_time: 0.036837
node: 0
formulation: LEFPDB