instance: r_10_0.2_9.txt
obj: 5.0
bound: 5.0
gap: 0.0
time: 0.018484830856323242
preprocess_time: 0.029781
node: 0
algo: EDF