instance: r_10_0.1_12.txt
obj: 2.0
bound: 2.0
gap: 0.0
time: 0.08298420906066895
preprocess_time: 0.036773
node: 40
formulation: LEFP