instance: r_10_0.4_13.txt
obj: 2.0
bound: 2.0
gap: 0.0
time: 0.2449169158935547
preprocess_time: 0.015985
node: 2
formulation: EF