instance: r_10_0.3_12.txt
obj: 11.0
bound: 11.0
gap: 0.0
time: 0.0011830329895019531
preprocess_time: 1.791541
sepa_time: 0.0
node: 0
formulation: LEFPA