instance: r_10_0.4_13.txt
obj: 6.0
bound: 5.000000000000001
gap: 0.16666666666666652
time: 0.3143279552459717
preprocess_time: 0.040841
node: 350
formulation: LEVFP