instance: r_10_0.4_13.txt
obj: 18.0
bound: 17.000000000000004
gap: 0.05555555555555536
time: 18.05824303627014
preprocess_time: 0.045943
sepa_time: 0.0
node: 10360
formulation: EFP