instance: r_10_0.4_13.txt
obj: 6.0
bound: 5.000000000000001
gap: 0.16666666666388874
time: 0.8844499588012695
preprocess_time: 0.044742
node: 1497
formulation: EFP