instance: r_10_0.1_12.txt
obj: 23.0
bound: 23.0
gap: 0.0
time: 190.52541494369507
preprocess_time: 0.036567
sepa_time: 0.0
node: 18687
formulation: EF