instance: r_10_0.2_9.txt
obj: 3.0
bound: 2.0
gap: 0.3333333333222222
time: 0.008433103561401367
preprocess_time: 0.035259
node: 0
algo: RF