instance: r_10_0.4_13.txt
obj: 2.0
bound: 2.0
gap: 0.0
time: 0.029188871383666992
preprocess_time: 1.220457
node: 0
algo: EFPV2