instance: r_10_0.2_9.txt
obj: 5.0
bound: 4.0
gap: 0.199999999996
time: 0.01128387451171875
preprocess_time: 0.314598
node: 0
algo: EFPV2