instance: r_10_0.4_13.txt
obj: 6.0
bound: 4.9999999999999885
gap: 0.16666666666389082
time: 0.851978063583374
preprocess_time: 0.592719
node: 309
algo: EFPV2