instance: r_10_0.1_12.txt
obj: 3.0
bound: 1.9999999999999998
gap: 0.3333333333222223
time: 0.02801203727722168
preprocess_time: 0.028747
node: 0
formulation: EVFP