instance: r_10_0.2_9.txt
obj: 2.0
bound: 2.0
gap: 0.0
time: 0.010370016098022461
preprocess_time: 0.012206
node: 0
algo: F0