instance: r_10_0.2_9.txt
obj: 5.0
bound: 4.0
gap: 0.199999999996
time: 0.008095979690551758
preprocess_time: 0.051901
node: 0
algo: SF