instance: r_10_0.1_12.txt
obj: 2.0
bound: 2.0
gap: 0.0
time: 0.0034520626068115234
preprocess_time: 0.035384
node: 0
algo: SFD