instance: r_10_0.3_12.txt
obj: 6.0
bound: 4.999999999999998
gap: 0.16666666666388918
time: 0.10935592651367188
preprocess_time: 0.037565
node: 155
algo: ESFV