instance: r_10_0.2_9.txt
obj: 2.0
bound: 2.0
gap: 0.0
time: 0.007896900177001953
preprocess_time: 0.478272
node: 0
formulation: EFPV2