instance: r_10_0.4_13.txt
obj: 6.0
bound: 4.999999999999995
gap: 0.16666666666388977
time: 0.21317505836486816
preprocess_time: 0.050988
node: 878
algo: F0