instance: r_10_0.4_13.txt
obj: 2.0
bound: 2.0
gap: 0.0
time: 0.08837699890136719
preprocess_time: 0.039182
node: 0
formulation: LEFPDB