instance: r_10_0.1_12.txt
obj: 2.0
bound: 2.0
gap: 0.0
time: 0.023705005645751953
preprocess_time: 0.02893
node: 1
formulation: LEFPD