instance: r_10_0.3_12.txt
obj: 3.0
bound: 2.0
gap: 0.3333333333222222
time: 0.01790595054626465
preprocess_time: 0.027295
node: 0
formulation: EFPI