instance: r_10_0.2_9.txt
obj: 19.0
bound: 19.0
gap: 0.0
time: 14.65394401550293
preprocess_time: 0.035958
sepa_time: 1.0e-323
node: 2190
formulation: EF