instance: r_10_0.4_13.txt
obj: 3.0
bound: 2.0
gap: 0.3333333333222222
time: 0.02207803726196289
preprocess_time: 0.013294
node: 0
algo: EFPLg