instance: r_10_0.3_12.txt
obj: 24.0
bound: 24.0
gap: 0.0
time: 0.11368012428283691
preprocess_time: 0.04684
sepa_time: 6.92304297322103e-310
node: 141
formulation: LEVFP