instance: r_10_0.3_12.txt
obj: 0.0
bound: 0.0
gap: 0.0
time: 0.025510072708129883
preprocess_time: 0.01894
node: 0
algo: EVFPV