instance: r_10_0.3_12.txt
obj: 2.0
bound: 2.0
gap: 0.0
time: 0.46697998046875
preprocess_time: 0.018709
node: 1
formulation: EF