instance: r_10_0.3_12.txt
obj: 24.0
bound: 24.0
gap: 0.0
time: 0.08933305740356445
preprocess_time: 1.219735
sepa_time: 0.0
node: 210
formulation: LEFP