instance: r_10_0.1_12.txt
obj: 5.0
bound: 4.0
gap: 0.199999999996
time: 0.07253599166870117
preprocess_time: 0.051736
node: 30
algo: ESF