instance: r_10_0.3_12.txt
obj: 0.0
bound: 0.0
gap: 0.0
time: 0.02959609031677246
preprocess_time: 0.056393
node: 0
algo: EVFP0