instance: r_10_0.4_13.txt
obj: 6.0
bound: 4.999999999999954
gap: 0.1666666666638966
time: 1.0612099170684814
preprocess_time: 0.055484
node: 1490
formulation: LEVFP