instance: r_10_0.4_13.txt
obj: 6.0
bound: 4.999999999999993
gap: 0.16666666666389007
time: 0.21900081634521484
preprocess_time: 0.029537
node: 937
formulation: EFPI