instance: r_10_0.4_13.txt
obj: 2.0
bound: 2.0
gap: 0.0
time: 0.017562150955200195
preprocess_time: 0.016677
node: 0
algo: ERF