instance: r_10_0.3_12.txt
obj: 24.0
bound: 24.0
gap: 0.0
time: 0.1334090232849121
preprocess_time: 0.034251
sepa_time: 8.0e-323
node: 141
formulation: LEVFP