instance: r_10_0.1_12.txt
obj: 5.0
bound: 4.0
gap: 0.199999999996
time: 0.07629609107971191
preprocess_time: 0.038509
node: 107
formulation: EFPI