instance: r_10_0.3_12.txt
obj: 24.0
bound: 23.000000000000032
gap: 0.04166666666666533
time: 7200.219925880432
preprocess_time: 0.035843
sepa_time: 4.243991582e-314
node: 2266751
formulation: EF