instance: r_10_0.2_9.txt
obj: 2.0
bound: 2.0
gap: 0.0
time: 0.056704044342041016
preprocess_time: 0.029462
node: 1
formulation: LEFP