instance: r_10_0.1_12.txt
obj: 2.0
bound: 1.0000000000000362
gap: 0.4999999999749819
time: 0.06767010688781738
preprocess_time: 0.029744
node: 0
formulation: LEFPD