instance: r_10_0.3_12.txt
obj: 6.0
bound: 4.999999999999993
gap: 0.16666666666389007
time: 0.1473979949951172
preprocess_time: 0.05229
node: 635
algo: ERF