instance: r_10_0.2_9.txt
obj: 5.0
bound: 5.0
gap: 0.0
time: 0.00423121452331543
preprocess_time: 0.060739
node: 0
algo: RF