instance: r_10_0.2_9.txt
obj: 2.0
bound: 2.0
gap: 0.0
time: 0.008779764175415039
preprocess_time: 0.027463
node: 1
formulation: EFP