instance: r_10_0.4_13.txt
obj: 25.0
bound: 25.0
gap: 0.0
time: 0.44371485710144043
preprocess_time: 0.997713
sepa_time: 1.3866884703543791e13
node: 1
formulation: LEFPAV