instance: r_10_0.3_12.txt
obj: 2.0
bound: 2.0
gap: 0.0
time: 0.05242180824279785
preprocess_time: 0.020698
sepa_time: 3.7e-322
node: 1
formulation: LEVFP