instance: r_10_0.2_9.txt
obj: 19.0
bound: 19.0
gap: 0.0
time: 0.0005700588226318359
preprocess_time: 0.943823
sepa_time: 0.0
node: 0
formulation: LEFPV2