instance: r_10_0.4_13.txt
obj: 2.0
bound: 2.0
gap: 0.0
time: 0.021384000778198242
preprocess_time: 0.014564
node: 0
algo: EFP