instance: r_10_0.3_12.txt
obj: 6.0
bound: 4.999999999999988
gap: 0.16666666666389096
time: 0.17004609107971191
preprocess_time: 0.05213
node: 479
algo: ESF