instance: r_10_0.1_12.txt
obj: 2.0
bound: 2.0
gap: 0.0
time: 0.48384690284729004
preprocess_time: 0.064555
node: 0
algo: EFPV