instance: r_10_0.3_12.txt
obj: 24.0
bound: 23.000000000000004
gap: 0.04166666666666652
time: 846.4518580436707
preprocess_time: 0.045835
sepa_time: 0.0
node: 698093
formulation: EFP