instance: r_10_0.3_12.txt
obj: 6.0
bound: 4.999999999999958
gap: 0.16666666666389585
time: 1.0578548908233643
preprocess_time: 0.045931
node: 1150
formulation: EF