instance: r_10_0.2_9.txt
obj: 1.0
bound: 0.0
gap: 0.9999999999
time: 0.0043070316314697266
preprocess_time: 0.043417
node: 0
algo: EVFPV