instance: r_10_0.4_13.txt
obj: 3.0
bound: 1.9999999999999996
gap: 0.33333333332222237
time: 0.09242701530456543
preprocess_time: 0.011935
node: 0
algo: RF