instance: r_10_0.2_9.txt
obj: 5.0
bound: 4.0
gap: 0.199999999996
time: 0.011317968368530273
preprocess_time: 0.042503
node: 0
algo: ESFV