instance: r_10_0.1_12.txt
obj: 23.0
bound: 23.0
gap: 0.0
time: 0.01006317138671875
preprocess_time: 0.026808
sepa_time: 6.9517567132155e-310
node: 1
formulation: LEVFP