instance: r_10_0.1_12.txt
obj: 5.0
bound: 4.0
gap: 0.199999999996
time: 0.1071920394897461
preprocess_time: 0.042062
node: 65
algo: EVFP0