instance: r_10_0.2_9.txt
obj: 5.0
bound: 4.0
gap: 0.199999999996
time: 0.008625984191894531
preprocess_time: 0.502188
node: 0
formulation: EFPV2