instance: r_10_0.4_13.txt
obj: 2.0
bound: 2.0
gap: 0.0
time: 0.0226898193359375
preprocess_time: 0.996156
sepa_time: 0.0
node: 1
formulation: LEFPV2