instance: r_10_0.3_12.txt
obj: 6.0
bound: 4.999999999999969
gap: 0.16666666666389407
time: 0.19678497314453125
preprocess_time: 0.055921
node: 547
algo: EFP