instance: r_10_0.4_13.txt
obj: 3.0
bound: 2.0
gap: 0.3333333333222222
time: 0.02555394172668457
preprocess_time: 0.014361
node: 0
algo: EFP0