instance: r_10_0.1_12.txt
obj: 23.0
bound: 22.000000000000004
gap: 0.043478260869565064
time: 35.926337003707886
preprocess_time: 0.045581
sepa_time: 0.0
node: 10281
formulation: EVFP