instance: r_10_0.3_12.txt
obj: 2.0
bound: 2.0
gap: 0.0
time: 0.028570890426635742
preprocess_time: 0.027155
node: 1
formulation: LEFPD