instance: r_10_0.4_13.txt
obj: 6.0
bound: 4.999999999999978
gap: 0.1666666666638926
time: 1.3964409828186035
preprocess_time: 0.060069
node: 1813
algo: EVFP