instance: r_10_0.3_12.txt
obj: 24.0
bound: 24.0
gap: 0.0
time: 0.12378406524658203
preprocess_time: 1.319873
sepa_time: 0.0
node: 243
formulation: LEFPAI