instance: r_10_0.4_13.txt
obj: 6.0
bound: 6.0
gap: 0.0
time: 0.003278970718383789
preprocess_time: 0.073593
node: 0
algo: SFD