instance: r_10_0.3_12.txt
obj: 2.0
bound: 2.0
gap: 0.0
time: 0.042220115661621094
preprocess_time: 0.037446
sepa_time: 0.0
node: 1
formulation: LEFPV