instance: r_10_0.1_12.txt
obj: 3.0
bound: 2.0
gap: 0.3333333333222222
time: 0.034852027893066406
preprocess_time: 1.100979
node: 0
algo: EFPV2