instance: r_10_0.2_9.txt
obj: 5.0
bound: 4.0
gap: 0.199999999996
time: 0.0046880245208740234
preprocess_time: 0.03058
node: 0
algo: EFP0