instance: r_10_0.2_9.txt
obj: 19.0
bound: 19.0
gap: 0.0
time: 14.638597965240479
preprocess_time: 0.035092
sepa_time: 0.0
node: 2190
formulation: EF