instance: r_10_0.2_9.txt
obj: 3.0
bound: 2.0
gap: 0.3333333333222222
time: 0.02917790412902832
preprocess_time: 0.036864
node: 0
formulation: LEFPDB