instance: r_10_0.3_12.txt
org_node: 10
org_edge: 12
org_min_len: 0.29924803360899005
org_avg_len: 0.610502457231532
org_max_len: 0.9875583338039858
dtf_node: 13
dtf_edge: 15
dtf_min_len: 0.12429804761287078
dtf_avg_len: 0.48840196578522554
dtf_max_len: 1.2728694279731012
sdb_node: 15
sdb_edge: 17
sdb_min_len: 0.0518657345149518
sdb_avg_len: 0.4309429109869637
sdb_max_len: 0.6105018467290747
dlt: 0.610502457231532
algo: None