instance: r_10_0.2_9.txt
obj: 19.0
bound: 19.0
gap: 0.0
time: 0.0021820068359375
preprocess_time: 0.044076
sepa_time: 0.0
node: 1
formulation: LEVFP