instance: r_10_0.4_13.txt
obj: 0.0
bound: 0.0
gap: 0.0
time: 0.01501011848449707
preprocess_time: 0.019763
node: 0
algo: EVFP0