instance: r_10_0.3_12.txt
org_node: 10
org_edge: 12
org_min_len: 0.29924803360899005
org_avg_len: 0.610502457231532
org_max_len: 0.9875583338039858
dtf_node: 9
dtf_edge: 11
dtf_min_len: 0.14662257192672137
dtf_avg_len: 0.6660026806162167
dtf_max_len: 1.2728694279731012
sdb_node: 51
sdb_edge: 53
sdb_min_len: 0.11659761498109725
sdb_avg_len: 0.13822697144864868
sdb_max_len: 0.14962401680449502
dlt: 0.152625614307883
formulation: None