instance: r_10_0.3_12.txt
obj: 17.0
bound: 16.000000000000007
gap: 0.05882352941176429
time: 12.557316064834595
preprocess_time: 0.045834
sepa_time: 0.0
node: 11580
formulation: EFP