instance: r_10_0.3_12.txt
obj: 3.0
bound: 2.0
gap: 0.3333333333222222
time: 0.05610990524291992
preprocess_time: 0.018289
node: 0
algo: EFPD