instance: r_10_0.4_13.txt
obj: 2.0
bound: 2.0
gap: 0.0
time: 0.02926802635192871
preprocess_time: 0.014897
node: 0
algo: EFPD