instance: r_10_0.4_13.txt
obj: 6.0
bound: 4.999999999999998
gap: 0.16666666666388918
time: 1.3855578899383545
preprocess_time: 0.084038
node: 266
algo: EFPV