instance: r_10_0.3_12.txt
org_node: 10
org_edge: 12
org_min_len: 0.29924803360899005
org_avg_len: 0.610502457231532
org_max_len: 0.9875583338039858
dtf_node: 10
dtf_edge: 12
dtf_min_len: 0.09778242418839539
dtf_avg_len: 0.610502457231532
dtf_max_len: 1.2728694279731012
sdb_node: 38
sdb_edge: 40
sdb_min_len: 0.14962401680449502
sdb_avg_len: 0.18315073716945954
sdb_max_len: 0.19751166676079718
dlt: 0.20146581088640556
formulation: None