instance: r_10_0.3_12.txt
obj: 24.0
bound: 23.000019365421377
gap: 0.041665859774109304
time: 507.0160381793976
preprocess_time: 0.035524
sepa_time: 0.0
node: 356642
formulation: EFP