instance: r_10_0.1_12.txt
obj: 3.0
bound: 2.0
gap: 0.3333333333222222
time: 0.019457101821899414
preprocess_time: 0.020095
node: 0
algo: EVFPL