instance: r_10_0.3_12.txt
obj: 6.0
bound: 6.0
gap: 0.0
time: 0.2528231143951416
preprocess_time: 0.045584
sepa_time: 6.9291151686556e-310
node: 71
formulation: EVFP