instance: r_10_0.3_12.txt
obj: 6.0
bound: 4.999999999999973
gap: 0.16666666666389332
time: 0.23930716514587402
preprocess_time: 0.043913
node: 638
formulation: LEVFP