instance: r_10_0.2_9.txt
obj: 6.0
bound: 6.0
gap: 0.0
time: 0.04109501838684082
preprocess_time: 0.044591
node: 0
formulation: LEFP