instance: r_10_0.1_12.txt
obj: 2.0
bound: 2.0
gap: 0.0
time: 0.04782295227050781
preprocess_time: 0.028051
node: 0
formulation: EFPD