instance: r_10_0.1_12.txt
obj: 2.0
bound: 2.0
gap: 0.0
time: 0.03612995147705078
preprocess_time: 0.030069
sepa_time: 6.90358174665287e-310
node: 1
formulation: EVFP