instance: r_10_0.3_12.txt
obj: 24.0
bound: 23.000004852613813
gap: 0.04166646447442446
time: 1844.0556950569153
preprocess_time: 0.035261
sepa_time: 0.0
node: 1941360
formulation: EFP