instance: r_10_0.4_13.txt
obj: 6.0
bound: 4.999999999999983
gap: 0.1666666666638917
time: 1.5429418087005615
preprocess_time: 0.039142
node: 1993
formulation: LEVFP