instance: r_10_0.4_13.txt
obj: 2.0
bound: 2.0
gap: 0.0
time: 0.3583550453186035
preprocess_time: 0.011997
sepa_time: 1.5e-323
node: 1
formulation: EF