instance: r_10_0.3_12.txt
obj: 2.0
bound: 2.0
gap: 0.0
time: 0.5141739845275879
preprocess_time: 0.027165
node: 1
formulation: LEVFP