instance: r_10_0.1_12.txt
obj: 5.0
bound: 4.0
gap: 0.199999999996
time: 0.018970966339111328
preprocess_time: 0.052913
node: 0
algo: ERF