instance: r_10_0.4_13.txt
obj: 2.0
bound: 2.0
gap: 0.0
time: 0.030146121978759766
preprocess_time: 0.01575
node: 0
algo: SF