instance: r_10_0.3_12.txt
obj: 24.0
bound: 24.0
gap: 0.0
time: 0.11373400688171387
preprocess_time: 0.045407
sepa_time: 0.0
node: 82
formulation: LEFPD