instance: r_10_0.3_12.txt
obj: 6.0
bound: 5.000000000000014
gap: 0.16666666666388652
time: 0.0401310920715332
preprocess_time: 0.05667
node: 0
formulation: LEFPD