instance: r_10_0.3_12.txt
obj: 6.0
bound: 5.0
gap: 0.16666666666388888
time: 2.110074996948242
preprocess_time: 0.044202
node: 1000
algo: EF