instance: r_10_0.2_9.txt
obj: 14.0
bound: 14.0
gap: 0.0
time: 0.002385854721069336
preprocess_time: 0.044566
sepa_time: 0.0
node: 1
formulation: LEFPV