instance: r_10_0.4_13.txt
obj: 18.0
bound: 18.0
gap: 0.0
time: 0.13372397422790527
preprocess_time: 0.044389
sepa_time: 0.0
node: 92
formulation: LEFPD