instance: r_10_0.1_12.txt
obj: 5.0
bound: 5.0
gap: 0.0
time: 0.04134511947631836
preprocess_time: 0.044008
node: 0
formulation: LEFPD