instance: r_10_0.2_9.txt
obj: 0.0
bound: 0.0
gap: 0.0
time: 0.00726318359375
preprocess_time: 0.021371
node: 0
algo: EVFPV