instance: r_10_0.2_9.txt
obj: 2.0
bound: 2.0
gap: 0.0
time: 0.008595943450927734
preprocess_time: 0.312681
node: 0
algo: EFPV2