instance: r_10_0.2_9.txt
obj: 3.0
bound: 2.0
gap: 0.3333333333222222
time: 0.005667924880981445
preprocess_time: 0.018929
node: 0
algo: EFP0