instance: r_10_0.2_9.txt
obj: 2.0
bound: 2.0
gap: 0.0
time: 0.0055561065673828125
preprocess_time: 0.065519
node: 0
formulation: EFPV