instance: r_10_0.3_12.txt
obj: 6.0
bound: 4.9999999999999964
gap: 0.1666666666638895
time: 0.18806099891662598
preprocess_time: 0.078697
node: 585
algo: F