instance: r_10_0.3_12.txt
obj: 24.0
bound: 23.000000000000004
gap: 0.04166666666666652
time: 605.885302066803
preprocess_time: 0.047101
sepa_time: -1.0
node: 131834
formulation: EF