instance: r_10_0.1_12.txt
obj: 2.0
bound: 2.0
gap: 0.0
time: 0.020821809768676758
preprocess_time: 0.037296
node: 0
formulation: LEVFP