instance: r_10_0.2_9.txt
obj: 5.0
bound: 5.0
gap: 0.0
time: 0.0029129981994628906
preprocess_time: 0.045815
sepa_time: 0.0
node: 1
formulation: LEFPV2