instance: r_10_0.1_12.txt
obj: 5.0
bound: 5.0
gap: 0.0
time: 0.37853002548217773
preprocess_time: 0.033142
node: 1
formulation: EF