instance: r_10_0.2_9.txt
obj: 2.0
bound: 2.0
gap: 0.0
time: 0.010429143905639648
preprocess_time: 0.027571
node: 1
formulation: LEVFP