instance: r_10_0.3_12.txt
obj: 6.0
bound: 5.000000000000001
gap: 0.16666666666666652
time: 0.2267289161682129
preprocess_time: 0.042491
node: 41
formulation: LEFP