instance: r_10_0.4_13.txt
org_node: 10
org_edge: 13
org_min_len: 0.2547541803083708
org_avg_len: 0.4915589172514332
org_max_len: 0.7393469405702465
dtf_node: 14
dtf_edge: 17
dtf_min_len: 0.07212780579805694
dtf_avg_len: 0.3758979955452137
dtf_max_len: 0.4915584256925159
sdb_node: 14
sdb_edge: 17
sdb_min_len: 0.07212780579805694
sdb_avg_len: 0.3758979955452137
sdb_max_len: 0.4915584256925159
dlt: 0.4915589172514332
algo: None