instance: r_10_0.1_12.txt
obj: 2.0
bound: 2.0
gap: 0.0
time: 0.017548084259033203
preprocess_time: 0.035096
node: 0
algo: SF