instance: r_10_0.1_12.txt
obj: 5.0
bound: 5.0
gap: 0.0
time: 0.03821301460266113
preprocess_time: 0.045201
sepa_time: 6.93480784800187e-310
node: 1
formulation: EVFP