instance: r_10_0.4_13.txt
obj: 6.0
bound: 4.999999999999992
gap: 0.1666666666638902
time: 0.20687484741210938
preprocess_time: 0.053853
node: 873
algo: EFP0