instance: r_10_0.4_13.txt
obj: 2.0
bound: 2.0
gap: 0.0
time: 0.02382683753967285
preprocess_time: 1.400993
sepa_time: 0.0
node: 1
formulation: LEFPA