instance: r_10_0.1_12.txt
obj: 5.0
bound: 4.0
gap: 0.199999999996
time: 0.03624701499938965
preprocess_time: 0.02814
node: 0
formulation: EFPD