instance: r_10_0.1_12.txt
org_node: 10
org_edge: 12
org_min_len: 0.33636755169883137
org_avg_len: 0.6832339582240423
org_max_len: 0.9551886407953641
dtf_node: 10
dtf_edge: 12
dtf_min_len: 0.33636755169883137
dtf_avg_len: 0.6832339582240423
dtf_max_len: 0.9551886407953641
sdb_node: 10
sdb_edge: 12
sdb_min_len: 0.33636755169883137
sdb_avg_len: 0.6832339582240423
sdb_max_len: 0.9551886407953641
dlt: 1.3664679164480846
formulation: None