instance: r_10_0.1_12.txt
obj: 18.0
bound: 18.0
gap: 0.0
time: 0.19121313095092773
preprocess_time: 0.045192
sepa_time: 0.0
node: 370
formulation: LEFP