instance: r_10_0.1_12.txt
obj: 3.0
bound: 2.0
gap: 0.3333333333222222
time: 0.021249055862426758
preprocess_time: 0.035107
node: 0
algo: RF