instance: r_10_0.2_9.txt
obj: 2.0
bound: 2.0
gap: 0.0
time: 0.010510921478271484
preprocess_time: 0.022442
sepa_time: 0.0
node: 1
formulation: LEVFP