instance: r_10_0.4_13.txt
obj: 6.0
bound: 4.999999999999996
gap: 0.16666666666388963
time: 0.2425079345703125
preprocess_time: 0.031497
node: 649
formulation: EFP