instance: r_10_0.3_12.txt
obj: 2.0
bound: 2.0
gap: 0.0
time: 0.04234790802001953
preprocess_time: 0.028728
node: 1
formulation: LEFPI