instance: r_10_0.4_13.txt
obj: 2.0
bound: 2.0
gap: 0.0
time: 0.032012224197387695
preprocess_time: 0.019157
node: 0
formulation: EFP