instance: r_10_0.2_9.txt
obj: 2.0
bound: 2.0
gap: 0.0
time: 0.010502815246582031
preprocess_time: 0.018802
node: 0
algo: EVFPV