instance: r_10_0.4_13.txt
obj: 2.0
bound: 2.0
gap: 0.0
time: 0.024576902389526367
preprocess_time: 0.036903
node: 0
formulation: LEVFP