instance: r_10_0.2_9.txt
obj: 5.0
bound: 4.0
gap: 0.199999999996
time: 0.008222818374633789
preprocess_time: 0.318607
node: 0
algo: EFPV2