instance: r_10_0.2_9.txt
obj: 5.0
bound: 5.0
gap: 0.0
time: 0.01770496368408203
preprocess_time: 0.030813
node: 0
algo: EFPD