instance: r_10_0.2_9.txt
obj: 5.0
bound: 5.0
gap: 0.0
time: 0.0627899169921875
preprocess_time: 0.031398
node: 62
algo: EVFP0