instance: r_10_0.2_9.txt
obj: 2.0
bound: 2.0
gap: 0.0
time: 0.009584903717041016
preprocess_time: 0.04055
sepa_time: 0.0
node: 1
formulation: LEFPV2