instance: r_10_0.1_12.txt
obj: 5.0
bound: 4.0
gap: 0.199999999996
time: 0.04548501968383789
preprocess_time: 0.029671
node: 0
formulation: LEVFP