instance: r_10_0.1_12.txt
obj: 5.0
bound: 4.0
gap: 0.199999999996
time: 0.06022500991821289
preprocess_time: 0.051184
node: 40
algo: F0