instance: r_10_0.3_12.txt
obj: 2.0
bound: 2.0
gap: 0.0
time: 0.027888059616088867
preprocess_time: 0.028317
node: 1
formulation: LEFPV