instance: r_10_0.4_13.txt
obj: 6.0
bound: 5.000000000000001
gap: 0.16666666666666652
time: 0.22130608558654785
preprocess_time: 0.057413
sepa_time: 0.0
node: 188
formulation: LEFPV2