instance: r_10_0.3_12.txt
obj: 3.0
bound: 2.0
gap: 0.3333333333222222
time: 0.014127016067504883
preprocess_time: 0.019753
node: 0
algo: EFP0