instance: r_10_0.1_12.txt
obj: 23.0
bound: 22.0
gap: 0.043478260869565216
time: 10.78587007522583
preprocess_time: 0.04565
sepa_time: 0.0
node: 8267
formulation: EFP