instance: r_10_0.4_13.txt
obj: 25.0
bound: 25.0
gap: 0.0
time: 471.5200970172882
preprocess_time: 0.036134
sepa_time: 0.0
node: 309152
formulation: EFP