instance: r_10_0.4_13.txt
obj: 6.0
bound: 4.999999999999995
gap: 0.16666666666388977
time: 0.15374207496643066
preprocess_time: 0.036632
node: 264
algo: ESFV