instance: r_10_0.1_12.txt
obj: 3.0
bound: 2.0
gap: 0.3333333333222222
time: 0.029275894165039062
preprocess_time: 0.017499
node: 0
algo: RF