instance: r_10_0.4_13.txt
obj: 2.0
bound: 2.0
gap: 0.0
time: 0.022588014602661133
preprocess_time: 0.080233
node: 0
formulation: EFPV