instance: r_10_0.4_13.txt
obj: 25.0
bound: 24.000000000000004
gap: 0.039999999999999855
time: 437.51518511772156
preprocess_time: 0.036809
sepa_time: 0.0
node: 45713
formulation: EF