instance: r_10_0.4_13.txt
obj: 25.0
bound: 24.00001968453523
gap: 0.03999921261859086
time: 282.7173910140991
preprocess_time: 0.037275
sepa_time: 0.0
node: 219920
formulation: EFP