instance: r_10_0.4_13.txt
obj: 2.0
bound: 2.0
gap: 0.0
time: 0.01756596565246582
preprocess_time: 0.016684
node: 0
algo: ERF