instance: r_10_0.4_13.txt
obj: 6.0
bound: 5.000000000000001
gap: 0.16666666666666652
time: 0.17489314079284668
preprocess_time: 0.043722
node: 162
formulation: LEFPI