instance: r_10_0.4_13.txt
obj: 2.0
bound: 2.0
gap: 0.0
time: 0.025754928588867188
preprocess_time: 0.016972
node: 0
algo: ESF