instance: r_10_0.3_12.txt
obj: 2.0
bound: 2.0
gap: 0.0
time: 0.02904987335205078
preprocess_time: 1.431349
sepa_time: 0.0
node: 1
formulation: LEFPAI