instance: r_10_0.4_13.txt
obj: 18.0
bound: 17.000000000000004
gap: 0.05555555555555536
time: 32.95642900466919
preprocess_time: 0.044863
sepa_time: 5.0e-324
node: 10895
formulation: EVFP