instance: r_10_0.2_9.txt
obj: 2.0
bound: 2.0
gap: 0.0
time: 0.006812095642089844
preprocess_time: 0.882024
sepa_time: 0.0
node: 1
formulation: LEFPI