instance: r_10_0.2_9.txt
org_node: 10
org_edge: 9
org_min_len: 0.2738171674509923
org_avg_len: 0.4705980688401832
org_max_len: 0.8466035273230632
dtf_node: 4
dtf_edge: 3
dtf_min_len: 0.6534746134150502
dtf_avg_len: 1.4117942065205495
dtf_max_len: 2.5139404857115077
sdb_node: 30
sdb_edge: 29
sdb_min_len: 0.13069492268301003
sdb_avg_len: 0.14604767653660863
sdb_max_len: 0.15256678863358436
dlt: 0.15529736271726047
formulation: None