instance: r_10_0.1_12.txt
obj: 23.0
bound: 23.0
gap: 0.0
time: 0.008760929107666016
preprocess_time: 1.235813
sepa_time: 0.0
node: 1
formulation: LEFP