instance: r_10_0.3_12.txt
obj: 6.0
bound: 4.9999999999999964
gap: 0.1666666666638895
time: 0.2304239273071289
preprocess_time: 0.055259
node: 304
algo: EFPD