instance: r_10_0.3_12.txt
obj: 6.0
bound: 5.0
gap: 0.16666666666388888
time: 0.09919500350952148
preprocess_time: 0.057014
node: 41
formulation: LEFPDB