instance: r_10_0.2_9.txt
obj: 2.0
bound: 2.0
gap: 0.0
time: 0.011085987091064453
preprocess_time: 0.015684
node: 0
algo: SF