instance: r_10_0.2_9.txt
obj: 19.0
bound: 19.0
gap: 0.0
time: 0.00201416015625
preprocess_time: 0.03447
sepa_time: 1.9e-322
node: 1
formulation: LEVFP