instance: r_10_0.4_13.txt
obj: 0.0
bound: 0.0
gap: 0.0
time: 0.011690139770507812
preprocess_time: 0.044861
node: 0
algo: EVFP0