instance: r_10_0.3_12.txt
obj: 6.0
bound: 4.9999999999999964
gap: 0.1666666666638895
time: 0.3733029365539551
preprocess_time: 0.052098
node: 304
algo: EDF