instance: r_10_0.4_13.txt
obj: 25.0
bound: 25.0
gap: 0.0
time: 0.6585478782653809
preprocess_time: 1.593369
sepa_time: 1.386688470354398e13
node: 3
formulation: LEFPAV