instance: r_10_0.4_13.txt
obj: 0.0
bound: 0.0
gap: 0.0
time: 0.017134904861450195
preprocess_time: 0.055691
node: 0
algo: EVFP