instance: r_10_0.2_9.txt
obj: 3.0
bound: 2.0
gap: 0.3333333333222222
time: 0.00822901725769043
preprocess_time: 0.019525
node: 0
algo: EFP