instance: r_10_0.3_12.txt
obj: 6.0
bound: 4.9999999999999964
gap: 0.1666666666638895
time: 0.3252828121185303
preprocess_time: 0.050228
node: 876
algo: ERF