instance: r_10_0.4_13.txt
obj: 2.0
bound: 0.9999999999999998
gap: 0.4999999999750001
time: 0.058492183685302734
preprocess_time: 0.036985
node: 0
formulation: LEFPI