instance: r_10_0.3_12.txt
obj: 3.0
bound: 1.9999999999999998
gap: 0.3333333333222223
time: 0.14835786819458008
preprocess_time: 0.036598
node: 0
formulation: LEFPD