instance: r_10_0.1_12.txt
obj: 18.0
bound: 18.0
gap: 0.0
time: 0.09547090530395508
preprocess_time: 0.04474
sepa_time: 8.4e-323
node: 94
formulation: LEVFP