instance: r_10_0.4_13.txt
obj: 6.0
bound: 4.999999999999955
gap: 0.16666666666389643
time: 1.2252719402313232
preprocess_time: 0.073984
node: 2079
algo: F