instance: r_10_0.3_12.txt
obj: 6.0
bound: 4.999999999999983
gap: 0.1666666666638917
time: 0.4413430690765381
preprocess_time: 0.056042
node: 1563
formulation: EFP