instance: r_10_0.3_12.txt
obj: 5.999999920898089
bound: 4.999999999999998
gap: 0.16666665567751254
time: 0.24847698211669922
preprocess_time: 0.055567
node: 317
algo: EVFPV