instance: r_10_0.1_12.txt
obj: 2.0
bound: 2.0
gap: 0.0
time: 0.030698060989379883
preprocess_time: 0.020392
sepa_time: 1.1e-322
node: 1
formulation: EVFP