instance: r_10_0.4_13.txt
obj: 6.0
bound: 5.000000000000003
gap: 0.16666666666388844
time: 0.7158830165863037
preprocess_time: 0.028046
node: 509
formulation: EF