instance: r_10_0.2_9.txt
obj: 5.0
bound: 4.0
gap: 0.199999999996
time: 0.0879509449005127
preprocess_time: 0.046339
node: 130
formulation: EF