instance: r_10_0.3_12.txt
obj: 24.0
bound: 24.0
gap: 0.0
time: 0.5070381164550781
preprocess_time: 0.94362
sepa_time: 4.624302669543395e12
node: 224
formulation: LEFPAV