instance: r_10_0.3_12.txt
obj: 6.0
bound: 4.999999999999964
gap: 0.16666666666389496
time: 0.5303878784179688
preprocess_time: 0.055498
node: 1005
algo: EVFP0