instance: r_10_0.3_12.txt
obj: 2.0
bound: 2.0
gap: 0.0
time: 0.42927098274230957
preprocess_time: 0.011224
sepa_time: 0.0
node: 1
formulation: EF