instance: r_10_0.4_13.txt
obj: 6.0
bound: 5.000000000000003
gap: 0.16666666666388844
time: 0.6223430633544922
preprocess_time: 0.045396
node: 509
algo: EF