instance: r_10_0.1_12.txt
obj: 3.0
bound: 2.0
gap: 0.3333333333222222
time: 0.19054079055786133
preprocess_time: 0.019182
node: 0
formulation: EF