instance: r_10_0.2_9.txt
obj: 6.0
bound: 6.0
gap: 0.0
time: 0.004662990570068359
preprocess_time: 0.046144
node: 0
formulation: LEFPI