instance: r_10_0.4_13.txt
obj: 2.0
bound: 2.0
gap: 0.0
time: 0.031213998794555664
preprocess_time: 0.027937
node: 1
formulation: LEVFP