instance: r_10_0.1_12.txt
obj: 5.0
bound: 5.0
gap: 0.0
time: 0.03956794738769531
preprocess_time: 0.034569
node: 1
formulation: EFP