instance: r_10_0.2_9.txt
obj: 2.0
bound: 2.0
gap: 0.0
time: 0.03362703323364258
preprocess_time: 0.01936
node: 1
formulation: EF