instance: r_10_0.4_13.txt
obj: 13.0
bound: 13.0
gap: 0.0
time: 0.0017900466918945312
preprocess_time: 1.717629
sepa_time: 0.0
node: 0
formulation: LEFPAD