instance: r_10_0.2_9.txt
obj: 2.0
bound: 2.0
gap: 0.0
time: 0.03214311599731445
preprocess_time: 0.036623
sepa_time: 6.94477885861496e-310
node: 1
formulation: EVFP