instance: r_10_0.3_12.txt
obj: 2.0
bound: 2.0
gap: 0.0
time: 0.06526589393615723
preprocess_time: 0.029104
sepa_time: 0.0
node: 1
formulation: LEVFP