instance: r_10_0.3_12.txt
obj: 6.0
bound: 4.999999999999996
gap: 0.16666666666388963
time: 0.3363649845123291
preprocess_time: 0.058844
node: 614
algo: EVFP