instance: r_10_0.1_12.txt
obj: 2.0
bound: 1.0
gap: 0.499999999975
time: 0.05193901062011719
preprocess_time: 0.037852
node: 30
formulation: LEFPI