instance: r_10_0.3_12.txt
obj: 2.0
bound: 2.0
gap: 0.0
time: 0.6304538249969482
preprocess_time: 1.725593
sepa_time: 1.38513765344158e13
node: 1
formulation: LEFPAV