instance: r_10_0.3_12.txt
obj: 17.0
bound: 17.0
gap: 0.0
time: 0.18654608726501465
preprocess_time: 0.045519
sepa_time: 0.0
node: 61
formulation: LEFP