instance: r_10_0.3_12.txt
org_node: 10
org_edge: 12
org_min_len: 0.29924803360899005
org_avg_len: 0.610502457231532
org_max_len: 0.9875583338039858
dtf_node: 10
dtf_edge: 12
dtf_min_len: 0.29924803360899005
dtf_avg_len: 0.610502457231532
dtf_max_len: 0.9875583338039858
sdb_node: 10
sdb_edge: 12
sdb_min_len: 0.29924803360899005
sdb_avg_len: 0.610502457231532
sdb_max_len: 0.9875583338039858
dlt: 1.221004914463064
algo: None