instance: r_10_0.1_12.txt
obj: 5.0
bound: 4.0
gap: 0.199999999996
time: 0.059496164321899414
preprocess_time: 0.812208
node: 0
algo: EFPV2