instance: r_10_0.3_12.txt
obj: 2.0
bound: 2.0
gap: 0.0
time: 0.48915791511535645
preprocess_time: 0.011041
sepa_time: 6.94145492473553e-310
node: 1
formulation: EF