instance: r_10_0.2_9.txt
obj: 14.0
bound: 14.0
gap: 0.0
time: 0.0024671554565429688
preprocess_time: 0.044359
sepa_time: 6.93949783244784e-310
node: 1
formulation: LEVFP