instance: r_10_0.1_12.txt
obj: 5.0
bound: 4.0
gap: 0.199999999996
time: 0.017921924591064453
preprocess_time: 0.027597
node: 0
formulation: EFP