instance: r_10_0.1_12.txt
obj: 3.0
bound: 2.0000000000000004
gap: 0.3333333333222221
time: 0.19701814651489258
preprocess_time: 0.008231
node: 0
algo: EF