instance: r_10_0.3_12.txt
obj: 6.0
bound: 4.999999999999985
gap: 0.1666666666638914
time: 0.2224431037902832
preprocess_time: 0.055258
node: 610
algo: EFP0