instance: r_10_0.3_12.txt
obj: 17.0
bound: 16.000000000000004
gap: 0.0588235294117645
time: 12.890289068222046
preprocess_time: 0.046284
sepa_time: 1.0
node: 2692
formulation: EF