instance: r_10_0.4_13.txt
obj: 6.0
bound: 4.999999999999972
gap: 0.16666666666389363
time: 0.11349892616271973
preprocess_time: 0.084414
node: 242
algo: EFPV