instance: r_10_0.1_12.txt
obj: 5.0
bound: 4.0
gap: 0.199999999996
time: 0.04038810729980469
preprocess_time: 0.627345
node: 0
formulation: EFPV2