instance: r_10_0.3_12.txt
obj: 2.0
bound: 2.0
gap: 0.0
time: 0.02668309211730957
preprocess_time: 0.026471
sepa_time: 0.0
node: 1
formulation: EFP