instance: r_10_0.4_13.txt
obj: 1.0
bound: 0.0
gap: 0.9999999999
time: 0.014719963073730469
preprocess_time: 0.05435
node: 0
algo: EVFPV