instance: r_10_0.1_12.txt
obj: 23.0
bound: 23.0
gap: 0.0
time: 925.3799159526825
preprocess_time: 0.035367
sepa_time: 0.0
node: 1186980
formulation: EFP