instance: r_10_0.1_12.txt
obj: 1.0
bound: 0.0
gap: 0.9999999999
time: 0.024260997772216797
preprocess_time: 0.05556
node: 0
algo: EVFPV