instance: r_10_0.4_13.txt
obj: 6.0
bound: 4.999999999999919
gap: 0.16666666666390237
time: 0.2690470218658447
preprocess_time: 0.048435
node: 636
algo: ERF