instance: r_10_0.1_12.txt
obj: 0.0
bound: 0.0
gap: 0.0
time: 0.014733076095581055
preprocess_time: 0.053361
node: 0
algo: EVFP