instance: r_10_0.3_12.txt
obj: 2.0
bound: 2.0
gap: 0.0
time: 0.5266017913818359
preprocess_time: 0.015003
sepa_time: 6.92129744444244e-310
node: 1
formulation: EF