instance: r_10_0.4_13.txt
obj: 25.0
bound: 25.0
gap: 0.0
time: 0.06247091293334961
preprocess_time: 0.04759
sepa_time: 0.0
node: 31
formulation: LEFPI