instance: r_10_0.1_12.txt
obj: 0.0
bound: 0.0
gap: 0.0
time: 0.01897883415222168
preprocess_time: 0.018954
node: 0
algo: EVFP0