instance: r_10_0.4_13.txt
obj: 2.0
bound: 2.0
gap: 0.0
time: 0.05144500732421875
preprocess_time: 0.019574
node: 0
algo: EVFPV