instance: r_10_0.4_13.txt
obj: 0.0
bound: 0.0
gap: 0.0
time: 0.03337812423706055
preprocess_time: 0.019523
node: 0
algo: EVFPV