instance: r_10_0.1_12.txt
obj: 15.0
bound: 15.0
gap: 0.0
time: 0.001631021499633789
preprocess_time: 1.726788
sepa_time: 0.0
node: 0
formulation: LEFPAD