instance: r_10_0.4_13.txt
obj: 2.0
bound: 2.0
gap: 0.0
time: 0.02527785301208496
preprocess_time: 0.029789
node: 1
formulation: LEFPI