instance: r_10_0.4_13.txt
obj: 6.0
bound: 5.0
gap: 0.16666666666388888
time: 1.1777141094207764
preprocess_time: 0.03571
node: 1018
formulation: EF