instance: r_10_0.1_12.txt
obj: 2.0
bound: 2.0
gap: 0.0
time: 0.016738176345825195
preprocess_time: 0.027897
node: 1
formulation: LEFPV