instance: r_10_0.2_9.txt
obj: 19.0
bound: 19.0
gap: 0.0
time: 0.0
preprocess_time: 0.462191
sepa_time: 6.9181279857057e-310
node: 0
formulation: LEFPAD