instance: r_10_0.4_13.txt
obj: 6.0
bound: 4.999999999999992
gap: 0.1666666666638902
time: 0.63901686668396
preprocess_time: 0.045462
node: 1242
algo: RF