instance: r_10_0.3_12.txt
obj: 2.0
bound: 2.0
gap: 0.0
time: 0.08406591415405273
preprocess_time: 1.39961
sepa_time: 0.0
node: 1
formulation: LEFPV