instance: r_10_0.3_12.txt
obj: 2.0
bound: 2.0
gap: 0.0
time: 0.534965991973877
preprocess_time: 0.016679
sepa_time: 6.91212210350085e-310
node: 1
formulation: EF