instance: r_10_0.3_12.txt
obj: 24.0
bound: 24.0
gap: 0.0
time: 0.17087197303771973
preprocess_time: 1.393333
sepa_time: 0.0
node: 360
formulation: LEFPAD