instance: r_10_0.2_9.txt
obj: 4.999999000002125
bound: 3.9999991818204363
gap: 0.2000000036322535
time: 0.03434395790100098
preprocess_time: 0.044442
node: 67
formulation: EFP