instance: r_10_0.4_13.txt
obj: 2.0
bound: 2.0
gap: 0.0
time: 0.022027969360351562
preprocess_time: 1.61178
sepa_time: 0.0
node: 1
formulation: LEFPA