instance: r_10_0.2_9.txt
obj: 19.0
bound: 19.0
gap: 0.0
time: 0.0
preprocess_time: 0.458092
sepa_time: 6.9439738935015e-310
node: 0
formulation: LEFPAI