instance: r_10_0.1_12.txt
obj: 23.0
bound: 23.0
gap: 0.0
time: 0.007216930389404297
preprocess_time: 0.946572
sepa_time: 0.0
node: 1
formulation: LEFP