instance: r_10_0.3_12.txt
obj: 6.0
bound: 6.0
gap: 0.0
time: 0.16552186012268066
preprocess_time: 0.042239
node: 178
formulation: LEFPI