instance: r_10_0.3_12.txt
obj: 2.0
bound: 2.0
gap: 0.0
time: 0.014258146286010742
preprocess_time: 0.795026
node: 0
algo: EFPV2