instance: r_10_0.3_12.txt
obj: 6.0
bound: 5.0
gap: 0.16666666666388888
time: 1.37739896774292
preprocess_time: 0.028063
node: 1000
formulation: EF