instance: r_10_0.1_12.txt
obj: 5.0
bound: 3.9999999999999996
gap: 0.1999999999960001
time: 0.07018208503723145
preprocess_time: 0.064659
node: 0
algo: RF