instance: r_10_0.2_9.txt
obj: 14.0
bound: 13.000000000000002
gap: 0.0714285714285713
time: 1.4551379680633545
preprocess_time: 0.046894
sepa_time: 6.948881833936e-310
node: 416
formulation: EF