instance: r_10_0.4_13.txt
obj: 6.0
bound: 4.999999999999938
gap: 0.16666666666389926
time: 0.9725620746612549
preprocess_time: 0.086422
node: 1696
algo: RF