instance: r_10_0.4_13.txt
obj: 6.0
bound: 5.000000000000001
gap: 0.16666666666666652
time: 0.08221793174743652
preprocess_time: 0.046281
sepa_time: 6.9302315175839e-310
node: 1
formulation: EVFP