instance: r_10_0.2_9.txt
obj: 14.0
bound: 13.000000000000002
gap: 0.0714285714285713
time: 4.102690935134888
preprocess_time: 0.045527
sepa_time: 6.9117685504891e-310
node: 4679
formulation: EVFP