instance: r_10_0.4_13.txt
obj: 25.0
bound: 25.0
gap: 0.0
time: 0.032003164291381836
preprocess_time: 0.983438
sepa_time: 0.0
node: 3
formulation: LEFPAD