instance: r_10_0.4_13.txt
obj: 25.0
bound: 25.0
gap: 0.0
time: 0.04975605010986328
preprocess_time: 0.04601
sepa_time: 0.0
node: 21
formulation: LEFPI