instance: r_10_0.3_12.txt
obj: 2.0
bound: 2.0
gap: 0.0
time: 0.06530189514160156
preprocess_time: 0.874604
sepa_time: 0.0
node: 1
formulation: LEFP