instance: r_15_0.2_22.txt
obj: 41.0
bound: 41.0
gap: 0.0
time: 0.11969304084777832
preprocess_time: 1.315345
sepa_time: 0.0
node: 46
formulation: LEFPAD