instance: r_15_0.1_14.txt
obj: 4.0
bound: 4.0
gap: 0.0
time: 0.021928071975708008
preprocess_time: 1.283527
sepa_time: 0.0
node: 1
formulation: LEFP