instance: r_15_0.3_25.txt
obj: 8.0
bound: 6.999999999999987
gap: 0.12499999999843917
time: 56.763362884521484
preprocess_time: 0.104453
node: 24628
algo: F