instance: r_15_0.3_25.txt
obj: 3.0
bound: 3.0
gap: 0.0
time: 0.8330860137939453
preprocess_time: 1.273339
sepa_time: 0.0
node: 104
formulation: LEFPAD