instance: r_15_0.4_45.txt
obj: 2.0
bound: 1.0000000000000013
gap: 0.49999999999999933
time: 0.4163210391998291
preprocess_time: 0.03938
node: 1
formulation: LEFP