instance: r_15_0.1_14.txt
obj: 8.0
bound: 8.0
gap: 0.0
time: 0.07112503051757812
preprocess_time: 0.056721
node: 0
formulation: LEFP