instance: r_15_0.4_45.txt
obj: 74.0
bound: 74.0
gap: 0.0
time: 7.170480966567993
preprocess_time: 1.601084
sepa_time: 0.0
node: 6866
formulation: LEFPA