instance: r_15_0.4_45.txt
obj: 8.0
bound: 7.000000000000001
gap: 0.12499999999999989
time: 800.8946480751038
preprocess_time: 0.058409
node: 20913
formulation: LEVFP