instance: r_15_0.1_14.txt
obj: 4.0
bound: 4.0
gap: 0.0
time: 0.04287385940551758
preprocess_time: 1.270849
sepa_time: 0.0
node: 1
formulation: LEFP