instance: r_15_0.1_14.txt
obj: 4.0
bound: 4.0
gap: 0.0
time: 0.0582890510559082
preprocess_time: 0.03953
sepa_time: 0.0
node: 3
formulation: EFP