instance: r_15_0.2_22.txt
obj: 4.0
bound: 4.0
gap: 0.0
time: 0.027456045150756836
preprocess_time: 1.367841
sepa_time: 0.0
node: 1
formulation: LEFPA