instance: r_15_0.4_45.txt
obj: 8.0
bound: 6.8639333535325
gap: 0.14200833080666245
time: 1801.9210178852081
preprocess_time: 0.057897
node: 78432
algo: ERF