instance: r_15_0.2_22.txt
obj: 3.0
bound: 3.0
gap: 0.0
time: 3.4510200023651123
preprocess_time: 0.011721
sepa_time: 0.0
node: 1
formulation: EF