instance: r_15_0.3_25.txt
obj: 46.0
bound: 45.00000000000001
gap: 0.021739130434782455
time: 0.9247360229492188
preprocess_time: 0.04716
sepa_time: 0.0
node: 2422
formulation: LEFPV2