instance: r_15_0.2_22.txt
obj: 41.0
bound: 41.0
gap: 0.0
time: 0.15435504913330078
preprocess_time: 1.22437
sepa_time: 0.0
node: 92
formulation: LEFP