instance: r_15_0.3_25.txt
obj: 3.0
bound: 3.0
gap: 0.0
time: 1.3503069877624512
preprocess_time: 0.024238
sepa_time: 1.5e-323
node: 10
formulation: LEVFP