instance: r_15_0.1_14.txt
obj: 8.0
bound: 7.0
gap: 0.1249999999984375
time: 0.4813859462738037
preprocess_time: 0.081178
node: 0
algo: EFPV