instance: r_15_0.3_25.txt
obj: 3.0
bound: 1.999999999999999
gap: 0.3333333333222226
time: 0.45732879638671875
preprocess_time: 0.036947
node: 387
formulation: EFP