instance: r_15_0.4_45.txt
obj: 8.0
bound: 6.341571764612727
gap: 0.20730352942081784
time: 1800.7398970127106
preprocess_time: 0.052125
node: 110296
algo: F0