instance: r_15_0.2_22.txt
obj: 3.0
bound: 2.0
gap: 0.3333333333222222
time: 0.1022179126739502
preprocess_time: 0.024352
node: 0
algo: EVFP