instance: r_15_0.4_45.txt
obj: 2.0
bound: 2.0
gap: 0.0
time: 1.309570074081421
preprocess_time: 1.604724
sepa_time: 1.3875853187963613e13
node: 1
formulation: LEFPAV