instance: r_15_0.4_45.txt
obj: 2.0
bound: 2.0
gap: 0.0
time: 6.870867013931274
preprocess_time: 0.945347
sepa_time: 0.0
node: 105
formulation: LEFPV2