instance: r_15_0.3_25.txt
obj: 46.0
bound: 43.0
gap: 0.06521739130434782
time: 3599.9519379138947
preprocess_time: 0.049846
sepa_time: 0.0
node: 1854227
formulation: EFP