instance: r_15_0.2_22.txt
obj: 9.0
bound: 7.99999999999999
gap: 0.11111111110987763
time: 0.7102880477905273
preprocess_time: 0.063446
node: 612
algo: RF