instance: r_15_0.1_14.txt
obj: 4.0
bound: 4.0
gap: 0.0
time: 0.0017008781433105469
preprocess_time: 0.037466
node: 0
algo: SFD