instance: r_15_0.2_22.txt
obj: 3.0
bound: 3.0
gap: 0.0
time: 0.5290939807891846
preprocess_time: 0.949252
sepa_time: 0.422975
node: 1
formulation: LEFPAV