instance: r_15_0.4_45.txt
obj: 74.0
bound: 73.00000000000001
gap: 0.013513513513513322
time: 4.99003791809082
preprocess_time: 1.256633
sepa_time: 0.0
node: 4015
formulation: LEFPI