instance: r_15_0.1_14.txt
obj: 8.0
bound: 8.0
gap: 0.0
time: 0.0168001651763916
preprocess_time: 0.056262
node: 1
formulation: LEFPD