instance: r_15_0.4_45.txt
obj: 8.0
bound: 6.7575193121649235
gap: 0.1553100859774432
time: 1801.8621962070465
preprocess_time: 0.565124
node: 59383
formulation: EFPV