instance: r_15_0.2_22.txt
obj: 41.0
bound: 41.0
gap: 0.0
time: 0.130357027053833
preprocess_time: 1.290162
sepa_time: 0.0
node: 139
formulation: LEFP