instance: r_15_0.2_22.txt
obj: 8.0
bound: 6.999999999999998
gap: 0.12499999999843772
time: 2.6651668548583984
preprocess_time: 0.052683
node: 1558
algo: ERF