instance: r_15_0.2_22.txt
obj: 41.0
bound: 40.0
gap: 0.024390243902439025
time: 3599.953001022339
preprocess_time: 0.0487
sepa_time: 0.0
node: 1696515
formulation: EFP