instance: r_15_0.4_45.txt
obj: 74.0
bound: 73.00000000000001
gap: 0.013513513513513322
time: 7.20663595199585
preprocess_time: 0.046493
sepa_time: 1.5e-323
node: 5328
formulation: LEVFP