instance: r_15_0.4_45.txt
obj: 2.0
bound: 2.0
gap: 0.0
time: 319.8126368522644
preprocess_time: 0.024687
node: 1
formulation: EF