instance: r_15_0.2_22.txt
obj: 32.0
bound: 32.0
gap: 0.0
time: 3.9550609588623047
preprocess_time: 0.044973
sepa_time: 0.0
node: 4341
formulation: LEFPD