instance: r_15_0.4_45.txt
obj: 2.0
bound: 2.0
gap: 0.0
time: 0.5361690521240234
preprocess_time: 0.037424
node: 1
formulation: LEVFP