instance: r_15_0.3_25.txt
obj: 46.0
bound: 45.00000000000001
gap: 0.021739130434782455
time: 0.930189847946167
preprocess_time: 0.044233
sepa_time: 0.0
node: 2422
formulation: LEFPV