instance: r_15_0.3_25.txt
obj: 46.0
bound: 46.0
gap: 0.0
time: 0.9442899227142334
preprocess_time: 1.618315
sepa_time: 1.3842199804211945e13
node: 993
formulation: LEFPAV