instance: r_15_0.3_25.txt
obj: 46.0
bound: 46.0
gap: 0.0
time: 0.4451160430908203
preprocess_time: 0.034682
sepa_time: 5.0e-324
node: 849
formulation: LEVFP