instance: r_15_0.3_25.txt
obj: 46.0
bound: 44.0000000000001
gap: 0.04347826086956306
time: 3599.961646080017
preprocess_time: 0.048599
sepa_time: 0.0
node: 605870
formulation: EVFP