instance: r_15_0.1_14.txt
obj: 7.999997633179785
bound: 7.999997633179785
gap: 0.0
time: 0.029209136962890625
preprocess_time: 0.056747
node: 0
formulation: LEFPDB