instance: r_15_0.3_25.txt
obj: 3.0
bound: 3.0
gap: 0.0
time: 0.44674205780029297
preprocess_time: 0.037424
node: 1
formulation: LEFP