instance: r_15_0.3_25.txt
obj: 46.0
bound: 42.00000000000001
gap: 0.08695652173913028
time: 7202.302560091019
preprocess_time: 0.042977
sepa_time: 4.243991582e-314
node: 106849
formulation: EF