instance: r_15_0.2_22.txt
obj: 8.0
bound: 6.999999999999992
gap: 0.1249999999984385
time: 0.6337940692901611
preprocess_time: 0.067769
node: 783
algo: EFPV