instance: r_15_0.3_25.txt
obj: 3.0
bound: 1.9999999999999996
gap: 0.33333333332222237
time: 0.1965808868408203
preprocess_time: 0.036372
node: 0
algo: SF