instance: r_15_0.1_14.txt
obj: 3.0
bound: 2.0
gap: 0.3333333333222222
time: 0.014837980270385742
preprocess_time: 0.038824
node: 0
algo: EVFPV