instance: r_15_0.1_14.txt
obj: 8.0
bound: 7.000000000000001
gap: 0.12499999999999989
time: 0.0305478572845459
preprocess_time: 0.044697
node: 1
formulation: EFP