instance: r_15_0.3_25.txt
obj: 3.0
bound: 3.0
gap: 0.0
time: 1.3043169975280762
preprocess_time: 0.972759
sepa_time: 0.0
node: 1
formulation: LEFPD