instance: r_15_0.3_25.txt
obj: 46.0
bound: 43.0
gap: 0.06521739130434782
time: 3599.9534311294556
preprocess_time: 0.048158
sepa_time: 0.0
node: 1996040
formulation: EFP