instance: r_15_0.4_45.txt
obj: 2.0
bound: 2.0
gap: 0.0
time: 0.40865492820739746
preprocess_time: 0.02281
sepa_time: 1.24e-322
node: 1
formulation: LEVFP