instance: r_15_0.4_45.txt
obj: 2.0
bound: 1.0
gap: 0.499999999975
time: 1.0775580406188965
preprocess_time: 0.036199
node: 0
formulation: LEFPD