instance: r_15_0.3_25.txt
obj: 3.0
bound: 3.0
gap: 0.0
time: 0.4982869625091553
preprocess_time: 1.655282
sepa_time: 0.0
node: 6
formulation: LEFPA