instance: r_15_0.3_25.txt
obj: 8.0
bound: 6.9999999999999805
gap: 0.12499999999843994
time: 12.599447965621948
preprocess_time: 0.060827
node: 3971
algo: EFP