instance: r_15_0.2_22.txt
obj: 3.0
bound: 2.0
gap: 0.3333333333222222
time: 0.06676888465881348
preprocess_time: 4.318337
node: 0
algo: EFPV2