instance: r_15_0.4_45.txt
obj: 8.0
bound: 7.000000000000001
gap: 0.12499999999999989
time: 305.02017998695374
preprocess_time: 0.060892
node: 25972
formulation: LEFPI