instance: r_15_0.2_22.txt
obj: 41.0
bound: 41.0
gap: 0.0
time: 0.05149412155151367
preprocess_time: 1.307989
sepa_time: 0.0
node: 1
formulation: LEFPA