instance: r_15_0.2_22.txt
obj: 4.0
bound: 4.0
gap: 0.0
time: 0.011265993118286133
preprocess_time: 0.038303
node: 0
algo: SFD