instance: r_15_0.4_45.txt
obj: 2.0
bound: 2.0
gap: 0.0
time: 1.028975009918213
preprocess_time: 1.103227
sepa_time: 1.3875853187963443e13
node: 1
formulation: LEFPAV