instance: r_15_0.1_14.txt
obj: 8.0
bound: 7.0
gap: 0.1249999999984375
time: 0.0397181510925293
preprocess_time: 0.038841
node: 0
formulation: EVFP