instance: r_15_0.4_45.txt
obj: 2.0
bound: 2.0
gap: 0.0
time: 2.9962940216064453
preprocess_time: 0.954201
sepa_time: 0.0
node: 12
formulation: LEFPD