instance: r_15_0.4_45.txt
obj: 2.0
bound: 1.0000000000000036
gap: 0.4999999999999982
time: 3.999129056930542
preprocess_time: 0.039205
node: 17
formulation: LEFPI