instance: r_15_0.2_22.txt
obj: 41.0
bound: 41.0
gap: 0.0
time: 0.09540486335754395
preprocess_time: 0.913561
sepa_time: 0.0
node: 24
formulation: LEFPV2