instance: r_15_0.3_25.txt
obj: 46.0
bound: 46.0
gap: 0.0
time: 0.6464540958404541
preprocess_time: 0.947725
sepa_time: 1.3848920538971791e13
node: 617
formulation: LEFPAV