instance: r_15_0.1_14.txt
obj: 4.0
bound: 4.0
gap: 0.0
time: 0.0180509090423584
preprocess_time: 1.283006
sepa_time: 0.0
node: 1
formulation: LEFPI