instance: r_15_0.4_45.txt
obj: 2.0
bound: 1.0000000000000009
gap: 0.49999999997499955
time: 1.1872191429138184
preprocess_time: 0.035175
node: 0
formulation: EFPD