instance: r_15_0.4_45.txt
org_node: 15
org_edge: 45
org_min_len: 0.30258690223972634
org_avg_len: 0.6749456380399296
org_max_len: 0.9953368121261363
dtf_node: 15
dtf_edge: 45
dtf_min_len: 0.30258690223972634
dtf_avg_len: 0.6749456380399296
dtf_max_len: 0.9953368121261363
sdb_node: 15
sdb_edge: 45
sdb_min_len: 0.30258690223972634
sdb_avg_len: 0.6749456380399296
sdb_max_len: 0.9953368121261363
dlt: 1.3498912760798591
algo: None