instance: r_15_0.4_45.txt
obj: 53.0
bound: 51.0
gap: 0.03773584905660377
time: 3599.952267885208
preprocess_time: 0.051495
sepa_time: 1.425981173916e-311
node: 137425
formulation: EVFP