instance: r_15_0.4_45.txt
obj: 2.0
bound: 1.0
gap: 0.499999999975
time: 1.3368079662322998
preprocess_time: 0.036333
node: 80
formulation: EVFP