instance: r_15_0.2_22.txt
obj: 41.0
bound: 41.0
gap: 0.0
time: 0.18667101860046387
preprocess_time: 0.034719
sepa_time: 0.0
node: 173
formulation: LEVFP