instance: r_15_0.1_14.txt
obj: 8.0
bound: 7.000000000000019
gap: 0.12499999999843517
time: 0.05243277549743652
preprocess_time: 0.056867
node: 21
formulation: EFP