instance: r_15_0.4_45.txt
obj: 9.0
bound: 5.634416907773094
gap: 0.37395367690994563
time: 1801.2039740085602
preprocess_time: 0.083348
node: 100874
algo: SF