instance: r_15_0.4_45.txt
obj: 7.999999999999999
bound: 5.913249311478096
gap: 0.26084383606197736
time: 1803.3565118312836
preprocess_time: 0.035074
node: 70417
formulation: LEVFP