instance: r_15_0.3_25.txt
obj: 8.0
bound: 6.999999999999984
gap: 0.1249999999984395
time: 31.160712003707886
preprocess_time: 0.055227
node: 6378
algo: SF