instance: r_15_0.1_14.txt
obj: 8.0
bound: 8.0
gap: 0.0
time: 0.01600813865661621
preprocess_time: 0.056567
node: 1
formulation: LEFPV