instance: r_15_0.1_14.txt
obj: 28.0
bound: 28.0
gap: 0.0
time: 0.0033979415893554688
preprocess_time: 0.888454
sepa_time: 0.0
node: 1
formulation: LEFPI