instance: r_15_0.4_45.txt
obj: 2.0
bound: 1.0000000000000002
gap: 0.4999999999749999
time: 0.5306220054626465
preprocess_time: 0.036627
node: 18
formulation: EFP