instance: r_15_0.4_45.txt
obj: 2.0
bound: 1.0
gap: 0.499999999975
time: 1.1815259456634521
preprocess_time: 0.024856
node: 440
formulation: EFPI