instance: r_15_0.3_25.txt
obj: 8.0
bound: 6.999999999999959
gap: 0.1249999999984426
time: 20.249191999435425
preprocess_time: 0.051377
node: 10924
algo: F0