instance: r_15_0.2_22.txt
obj: 9.0
bound: 8.000000000000004
gap: 0.11111111110987615
time: 1.1745331287384033
preprocess_time: 0.056992
node: 1004
formulation: LEFP