instance: r_15_0.3_25.txt
obj: 46.0
bound: 46.0
gap: 0.0
time: 0.5486900806427002
preprocess_time: 0.990319
sepa_time: 0.0
node: 1545
formulation: LEFP