instance: r_15_0.2_22.txt
obj: 8.0
bound: 7.0
gap: 0.1249999999984375
time: 6.897942066192627
preprocess_time: 0.03241
node: 1007
algo: EF