instance: r_15_0.3_25.txt
obj: 46.0
bound: 46.0
gap: 0.0
time: 0.39766693115234375
preprocess_time: 0.044398
sepa_time: 0.0
node: 849
formulation: LEVFP