instance: r_15_0.4_45.txt
obj: 9.0
bound: 4.999999999999997
gap: 0.4444444444395065
time: 1709.359780073166
preprocess_time: 92.646592
node: 11709
algo: EFPV2