instance: r_15_0.2_22.txt
obj: 8.0
bound: 7.000000000000001
gap: 0.12499999999999989
time: 0.4119298458099365
preprocess_time: 0.056053
node: 302
formulation: LEFPV