instance: r_15_0.2_22.txt
obj: 3.0
bound: 2.0
gap: 0.3333333333222222
time: 0.06332993507385254
preprocess_time: 0.022765
node: 10
algo: EFP0