instance: r_15_0.4_45.txt
obj: 8.0
bound: 6.357846258794264
gap: 0.20526921764815118
time: 1710.2146198749542
preprocess_time: 92.676846
node: 124339
algo: EFPV2