instance: r_15_0.4_45.txt
org_node: 15
org_edge: 45
org_min_len: 0.30258690223972634
org_avg_len: 0.6749456380399296
org_max_len: 0.9953368121261363
dtf_node: 40
dtf_edge: 70
dtf_min_len: 0.01486613484568422
dtf_avg_len: 0.4338936244542405
dtf_max_len: 0.6749449630942915
sdb_node: 40
sdb_edge: 70
sdb_min_len: 0.01486613484568422
sdb_avg_len: 0.4338936244542405
sdb_max_len: 0.6749449630942915
dlt: 0.6749456380399296
algo: None