instance: r_15_0.4_45.txt
obj: 3.0
bound: 1.9999999999999996
gap: 0.33333333332222237
time: 219.25900411605835
preprocess_time: 0.010229
node: 10
algo: EF