instance: r_15_0.4_45.txt
obj: 2.0
bound: 1.0
gap: 0.499999999975
time: 0.640200138092041
preprocess_time: 0.038535
node: 17
algo: SF