instance: r_15_0.1_14.txt
obj: 4.0
bound: 4.0
gap: 0.0
time: 0.012594938278198242
preprocess_time: 0.963267
sepa_time: 0.0
node: 1
formulation: LEFPV2