instance: r_15_0.2_22.txt
obj: 41.0
bound: 41.0
gap: 0.0
time: 224.74362087249756
preprocess_time: 0.03702
sepa_time: 6.9017913101485e-310
node: 21897
formulation: EVFP