instance: r_15_0.4_45.txt
obj: 3.0
bound: 1.9999999999999996
gap: 0.33333333332222237
time: 237.86956691741943
preprocess_time: 0.017488
node: 10
formulation: EF