instance: r_15_0.4_45.txt
obj: 8.0
bound: 7.000000000000001
gap: 0.12499999999999989
time: 323.0111801624298
preprocess_time: 0.058863
node: 26704
formulation: LEFPV