instance: r_15_0.1_14.txt
obj: 8.0
bound: 8.0
gap: 0.0
time: 0.015124082565307617
preprocess_time: 0.056397
node: 0
formulation: LEFPI