instance: r_15_0.1_14.txt
org_node: 15
org_edge: 14
org_min_len: 0.336938233756891
org_avg_len: 0.6530101975253003
org_max_len: 0.9684685398380044
dtf_node: 15
dtf_edge: 14
dtf_min_len: 0.336938233756891
dtf_avg_len: 0.6530101975253003
dtf_max_len: 0.9684685398380044
sdb_node: 15
sdb_edge: 14
sdb_min_len: 0.336938233756891
sdb_avg_len: 0.6530101975253003
sdb_max_len: 0.9684685398380044
dlt: 1.3060203950506006
formulation: None