instance: r_15_0.2_22.txt
obj: 3.0
bound: 2.0
gap: 0.3333333333222222
time: 0.04957699775695801
preprocess_time: 2.344406
node: 0
algo: EFPV2