instance: r_15_0.3_25.txt
obj: 3.0
bound: 3.0
gap: 0.0
time: 0.4075019359588623
preprocess_time: 0.919374
sepa_time: 0.0
node: 3
formulation: LEFPV2