instance: r_15_0.3_25.txt
obj: 3.0
bound: 3.0
gap: 0.0
time: 0.34909987449645996
preprocess_time: 1.296047
sepa_time: 0.0
node: 1
formulation: LEFPA