instance: r_15_0.2_22.txt
obj: 3.0
bound: 3.0
gap: 0.0
time: 0.4051191806793213
preprocess_time: 0.019926
node: 10
algo: EDF