instance: r_15_0.4_45.txt
obj: 10.0
bound: 9.0
gap: 0.099999999999
time: 0.07607579231262207
preprocess_time: 0.078406
node: 0
algo: SFD