instance: r_15_0.3_25.txt
obj: 3.0
bound: 3.0
gap: 0.0
time: 0.4595048427581787
preprocess_time: 0.037455
sepa_time: 0.0
node: 1
formulation: LEFPV2