instance: r_15_0.1_14.txt
obj: 4.0
bound: 3.0
gap: 0.24999999999375
time: 0.012089014053344727
preprocess_time: 0.067999
node: 0
formulation: EFPV