instance: r_15_0.3_25.txt
org_node: 15
org_edge: 25
org_min_len: 0.2628567714562633
org_avg_len: 0.6081822728286488
org_max_len: 0.9678305124544612
dtf_node: 11
dtf_edge: 21
dtf_min_len: 0.11081135529466932
dtf_avg_len: 0.7240265152722012
dtf_max_len: 2.218773202861688
sdb_node: 100
sdb_edge: 110
sdb_min_len: 0.10578867448634761
sdb_avg_len: 0.138223243824693
sdb_max_len: 0.15052845034294224
dlt: 0.1520455682071622
formulation: None