instance: r_15_0.1_14.txt
obj: 8.0
bound: 8.0
gap: 0.0
time: 0.009173870086669922
preprocess_time: 0.083535
node: 0
algo: RF