instance: r_15_0.3_25.txt
obj: 46.0
bound: 46.0
gap: 0.0
time: 0.5550029277801514
preprocess_time: 1.231464
sepa_time: 0.0
node: 1652
formulation: LEFP