instance: r_15_0.2_22.txt
obj: 3.0
bound: 2.0
gap: 0.3333333333222222
time: 0.10008716583251953
preprocess_time: 0.020731
node: 0
formulation: LEVFP