instance: r_15_0.2_22.txt
obj: 8.0
bound: 7.000000000000002
gap: 0.12499999999999978
time: 2.9352591037750244
preprocess_time: 0.036517
node: 58
formulation: EF