instance: r_15_0.4_45.txt
obj: 8.0
bound: 6.039553111938475
gap: 0.24505586100462742
time: 1801.7648561000824
preprocess_time: 0.067746
node: 86084
algo: RF