instance: r_15_0.2_22.txt
obj: 8.0
bound: 6.999999999999994
gap: 0.12499999999843828
time: 4.1589109897613525
preprocess_time: 0.041442
node: 1288
formulation: LEVFP