instance: r_15_0.2_22.txt
obj: 42.0
bound: 42.0
gap: 0.0
time: 0.3180971145629883
preprocess_time: 1.237554
sepa_time: 0.0
node: 374
formulation: LEFPD