instance: r_15_0.1_14.txt
obj: 8.0
bound: 7.000000000000001
gap: 0.12499999999843739
time: 0.6539590358734131
preprocess_time: 0.026885
node: 482
formulation: EF