instance: r_15_0.4_45.txt
obj: 8.0
bound: 6.2157742623509264
gap: 0.22302821720334634
time: 1802.7885251045227
preprocess_time: 0.051199
node: 75429
formulation: EFPI