instance: r_15_0.2_22.txt
obj: 8.0
bound: 6.999999999999997
gap: 0.12499999999843783
time: 3.756930112838745
preprocess_time: 0.05176
node: 899
algo: EDF