instance: r_15_0.1_14.txt
obj: 4.0
bound: 4.0
gap: 0.0
time: 0.013037919998168945
preprocess_time: 0.023111
sepa_time: 0.0
node: 1
formulation: EFP