instance: r_15_0.2_22.txt
obj: 3.0
bound: 3.0
gap: 0.0
time: 0.6381950378417969
preprocess_time: 1.679458
sepa_time: 9.21702999795178e12
node: 1
formulation: LEFPAV