instance: r_15_0.4_45.txt
obj: 74.0
bound: 74.0
gap: 0.0
time: 16.796319007873535
preprocess_time: 1.277414
sepa_time: 2.7697938350363297e13
node: 15620
formulation: LEFPV2