instance: r_15_0.3_25.txt
obj: 8.0
bound: 7.000000000000001
gap: 0.12499999999999989
time: 11.59126901626587
preprocess_time: 0.046343
node: 672
formulation: EF