instance: r_15_0.3_25.txt
obj: 46.0
bound: 46.0
gap: 0.0
time: 0.36830902099609375
preprocess_time: 0.026791
sepa_time: 0.0
node: 849
formulation: LEVFP