instance: r_15_0.3_25.txt
obj: 0.0
bound: 0.0
gap: 0.0
time: 0.06531405448913574
preprocess_time: 0.014263
node: 0
algo: EVFPV