instance: r_15_0.2_22.txt
obj: 9.0
bound: 7.999999999999963
gap: 0.11111111110988069
time: 0.29155707359313965
preprocess_time: 0.059157
node: 845
formulation: LEFPI