instance: r_15_0.2_22.txt
obj: 3.0
bound: 2.0
gap: 0.3333333333222222
time: 0.5792088508605957
preprocess_time: 4.283228
node: 0
algo: EFPV2