instance: r_15_0.3_25.txt
obj: 8.0
bound: 6.999999999999998
gap: 0.12499999999843772
time: 8.007520914077759
preprocess_time: 0.068537
node: 1345
algo: RF