instance: r_15_0.3_25.txt
obj: 0.0
bound: 0.0
gap: 0.0
time: 0.045005083084106445
preprocess_time: 0.059172
node: 0
algo: EVFP