instance: r_15_0.3_25.txt
obj: 3.0
bound: 3.0
gap: 0.0
time: 1.6593799591064453
preprocess_time: 0.029592
sepa_time: 6.9136212916682e-310
node: 10
formulation: LEVFP