instance: r_15_0.2_22.txt
obj: 3.0
bound: 3.0
gap: 0.0
time: 0.11398696899414062
preprocess_time: 0.02884
sepa_time: 6.9015733482597e-310
node: 1
formulation: LEVFP