instance: r_15_0.3_25.txt
obj: 8.0
bound: 7.0
gap: 0.1249999999984375
time: 0.8471260070800781
preprocess_time: 0.057696
node: 373
formulation: LEFPDB