instance: r_15_0.3_25.txt
obj: 3.0
bound: 3.0
gap: 0.0
time: 1.5864980220794678
preprocess_time: 0.037212
node: 1
formulation: LEFPD