instance: r_15_0.4_45.txt
obj: 75.0
bound: 70.0
gap: 0.06666666666666667
time: 3599.94504404068
preprocess_time: 0.057997
sepa_time: 0.0
node: 1524097
formulation: EFP