instance: r_15_0.4_45.txt
obj: 9.0
bound: 5.900854650048084
gap: 0.3443494833241646
time: 1802.5717101097107
preprocess_time: 0.050929
node: 63584
formulation: EVFP