instance: r_15_0.1_14.txt
obj: 8.0
bound: 7.0
gap: 0.1249999999984375
time: 1.2090098857879639
preprocess_time: 0.045447
node: 1431
formulation: EF