instance: r_15_0.4_45.txt
obj: 8.0
bound: 5.730058387964214
gap: 0.28374270150092645
time: 1800.8783531188965
preprocess_time: 0.087321
node: 118486
algo: RF