instance: r_15_0.2_22.txt
obj: 8.0
bound: 6.99999999999998
gap: 0.12499999999844005
time: 0.7191760540008545
preprocess_time: 0.096305
node: 682
algo: EFPV