instance: r_15_0.2_22.txt
obj: 30.0
bound: 30.0
gap: 0.0
time: 0.09909820556640625
preprocess_time: 0.045734
sepa_time: 0.0
node: 1
formulation: LEVFP