instance: r_15_0.2_22.txt
obj: 8.0
bound: 6.999999999999991
gap: 0.12499999999843861
time: 2.6310031414031982
preprocess_time: 0.043914
node: 1484
formulation: EFP