instance: r_15_0.3_25.txt
obj: 19.0
bound: 19.0
gap: 0.0
time: 0.0026650428771972656
preprocess_time: 1.294495
sepa_time: 0.0
node: 1
formulation: LEFPA