instance: r_15_0.2_22.txt
obj: 3.0
bound: 2.0000000000000004
gap: 0.3333333333222221
time: 0.08647894859313965
preprocess_time: 0.035962
node: 30
formulation: LEVFP