instance: r_15_0.2_22.txt
obj: 3.0
bound: 3.0
gap: 0.0
time: 3.5257749557495117
preprocess_time: 0.019471
node: 1
formulation: EF