instance: r_15_0.2_22.txt
obj: 3.0
bound: 3.0
gap: 0.0
time: 0.06531405448913574
preprocess_time: 0.022927
node: 0
algo: EFPD