instance: r_15_0.2_22.txt
obj: 8.0
bound: 6.999999999999965
gap: 0.12499999999844183
time: 6.978999137878418
preprocess_time: 0.075919
node: 3385
algo: SF