instance: r_15_0.4_45.txt
obj: 2.0
bound: 1.0000000000000013
gap: 0.49999999999999933
time: 0.3638789653778076
preprocess_time: 1.232365
sepa_time: 0.0
node: 1
formulation: LEFPV2