instance: r_15_0.2_22.txt
obj: 8.0
bound: 7.0
gap: 0.1249999999984375
time: 11.852802038192749
preprocess_time: 0.038427
node: 593
formulation: EF