instance: r_15_0.2_22.txt
org_node: 15
org_edge: 22
org_min_len: 0.25355304311631366
org_avg_len: 0.5962790283562555
org_max_len: 0.9759077962648577
dtf_node: 16
dtf_edge: 23
dtf_min_len: 0.06241562761441827
dtf_avg_len: 0.5703538532103315
dtf_max_len: 1.3887690850493994
sdb_node: 69
sdb_edge: 76
sdb_min_len: 0.1295937550999516
sdb_avg_len: 0.17260708715575818
sdb_max_len: 0.19588511390581798
dlt: 0.1967720793575643
formulation: None