instance: r_15_0.3_25.txt
obj: 46.0
bound: 46.0
gap: 0.0
time: 0.21137690544128418
preprocess_time: 0.04695
sepa_time: 0.0
node: 1
formulation: LEFPD