instance: r_15_0.4_45.txt
obj: 2.0
bound: 1.0
gap: 0.499999999975
time: 0.2248549461364746
preprocess_time: 0.011765
node: 0
algo: F0