instance: r_15_0.1_14.txt
obj: 4.0
bound: 4.0
gap: 0.0
time: 0.12192106246948242
preprocess_time: 0.037699
node: 1
formulation: LEFP