instance: r_15_0.4_45.txt
obj: 8.0
bound: 6.999999999999991
gap: 0.12499999999843861
time: 604.4723229408264
preprocess_time: 0.043815
node: 28957
algo: EFPD