instance: r_15_0.4_45.txt
obj: 74.0
bound: 73.0
gap: 0.013513513513513514
time: 3599.9497900009155
preprocess_time: 0.056739
sepa_time: 0.0
node: 143533
formulation: EVFP