instance: r_15_0.2_22.txt
obj: 8.0
bound: 6.999999999999982
gap: 0.12499999999843972
time: 0.9163320064544678
preprocess_time: 0.03742
node: 617
algo: ESFV