instance: r_15_0.2_22.txt
obj: 3.0
bound: 3.0
gap: 0.0
time: 0.11280512809753418
preprocess_time: 0.027126
sepa_time: 2.1219957915e-314
node: 1
formulation: LEVFP