instance: r_15_0.4_45.txt
obj: 8.0
bound: 6.122375387984052
gap: 0.23470307649905972
time: 1800.7298939228058
preprocess_time: 0.070305
node: 99202
algo: RF