instance: r_15_0.4_45.txt
obj: 2.0
bound: 1.0000000000000007
gap: 0.49999999997499966
time: 0.08908510208129883
preprocess_time: 0.040133
node: 13
algo: SFD