instance: r_15_0.1_14.txt
obj: 4.0
bound: 3.0000000000000004
gap: 0.2499999999999999
time: 0.03829598426818848
preprocess_time: 0.036817
node: 1
formulation: LEFPD