instance: r_15_0.2_22.txt
obj: 8.0
bound: 6.99999999999998
gap: 0.12499999999844005
time: 1.1478958129882812
preprocess_time: 0.125895
node: 682
formulation: EFPV