instance: r_15_0.3_25.txt
obj: 3.0
bound: 2.0
gap: 0.3333333333222222
time: 0.9579699039459229
preprocess_time: 0.037672
node: 172
formulation: LEFPD