instance: r_15_0.1_14.txt
obj: 28.0
bound: 28.0
gap: 0.0
time: 187.66054511070251
preprocess_time: 0.047887
sepa_time: 4.0e-323
node: 18988
formulation: EF