instance: r_15_0.3_25.txt
obj: 3.0
bound: 3.0
gap: 0.0
time: 8.841998100280762
preprocess_time: 0.015105
sepa_time: 0.0
node: 1
formulation: EF