instance: r_15_0.3_25.txt
obj: 8.0
bound: 6.999999999999995
gap: 0.12499999999843817
time: 9.433471202850342
preprocess_time: 0.154961
node: 3771
formulation: EFPV