instance: r_15_0.2_22.txt
obj: 41.0
bound: 41.0
gap: 0.0
time: 0.14543795585632324
preprocess_time: 0.03444
sepa_time: 6.9404977921841e-310
node: 173
formulation: LEVFP