instance: r_15_0.4_45.txt
obj: 74.0
bound: 74.0
gap: 0.0
time: 4.931908845901489
preprocess_time: 1.312663
sepa_time: 0.0
node: 4482
formulation: LEFPAI