instance: r_15_0.2_22.txt
obj: 30.0
bound: 30.0
gap: 0.0
time: 0.46323704719543457
preprocess_time: 0.044839
sepa_time: 0.0
node: 693
formulation: LEFP