instance: r_15_0.1_14.txt
org_node: 15
org_edge: 14
org_min_len: 0.336938233756891
org_avg_len: 0.6530101975253003
org_max_len: 0.9684685398380044
dtf_node: 11
dtf_edge: 10
dtf_min_len: 0.1562581373912549
dtf_avg_len: 0.9142142765354206
dtf_max_len: 2.831717801485875
sdb_node: 48
sdb_edge: 47
sdb_min_len: 0.17562915587819494
sdb_avg_len: 0.19451367585860002
sdb_max_len: 0.20226555724899106
dlt: 0.2154933651833491
formulation: None