instance: r_15_0.2_22.txt
obj: 3.0
bound: 3.0
gap: 0.0
time: 0.1133110523223877
preprocess_time: 0.026367
sepa_time: 5.0e-324
node: 1
formulation: LEVFP