instance: r_15_0.4_45.txt
obj: 9.0
bound: 6.037697807507219
gap: 0.3291446880510963
time: 1801.4188508987427
preprocess_time: 0.040973
node: 90184
algo: EVFP