instance: r_15_0.2_22.txt
obj: 8.0
bound: 7.000000000000001
gap: 0.12499999999999989
time: 0.5126368999481201
preprocess_time: 0.057426
node: 302
formulation: LEFP