instance: r_15_0.3_25.txt
obj: 3.0
bound: 3.0
gap: 0.0
time: 0.33001279830932617
preprocess_time: 1.041898
sepa_time: 0.0
node: 1
formulation: LEFPAI