instance: r_15_0.3_25.txt
obj: 46.0
bound: 46.0
gap: 0.0
time: 0.39369893074035645
preprocess_time: 1.599812
sepa_time: 0.0
node: 1086
formulation: LEFPAI