instance: r_15_0.4_45.txt
obj: 2.0
bound: 2.0
gap: 0.0
time: 0.3977329730987549
preprocess_time: 0.020651
sepa_time: 0.0
node: 1
formulation: LEVFP