instance: r_15_0.2_22.txt
obj: 0.0
bound: 0.0
gap: 0.0
time: 0.04566693305969238
preprocess_time: 0.024464
node: 0
algo: EVFP