instance: r_15_0.3_25.txt
obj: 8.0
bound: 8.0
gap: 0.0
time: 5.060817003250122
preprocess_time: 0.056826
node: 1424
formulation: LEFPD