instance: r_15_0.1_14.txt
obj: 28.0
bound: 28.0
gap: 0.0
time: 84.48956489562988
preprocess_time: 0.036247
sepa_time: 0.0
node: 72340
formulation: EFP