instance: r_15_0.3_25.txt
obj: 8.0
bound: 6.999999999999913
gap: 0.12499999999844838
time: 212.53558802604675
preprocess_time: 0.045024
node: 4964
formulation: EF