instance: r_15_0.4_45.txt
obj: 76.0
bound: 75.0000024632011
gap: 0.013157862326301327
time: 39.44857907295227
preprocess_time: 0.968492
sepa_time: 0.0
node: 21057
formulation: LEFPD