instance: r_15_0.2_22.txt
obj: 3.0
bound: 2.0
gap: 0.3333333333222222
time: 0.08100199699401855
preprocess_time: 0.019812
node: 0
algo: SF