instance: r_15_0.4_45.txt
obj: 74.0
bound: 74.0
gap: 0.0
time: 29.036702156066895
preprocess_time: 1.636463
sepa_time: 0.0
node: 14521
formulation: LEFPAD