instance: r_15_0.3_25.txt
obj: 3.0
bound: 3.0
gap: 0.0
time: 1.1001081466674805
preprocess_time: 1.613067
sepa_time: 9.691631825124284e13
node: 1
formulation: LEFPAV