instance: r_15_0.3_25.txt
obj: 8.0
bound: 7.000000000000001
gap: 0.12499999999999989
time: 3.4349451065063477
preprocess_time: 0.057811
node: 1954
formulation: LEFPI