instance: r_15_0.3_25.txt
obj: 46.0
bound: 43.0
gap: 0.06521739130434782
time: 7199.962881803513
preprocess_time: 0.03869
sepa_time: 0.0
node: 4478940
formulation: EFP