instance: r_15_0.4_45.txt
obj: 2.0
bound: 2.0
gap: 0.0
time: 4.264883041381836
preprocess_time: 2.378016
node: 0
formulation: EFPV