instance: r_15_0.2_22.txt
obj: 42.0
bound: 39.0
gap: 0.07142857142857142
time: 3601.007311105728
preprocess_time: 0.030863
sepa_time: 0.0
node: 136359
formulation: EF