instance: r_15_0.1_14.txt
obj: 4.0
bound: 2.9999999999999987
gap: 0.24999999999375033
time: 0.06620192527770996
preprocess_time: 0.036979
node: 26
formulation: LEFPI