instance: r_15_0.1_14.txt
obj: 8.0
bound: 8.0
gap: 0.0
time: 0.03092789649963379
preprocess_time: 0.045223
sepa_time: 6.9018300071533e-310
node: 1
formulation: EVFP