instance: r_15_0.4_45.txt
obj: 74.0
bound: 74.0
gap: 0.0
time: 7.625517845153809
preprocess_time: 0.034244
sepa_time: 6.0e-323
node: 5809
formulation: LEVFP