instance: r_15_0.2_22.txt
obj: 8.0
bound: 7.000000000000001
gap: 0.12499999999999989
time: 0.6802070140838623
preprocess_time: 0.057892
sepa_time: 1.0e-323
node: 134
formulation: EVFP