instance: r_15_0.4_45.txt
obj: 2.0
bound: 2.0
gap: 0.0
time: 1.7099230289459229
preprocess_time: 0.014687
node: 20
algo: ESFV