instance: r_15_0.3_25.txt
obj: 3.0
bound: 1.9999999999999971
gap: 0.3333333333222232
time: 0.4198758602142334
preprocess_time: 0.029819
node: 35
formulation: EVFP