instance: r_15_0.3_25.txt
obj: 3.0
bound: 3.0
gap: 0.0
time: 1.6201980113983154
preprocess_time: 1.304021
sepa_time: 0.0
node: 1
formulation: LEFPD