instance: r_15_0.4_45.txt
obj: 3.0
bound: 1.9999999999999962
gap: 0.3333333333222235
time: 186.77557516098022
preprocess_time: 0.023975
node: 33
formulation: EF