instance: r_15_0.2_22.txt
obj: 8.0
bound: 6.999999999999994
gap: 0.12499999999843828
time: 4.311846971511841
preprocess_time: 0.05541
node: 2227
formulation: LEVFP