instance: r_15_0.3_25.txt
obj: 8.0
bound: 7.000000000000001
gap: 0.12499999999999989
time: 3.082655191421509
preprocess_time: 0.0446
node: 1632
formulation: EFP