instance: r_15_0.2_22.txt
obj: 8.0
bound: 7.000000000000001
gap: 0.12499999999999989
time: 0.6567349433898926
preprocess_time: 0.055805
node: 335
formulation: LEVFP