instance: r_15_0.1_14.txt
obj: 8.0
bound: 7.000000000000001
gap: 0.12499999999843739
time: 0.6506929397583008
preprocess_time: 0.044959
node: 482
algo: EF