instance: r_15_0.4_45.txt
org_node: 15
org_edge: 45
org_min_len: 0.30258690223972634
org_avg_len: 0.6749456380399296
org_max_len: 0.9953368121261363
dtf_node: 23
dtf_edge: 53
dtf_min_len: 0.07985506441861015
dtf_avg_len: 0.5730670511659777
dtf_max_len: 0.9953368121261363
sdb_node: 130
sdb_edge: 160
sdb_min_len: 0.15129345111986317
sdb_avg_len: 0.18982846069873022
sdb_max_len: 0.2225185609502351
dlt: 0.22273206055317676
formulation: None