instance: r_15_0.1_14.txt
obj: 9.0
bound: 8.0
gap: 0.11111111110987654
time: 0.020058870315551758
preprocess_time: 0.055543
node: 0
formulation: LEVFP