instance: r_15_0.2_22.txt
obj: 3.0
bound: 3.0
gap: 0.0
time: 4.106575965881348
preprocess_time: 0.014938
sepa_time: 6.92278861757884e-310
node: 1
formulation: EF