instance: r_15_0.3_25.txt
obj: 3.0
bound: 3.0
gap: 0.0
time: 1.2414770126342773
preprocess_time: 0.037273
node: 31
formulation: LEFPI