instance: r_15_0.4_45.txt
obj: 2.0
bound: 0.9999999999999999
gap: 0.499999999975
time: 6.207456827163696
preprocess_time: 0.020754
node: 65
algo: EDF