instance: r_15_0.1_14.txt
obj: 4.0
bound: 3.0
gap: 0.24999999999375
time: 0.019100189208984375
preprocess_time: 0.020848
node: 0
algo: EFPD