instance: r_15_0.2_22.txt
obj: 3.0
bound: 3.0
gap: 0.0
time: 0.10129714012145996
preprocess_time: 0.029879
node: 0
formulation: EFPD