instance: r_15_0.3_25.txt
obj: 3.0
bound: 2.0000000000000004
gap: 0.3333333333333332
time: 0.32099294662475586
preprocess_time: 0.037731
node: 1
formulation: LEVFP