instance: r_15_0.4_45.txt
obj: 2.0
bound: 1.0000000000000004
gap: 0.4999999999749998
time: 0.5128529071807861
preprocess_time: 0.016148
node: 3
algo: EVFPV