instance: r_15_0.2_22.txt
obj: 41.0
bound: 41.0
gap: 0.0
time: 0.45507216453552246
preprocess_time: 0.951466
sepa_time: 1.845822830945332e13
node: 1
formulation: LEFPAV