instance: r_15_0.2_22.txt
obj: 8.0
bound: 6.999999999999997
gap: 0.12499999999843783
time: 3.0021541118621826
preprocess_time: 0.057512
node: 899
algo: EFPD