instance: r_15_0.3_25.txt
obj: 3.0
bound: 1.999999999999974
gap: 0.33333333332223086
time: 0.3799729347229004
preprocess_time: 0.038361
node: 154
formulation: LEFPI