instance: r_15_0.4_45.txt
obj: 8.0
bound: 7.000000000000001
gap: 0.12499999999999989
time: 54.496581077575684
preprocess_time: 0.057752
node: 11402
formulation: EFP