instance: r_15_0.4_45.txt
obj: 74.0
bound: 73.0
gap: 0.013513513513513514
time: 3599.9488220214844
preprocess_time: 0.056099
sepa_time: 2.1219957914e-313
node: 147925
formulation: EVFP