instance: r_15_0.3_25.txt
obj: 8.0
bound: 6.999999999999974
gap: 0.12499999999844072
time: 7.404173851013184
preprocess_time: 0.036989
node: 2034
algo: ESFV