instance: r_15_0.2_22.txt
obj: 8.0
bound: 6.9999999999999964
gap: 0.12499999999843794
time: 3.2497730255126953
preprocess_time: 0.086956
node: 2129
algo: RF