instance: r_15_0.3_25.txt
obj: 8.0
bound: 6.999999999999905
gap: 0.12499999999844938
time: 118.4473249912262
preprocess_time: 0.069804
node: 33343
algo: EVFP