instance: r_15_0.3_25.txt
obj: 8.0
bound: 6.9999999999999964
gap: 0.12499999999843794
time: 19.527549028396606
preprocess_time: 0.039443
node: 4126
formulation: EFPD