instance: r_15_0.1_14.txt
obj: 8.0
bound: 7.0
gap: 0.1249999999984375
time: 0.02769303321838379
preprocess_time: 0.028047
node: 0
formulation: EFPD