instance: r_15_0.2_22.txt
obj: 41.0
bound: 40.00000000000005
gap: 0.02439024390243781
time: 7199.964283943176
preprocess_time: 0.037336
sepa_time: 0.0
node: 3797410
formulation: EFP