instance: r_15_0.1_14.txt
obj: 4.0
bound: 4.0
gap: 0.0
time: 0.02588796615600586
preprocess_time: 0.037484
sepa_time: 1.24e-322
node: 1
formulation: EVFP