instance: r_15_0.2_22.txt
obj: 7.999999996990665
bound: 6.999999999999972
gap: 0.12499999966929504
time: 19.105517148971558
preprocess_time: 0.101757
node: 2544
algo: EFPV