instance: r_15_0.3_25.txt
obj: 34.0
bound: 32.0
gap: 0.058823529411764705
time: 3599.954136133194
preprocess_time: 0.047195
sepa_time: 0.0
node: 1906286
formulation: EFP