instance: r_15_0.3_25.txt
obj: 3.0
bound: 2.0
gap: 0.3333333333222222
time: 0.5756340026855469
preprocess_time: 12.018966
node: 0
algo: EFPV2