instance: r_15_0.3_25.txt
org_node: 15
org_edge: 25
org_min_len: 0.2628567714562633
org_avg_len: 0.6081822728286488
org_max_len: 0.9678305124544612
dtf_node: 15
dtf_edge: 25
dtf_min_len: 0.2628567714562633
dtf_avg_len: 0.6081822728286488
dtf_max_len: 0.9678305124544612
sdb_node: 15
sdb_edge: 25
sdb_min_len: 0.2628567714562633
sdb_avg_len: 0.6081822728286488
sdb_max_len: 0.9678305124544612
dlt: 1.2163645456572976
formulation: None