instance: r_15_0.2_22.txt
obj: 3.0
bound: 2.0
gap: 0.3333333333222222
time: 0.08257699012756348
preprocess_time: 0.019932
node: 139
formulation: EFPI