instance: r_15_0.3_25.txt
obj: 46.0
bound: 43.0
gap: 0.06521739130434782
time: 7202.250786066055
preprocess_time: 0.043119
sepa_time: 0.0
node: 119826
formulation: EF