instance: r_15_0.1_14.txt
obj: 4.0
bound: 4.0
gap: 0.0
time: 0.0
preprocess_time: 0.117586
sepa_time: 6.92421165456946e-310
node: 0
formulation: LEFPAD