instance: r_15_0.3_25.txt
obj: 8.0
bound: 6.999999999999976
gap: 0.1249999999984405
time: 26.028460025787354
preprocess_time: 0.039936
node: 10244
algo: EFPLg