instance: r_15_0.1_14.txt
obj: 21.0
bound: 21.0
gap: 0.0
time: 0.005641937255859375
preprocess_time: 0.044651
sepa_time: 0.0
node: 1
formulation: LEFPV2