instance: r_15_0.3_25.txt
obj: 46.0
bound: 46.0
gap: 0.0
time: 1.1603240966796875
preprocess_time: 1.373093
sepa_time: 0.0
node: 1934
formulation: LEFPAD