instance: r_15_0.4_45.txt
obj: 2.0
bound: 1.0000000000000004
gap: 0.4999999999749998
time: 0.3748800754547119
preprocess_time: 0.036136
node: 0
formulation: LEFPI