instance: r_15_0.2_22.txt
obj: 7.999999996990665
bound: 6.999999999999999
gap: 0.1249999996692916
time: 11.696537971496582
preprocess_time: 1.745941
node: 1437
algo: EFPV2