instance: r_15_0.4_45.txt
obj: 8.0
bound: 6.718575689547141
gap: 0.16017803880460518
time: 1800.8584141731262
preprocess_time: 0.657562
node: 56614
algo: EFPV