instance: r_15_0.3_25.txt
obj: 8.0
bound: 6.999999999999944
gap: 0.1249999999984445
time: 12.01156997680664
preprocess_time: 0.056066
node: 4021
formulation: LEVFP