instance: r_15_0.4_45.txt
obj: 74.0
bound: 74.0
gap: 0.0
time: 7.797415018081665
preprocess_time: 0.035593
sepa_time: 0.0
node: 5809
formulation: LEVFP