instance: r_15_0.3_25.txt
obj: 8.0
bound: 8.0
gap: 0.0
time: 3.126559019088745
preprocess_time: 0.057745
node: 1019
formulation: LEFPD