instance: r_15_0.1_14.txt
obj: 0.0
bound: 0.0
gap: 0.0
time: 0.010730981826782227
preprocess_time: 0.019887
node: 0
algo: EVFP