instance: r_15_0.4_45.txt
obj: 2.0
bound: 1.0
gap: 0.499999999975
time: 0.7718439102172852
preprocess_time: 0.016753
node: 440
algo: EFPLg