instance: r_15_0.2_22.txt
obj: 41.0
bound: 41.0
gap: 0.0
time: 0.13210082054138184
preprocess_time: 1.323858
sepa_time: 0.0
node: 60
formulation: LEFPAI