instance: r_15_0.1_14.txt
obj: 28.0
bound: 28.0
gap: 0.0
time: 23.780980110168457
preprocess_time: 0.035444
sepa_time: 0.0
node: 19197
formulation: EFP