instance: r_15_0.4_45.txt
obj: 76.0
bound: 75.00000000000001
gap: 0.013157894736841919
time: 30.59952688217163
preprocess_time: 0.045372
sepa_time: 0.0
node: 25940
formulation: LEFPD