instance: r_15_0.4_45.txt
obj: 2.0
bound: 2.0
gap: 0.0
time: 2.181901216506958
preprocess_time: 1.184203
node: 0
algo: EFPV