instance: r_15_0.3_25.txt
obj: 3.0
bound: 1.9999999999999993
gap: 0.3333333333222224
time: 0.42602086067199707
preprocess_time: 0.03551
node: 72
algo: F