instance: r_15_0.3_25.txt
obj: 3.0
bound: 3.0
gap: 0.0
time: 1.0715529918670654
preprocess_time: 1.59652
sepa_time: 5.99545058456834e13
node: 1
formulation: LEFPAV