instance: r_15_0.4_45.txt
obj: 8.0
bound: 6.99999999999992
gap: 0.12499999999844749
time: 769.3278801441193
preprocess_time: 0.056584
node: 68853
formulation: EFP