instance: r_15_0.1_14.txt
obj: 4.0
bound: 4.0
gap: 0.0
time: 0.014796972274780273
preprocess_time: 0.958913
sepa_time: 0.0
node: 1
formulation: LEFPI