instance: r_15_0.2_22.txt
obj: 41.0
bound: 40.00000000000001
gap: 0.024390243902438852
time: 0.24307799339294434
preprocess_time: 0.045262
sepa_time: 0.0
node: 380
formulation: LEFPV2