instance: r_15_0.2_22.txt
obj: 41.0
bound: 40.0
gap: 0.024390243902439025
time: 7199.96401309967
preprocess_time: 0.037435
sepa_time: 0.0
node: 3516078
formulation: EFP