instance: r_15_0.3_25.txt
obj: 3.0
bound: 3.0
gap: 0.0
time: 1.5843589305877686
preprocess_time: 0.038869
sepa_time: 0.0
node: 1
formulation: LEFPD