instance: r_15_0.3_25.txt
obj: 0.0
bound: 0.0
gap: 0.0
time: 0.14574599266052246
preprocess_time: 0.05852
node: 0
algo: EVFPV