instance: r_15_0.3_25.txt
obj: 3.0
bound: 3.0
gap: 0.0
time: 0.40892505645751953
preprocess_time: 0.037265
node: 1
formulation: LEFPV