instance: r_15_0.3_25.txt
obj: 8.0
bound: 8.0
gap: 0.0
time: 2.700221061706543
preprocess_time: 0.058709
node: 751
formulation: LEFPI