instance: r_15_0.3_25.txt
obj: 3.0
bound: 1.9999999999999971
gap: 0.3333333333222232
time: 0.8889188766479492
preprocess_time: 0.037394
node: 75
formulation: LEFPDB