instance: r_15_0.2_22.txt
obj: 8.0
bound: 6.999999999999977
gap: 0.12499999999844039
time: 3.573915958404541
preprocess_time: 0.057889
node: 2005
algo: EFP0