instance: r_15_0.1_14.txt
obj: 8.0
bound: 8.0
gap: 0.0
time: 0.031677961349487305
preprocess_time: 0.057278
node: 1
formulation: LEFP