instance: r_15_0.3_25.txt
obj: 8.0
bound: 6.999999999999922
gap: 0.12499999999844727
time: 117.90634799003601
preprocess_time: 3.036093
node: 9265
algo: EFPV2