instance: r_15_0.3_25.txt
obj: 3.0
bound: 3.0
gap: 0.0
time: 0.40946507453918457
preprocess_time: 0.024194
sepa_time: 0.0
node: 3
formulation: EFP