instance: r_15_0.2_22.txt
obj: 41.0
bound: 41.0
gap: 0.0
time: 0.12253403663635254
preprocess_time: 0.044205
sepa_time: 0.0
node: 64
formulation: LEFPI