instance: r_15_0.2_22.txt
obj: 8.0
bound: 6.9999999999999964
gap: 0.12499999999843794
time: 3.627091884613037
preprocess_time: 0.052678
node: 1396
algo: ERF