instance: r_15_0.3_25.txt
obj: 0.0
bound: 0.0
gap: 0.0
time: 0.030279874801635742
preprocess_time: 0.021389
node: 0
algo: EVFP0