instance: r_15_0.4_45.txt
obj: 8.0
bound: 6.666666666666665
gap: 0.16666666666458352
time: 1801.5326330661774
preprocess_time: 0.060107
node: 114598
algo: EFP0