instance: r_15_0.3_25.txt
obj: 46.0
bound: 46.0
gap: 0.0
time: 0.28908205032348633
preprocess_time: 1.665651
sepa_time: 0.0
node: 610
formulation: LEFPA