instance: r_15_0.4_45.txt
obj: 74.0
bound: 74.0
gap: 0.0
time: 5.233952045440674
preprocess_time: 1.661112
sepa_time: 5.992311468133616e13
node: 4693
formulation: LEFPAV