instance: r_15_0.4_45.txt
obj: 8.0
bound: 7.000000000000001
gap: 0.12499999999999989
time: 1515.8766860961914
preprocess_time: 0.047973
node: 5736
formulation: EF