instance: r_15_0.4_45.txt
obj: 2.0
bound: 1.0
gap: 0.499999999975
time: 0.4390988349914551
preprocess_time: 0.020933
node: 0
algo: ERF