instance: r_15_0.4_45.txt
obj: 2.0
bound: 1.0000000000000013
gap: 0.49999999999999933
time: 0.3654439449310303
preprocess_time: 1.278248
sepa_time: 0.0
node: 1
formulation: LEFPV