instance: r_15_0.3_25.txt
obj: 3.0
bound: 2.0
gap: 0.3333333333222222
time: 0.13357186317443848
preprocess_time: 0.028253
node: 0
formulation: EFPD