instance: r_15_0.3_25.txt
obj: 46.0
bound: 46.0
gap: 0.0
time: 0.40436887741088867
preprocess_time: 0.033865
sepa_time: 0.0
node: 849
formulation: LEVFP