instance: r_15_0.2_22.txt
obj: 8.0
bound: 7.0
gap: 0.1249999999984375
time: 1.762031078338623
preprocess_time: 0.053809
node: 553
algo: ESF