instance: r_15_0.3_25.txt
obj: 3.0
bound: 3.0
gap: 0.0
time: 0.3060469627380371
preprocess_time: 0.038404
sepa_time: 6.9398611208571e-310
node: 1
formulation: EVFP