instance: r_15_0.2_22.txt
obj: 3.0
bound: 3.0
gap: 0.0
time: 0.39285898208618164
preprocess_time: 0.015968
node: 10
algo: EFPD