instance: r_15_0.2_22.txt
obj: 41.0
bound: 41.0
gap: 0.0
time: 0.08796191215515137
preprocess_time: 1.653989
sepa_time: 0.0
node: 5
formulation: LEFPAI