instance: r_15_0.2_22.txt
obj: 8.0
bound: 6.999999999999992
gap: 0.1249999999984385
time: 8.736340999603271
preprocess_time: 0.053235
node: 3205
algo: SF