instance: r_15_0.2_22.txt
obj: 3.0
bound: 2.0
gap: 0.3333333333222222
time: 0.10552597045898438
preprocess_time: 4.985291
node: 0
formulation: EFPV2