instance: r_15_0.4_45.txt
obj: 8.0
bound: 7.000000000000001
gap: 0.12499999999999989
time: 281.34067487716675
preprocess_time: 0.05941
node: 24583
formulation: LEFP