instance: r_15_0.3_25.txt
obj: 3.0
bound: 3.0
gap: 0.0
time: 0.4105820655822754
preprocess_time: 0.960845
sepa_time: 0.0
node: 3
formulation: LEFPV