instance: r_15_0.2_22.txt
obj: 3.0
bound: 3.0
gap: 0.0
time: 0.6572799682617188
preprocess_time: 1.226058
sepa_time: 1.3843976898470285e13
node: 1
formulation: LEFPV