instance: r_15_0.3_25.txt
obj: 3.0
bound: 2.0000000000000004
gap: 0.3333333333222221
time: 0.17973899841308594
preprocess_time: 12.075765
node: 0
formulation: EFPV2