instance: r_15_0.3_25.txt
obj: 8.0
bound: 6.999999999999908
gap: 0.12499999999844905
time: 23.911772966384888
preprocess_time: 0.080029
node: 8789
algo: SF