instance: r_15_0.3_25.txt
obj: 8.0
bound: 6.999999999999902
gap: 0.12499999999844971
time: 21.83969211578369
preprocess_time: 0.055839
node: 6277
algo: ESF