instance: r_15_0.1_14.txt
obj: 28.0
bound: 28.0
gap: 0.0
time: 0.005584001541137695
preprocess_time: 0.045201
sepa_time: 0.0
node: 1
formulation: LEFPV2