instance: r_15_0.2_22.txt
org_node: 15
org_edge: 22
org_min_len: 0.25355304311631366
org_avg_len: 0.5962790283562555
org_max_len: 0.9759077962648577
dtf_node: 21
dtf_edge: 28
dtf_min_len: 0.03459601122383449
dtf_avg_len: 0.4685049508513437
dtf_max_len: 1.3887690850493994
sdb_node: 25
sdb_edge: 32
sdb_min_len: 0.2591875101999032
sdb_avg_len: 0.4099418319949255
sdb_max_len: 0.568234744952564
dlt: 0.5962790283562555
formulation: None