instance: r_15_0.1_14.txt
obj: 8.0
bound: 8.0
gap: 0.0
time: 0.018164873123168945
preprocess_time: 0.055621
node: 1
formulation: LEVFP