instance: r_15_0.3_25.txt
obj: 3.0
bound: 1.9999999999999998
gap: 0.3333333333222223
time: 0.5451297760009766
preprocess_time: 0.028448
node: 38
formulation: LEVFP