instance: r_15_0.2_22.txt
obj: 41.0
bound: 41.0
gap: 0.0
time: 0.19240307807922363
preprocess_time: 1.305413
sepa_time: 0.0
node: 89
formulation: LEFPAD