instance: r_15_0.3_25.txt
obj: 46.0
bound: 46.0
gap: 0.0
time: 0.7927761077880859
preprocess_time: 1.27703
sepa_time: 0.0
node: 1224
formulation: LEFPD