instance: r_15_0.4_45.txt
obj: 11.0
bound: 5.333333333333332
gap: 0.5151515151468321
time: 1801.4428660869598
preprocess_time: 0.029445
node: 380
formulation: EF