instance: r_15_0.4_45.txt
obj: 2.0
bound: 1.0000000000000009
gap: 0.49999999997499955
time: 0.8249189853668213
preprocess_time: 0.039947
node: 0
formulation: LEVFP