instance: r_15_0.4_45.txt
obj: 8.0
bound: 6.999999999999933
gap: 0.12499999999844583
time: 1193.8731019496918
preprocess_time: 0.062877
node: 85555
algo: EFP