instance: r_15_0.3_25.txt
obj: 3.0
bound: 2.0
gap: 0.3333333333222222
time: 0.22066593170166016
preprocess_time: 0.029375
node: 10
formulation: EFPI