instance: r_15_0.2_22.txt
obj: 8.0
bound: 6.999999999999979
gap: 0.12499999999844016
time: 3.797128915786743
preprocess_time: 0.039476
node: 1094
algo: EFP