instance: r_15_0.1_14.txt
org_node: 15
org_edge: 14
org_min_len: 0.336938233756891
org_avg_len: 0.6530101975253003
org_max_len: 0.9684685398380044
dtf_node: 15
dtf_edge: 14
dtf_min_len: 0.09222180566863247
dtf_avg_len: 0.6530101975253003
dtf_max_len: 2.831717801485875
sdb_node: 19
sdb_edge: 18
sdb_min_len: 0.09222180566863247
sdb_avg_len: 0.5078968202974559
sdb_max_len: 0.6530095445151027
dlt: 0.6530101975253003
algo: None