instance: r_15_0.1_14.txt
obj: 4.0
bound: 2.9999999999999996
gap: 0.2499999999937501
time: 0.07418298721313477
preprocess_time: 0.036694
node: 113
formulation: EFP