instance: r_15_0.1_14.txt
obj: 28.0
bound: 28.0
gap: 0.0
time: 154.98189306259155
preprocess_time: 0.027868
sepa_time: 1.0e-323
node: 18988
formulation: EF