instance: r_15_0.3_25.txt
obj: 7.999999822121571
bound: 6.999999838861487
gap: 0.12500000068529846
time: 16.735005855560303
preprocess_time: 0.055597
node: 5852
algo: ERF