instance: r_15_0.1_14.txt
obj: 4.0
bound: 3.0
gap: 0.24999999999375
time: 0.2051091194152832
preprocess_time: 0.024662
node: 20
formulation: EF