instance: r_15_0.4_45.txt
obj: 2.0
bound: 2.0
gap: 0.0
time: 0.540424108505249
preprocess_time: 0.040753
sepa_time: 3.29e-321
node: 1
formulation: LEVFP