instance: r_15_0.4_45.txt
obj: 74.0
bound: 74.0
gap: 0.0
time: 6.112712144851685
preprocess_time: 1.356248
sepa_time: 0.0
node: 4911
formulation: LEFPV