instance: r_15_0.3_25.txt
obj: 8.0
bound: 6.99999999999995
gap: 0.12499999999844372
time: 13.638737916946411
preprocess_time: 0.099004
node: 5384
algo: RF