instance: r_15_0.3_25.txt
obj: 3.0
bound: 3.0
gap: 0.0
time: 0.4132959842681885
preprocess_time: 0.037457
node: 1
formulation: EFP