instance: r_15_0.2_22.txt
obj: 8.0
bound: 6.999999999999986
gap: 0.12499999999843928
time: 4.774284839630127
preprocess_time: 0.059259
node: 1074
algo: EVFP