instance: r_15_0.4_45.txt
obj: 2.0
bound: 2.0
gap: 0.0
time: 8.274051904678345
preprocess_time: 1037.81788
node: 0
algo: EFPV2