instance: r_15_0.1_14.txt
obj: 4.0
bound: 4.0
gap: 0.0
time: 0.09792900085449219
preprocess_time: 0.037464
sepa_time: 0.0
node: 2
formulation: LEFPV2