instance: r_15_0.4_45.txt
obj: 2.0
bound: 2.0
gap: 0.0
time: 0.17204689979553223
preprocess_time: 0.028504
node: 0
formulation: LEVFP