instance: r_15_0.2_22.txt
obj: 3.0
bound: 2.0000000000000004
gap: 0.3333333333333332
time: 0.09354901313781738
preprocess_time: 0.02907
node: 1
formulation: EFP