instance: r_15_0.3_25.txt
obj: 8.0
bound: 6.9999999999999964
gap: 0.12499999999843794
time: 10.680987119674683
preprocess_time: 1.724368
node: 3576
algo: EFPV2