instance: r_15_0.4_45.txt
obj: 10.0
bound: 5.499999999999692
gap: 0.4499999999955308
time: 1800.6104741096497
preprocess_time: 0.054439
node: 594
algo: EF