instance: r_15_0.3_25.txt
obj: 8.0
bound: 6.99999999999993
gap: 0.12499999999844627
time: 255.22234106063843
preprocess_time: 0.045718
node: 4364
algo: EF