instance: r_15_0.4_45.txt
obj: 2.0
bound: 0.9999999999999999
gap: 0.499999999975
time: 8.41058897972107
preprocess_time: 0.024789
node: 65
algo: EFPD