instance: r_15_0.2_22.txt
obj: 41.0
bound: 41.0
gap: 0.0
time: 0.7077710628509521
preprocess_time: 1.248299
sepa_time: 1.384998493494712e13
node: 8
formulation: LEFPV