instance: r_15_0.1_14.txt
obj: 4.0
bound: 3.0
gap: 0.24999999999375
time: 0.011474847793579102
preprocess_time: 0.013749
node: 0
algo: EFP