instance: r_15_0.4_45.txt
obj: 53.0
bound: 52.00000000000001
gap: 0.018867924528301754
time: 15.876898050308228
preprocess_time: 0.057255
sepa_time: 0.0
node: 10708
formulation: LEFPI