instance: r_15_0.3_25.txt
obj: 3.0
bound: 3.0
gap: 0.0
time: 0.30609989166259766
preprocess_time: 0.037866
sepa_time: 0.0
node: 1
formulation: EVFP