instance: r_15_0.1_14.txt
obj: 8.0
bound: 8.0
gap: 0.0
time: 0.01841115951538086
preprocess_time: 0.056089
node: 0
formulation: LEFPD