instance: r_15_0.4_45.txt
obj: 74.0
bound: 74.0
gap: 0.0
time: 4.951242923736572
preprocess_time: 0.996487
sepa_time: 5.073181431203671e13
node: 3969
formulation: LEFPAV