instance: r_15_0.3_25.txt
obj: 3.0
bound: 1.999999999999999
gap: 0.3333333333222226
time: 0.508580207824707
preprocess_time: 0.037676
node: 387
formulation: LEFP