instance: r_15_0.3_25.txt
obj: 46.0
bound: 46.0
gap: 0.0
time: 0.5064630508422852
preprocess_time: 0.963233
sepa_time: 0.0
node: 1481
formulation: LEFPA