instance: r_15_0.3_25.txt
obj: 3.0
bound: 3.0
gap: 0.0
time: 1.202625036239624
preprocess_time: 0.037967
sepa_time: 0.0
node: 17
formulation: LEFPI