instance: r_15_0.4_45.txt
obj: 2.0
bound: 2.0
gap: 0.0
time: 4.370018005371094
preprocess_time: 1.880648
node: 0
algo: EFPV