instance: r_15_0.4_45.txt
obj: 9.0
bound: 5.73488451944915
gap: 0.36279060894606346
time: 1802.1787650585175
preprocess_time: 0.063918
node: 133365
algo: EVFP0