instance: r_15_0.1_14.txt
obj: 28.0
bound: 28.0
gap: 0.0
time: 0.0
preprocess_time: 0.368744
sepa_time: 6.9273458022906e-310
node: 0
formulation: LEFPA