instance: r_15_0.4_45.txt
obj: 74.0
bound: 74.0
gap: 0.0
time: 7.874424934387207
preprocess_time: 1.23028
sepa_time: 0.0
node: 8321
formulation: LEFP