instance: r_15_0.2_22.txt
obj: 41.0
bound: 41.0
gap: 0.0
time: 0.1168820858001709
preprocess_time: 1.229964
sepa_time: 0.0
node: 24
formulation: LEFPV