instance: r_15_0.4_45.txt
obj: 2.0
bound: 1.0000000000000036
gap: 0.4999999999999982
time: 4.100292921066284
preprocess_time: 0.039421
sepa_time: 0.0
node: 17
formulation: LEFPI