instance: r_15_0.4_45.txt
obj: 2.0
bound: 1.0
gap: 0.499999999975
time: 0.4599947929382324
preprocess_time: 0.016855
node: 58
algo: EFP0