instance: r_15_0.3_25.txt
obj: 3.0
bound: 3.0
gap: 0.0
time: 1.575577974319458
preprocess_time: 1.595805
sepa_time: 0.0
node: 32
formulation: LEFPAI