instance: r_15_0.4_45.txt
obj: 75.0
bound: 69.0
gap: 0.08
time: 3599.9452908039093
preprocess_time: 0.057534
sepa_time: 0.0
node: 1621992
formulation: EFP