instance: r_15_0.1_14.txt
obj: 4.0
bound: 4.0
gap: 0.0
time: 0.029718875885009766
preprocess_time: 0.036181
node: 1
formulation: LEVFP