instance: r_15_0.4_45.txt
obj: 2.0
bound: 1.0000000000005622
gap: 0.4999999999997189
time: 1.621824026107788
preprocess_time: 0.038189
sepa_time: 0.0
node: 90
formulation: LEFPD