instance: r_15_0.1_14.txt
obj: 4.0
bound: 3.0
gap: 0.24999999999375
time: 0.030173063278198242
preprocess_time: 0.066678
node: 0
formulation: EFPD