instance: r_15_0.3_25.txt
obj: 46.0
bound: 46.0
gap: 0.0
time: 0.2610030174255371
preprocess_time: 1.219605
sepa_time: 0.0
node: 692
formulation: LEFP