instance: r_15_0.2_22.txt
obj: 8.0
bound: 6.999999999999986
gap: 0.12499999999843928
time: 4.454107046127319
preprocess_time: 0.029373
node: 1074
formulation: EVFP