instance: r_15_0.2_22.txt
obj: 3.0
bound: 2.0
gap: 0.3333333333222222
time: 0.07888507843017578
preprocess_time: 0.016503
node: 0
algo: EVFP0