instance: r_15_0.4_45.txt
obj: 8.0
bound: 7.000000000000001
gap: 0.12499999999999989
time: 708.4272389411926
preprocess_time: 0.059623
node: 25797
formulation: LEFPD