instance: r_15_0.2_22.txt
obj: 42.0
bound: 39.0
gap: 0.07142857142857142
time: 3601.554197072983
preprocess_time: 0.053335
sepa_time: 0.0
node: 107311
formulation: EF