instance: r_15_0.4_45.txt
obj: 8.0
bound: 6.99999999999992
gap: 0.12499999999844749
time: 769.5990641117096
preprocess_time: 0.056806
node: 68853
formulation: LEFP