instance: r_15_0.4_45.txt
obj: 74.0
bound: 74.0
gap: 0.0
time: 5.758318901062012
preprocess_time: 1.227097
sepa_time: 0.0
node: 4828
formulation: LEFPI