instance: r_15_0.4_45.txt
obj: 2.0
bound: 2.0
gap: 0.0
time: 322.64988017082214
preprocess_time: 0.012761
sepa_time: 6.9340214409877e-310
node: 1
formulation: EF