instance: r_15_0.1_14.txt
org_node: 15
org_edge: 14
org_min_len: 0.336938233756891
org_avg_len: 0.6530101975253003
org_max_len: 0.9684685398380044
dtf_node: 10
dtf_edge: 9
dtf_min_len: 0.37175128708123883
dtf_avg_len: 1.0157936405949117
dtf_max_len: 2.831717801485875
sdb_node: 61
sdb_edge: 60
sdb_min_len: 0.12391709569374627
sdb_avg_len: 0.1523690460892368
sdb_max_len: 0.16141142330633407
dlt: 0.16325254938132508
formulation: None