instance: r_15_0.3_25.txt
obj: 46.0
bound: 44.0000000000001
gap: 0.04347826086956306
time: 3599.953024864197
preprocess_time: 0.048852
sepa_time: 6.938751798234e-310
node: 608835
formulation: EVFP