instance: r_15_0.4_45.txt
obj: 8.0
bound: 6.999998782570428
gap: 0.12500015217713403
time: 3601.8210678100586
preprocess_time: 0.051033
node: 122369
formulation: LEVFP