instance: r_15_0.4_45.txt
obj: 2.0
bound: 2.0
gap: 0.0
time: 0.48645806312561035
preprocess_time: 1.290683
sepa_time: 0.0
node: 1
formulation: LEFPAD