instance: r_15_0.2_22.txt
obj: 8.0
bound: 6.999999999999988
gap: 0.12499999999843905
time: 1.227241039276123
preprocess_time: 1.089487
node: 891
algo: EFPV2