instance: r_15_0.1_14.txt
obj: 4.0
bound: 4.0
gap: 0.0
time: 0.02513289451599121
preprocess_time: 0.037208
sepa_time: 1.0e-323
node: 1
formulation: EVFP