instance: r_15_0.3_25.txt
obj: 46.0
bound: 46.0
gap: 0.0
time: 0.48968505859375
preprocess_time: 0.045466
sepa_time: 0.0
node: 1008
formulation: LEFPI