instance: r_15_0.4_45.txt
obj: 74.0
bound: 74.0
gap: 0.0
time: 2.431344985961914
preprocess_time: 1.285569
sepa_time: 0.0
node: 1586
formulation: LEFPA