instance: r_15_0.1_14.txt
obj: 8.0
bound: 7.0
gap: 0.1249999999984375
time: 0.01548004150390625
preprocess_time: 0.051918
node: 0
algo: ERF