instance: r_15_0.4_45.txt
obj: 9.0
bound: 6.13156235936879
gap: 0.31871529339992655
time: 1722.8259980678558
preprocess_time: 80.454804
node: 156442
algo: EFPV2