instance: r_15_0.4_45.txt
obj: 7.999999999999999
bound: 6.143570159529555
gap: 0.23205373005590485
time: 1801.8292169570923
preprocess_time: 0.0717
node: 105372
algo: EVFPL