instance: r_15_0.1_14.txt
obj: 28.0
bound: 28.0
gap: 0.0
time: 0.011962890625
preprocess_time: 0.045379
sepa_time: 5.0e-324
node: 1
formulation: LEVFP