instance: r_15_0.4_45.txt
obj: 1.0
bound: 0.0
gap: 0.9999999999
time: 0.5545229911804199
preprocess_time: 0.041775
node: 0
algo: EVFPV