instance: r_15_0.4_45.txt
obj: 9.0
bound: 6.000000000000319
gap: 0.3333333333295942
time: 3601.1520450115204
preprocess_time: 0.044692
node: 780
formulation: EF