instance: r_15_0.1_14.txt
obj: 4.0
bound: 3.0
gap: 0.24999999999375
time: 0.012109994888305664
preprocess_time: 0.01998
node: 0
algo: EFP0