instance: r_15_0.2_22.txt
obj: 3.0
bound: 2.0
gap: 0.3333333333222222
time: 0.3017449378967285
preprocess_time: 0.031106
node: 40
formulation: LEFPDB