instance: r_15_0.4_45.txt
obj: 8.0
bound: 6.999999999999921
gap: 0.12499999999844738
time: 1275.081043958664
preprocess_time: 0.058297
node: 134877
algo: ERF