instance: r_15_0.4_45.txt
obj: 0.0
bound: 0.0
gap: 0.0
time: 0.09042716026306152
preprocess_time: 0.023411
node: 0
algo: EVFP