instance: r_15_0.1_14.txt
obj: 4.0
bound: 4.0
gap: 0.0
time: 0.0
preprocess_time: 0.479744
sepa_time: 6.9048466692488e-310
node: 0
formulation: LEFPAD