instance: r_15_0.4_45.txt
obj: 8.0
bound: 6.999999999999908
gap: 0.12499999999844905
time: 569.0887720584869
preprocess_time: 0.056036
node: 88599
formulation: LEFPDB