instance: r_15_0.3_25.txt
obj: 8.0
bound: 7.0
gap: 0.1249999999984375
time: 2.317304849624634
preprocess_time: 0.057523
node: 491
formulation: LEFP