instance: r_15_0.1_14.txt
obj: 4.0
bound: 4.0
gap: 0.0
time: 0.05898308753967285
preprocess_time: 0.03694
node: 2
formulation: LEFPV