instance: r_15_0.3_25.txt
obj: 46.0
bound: 36.0
gap: 0.21739130434782608
time: 7199.963222026825
preprocess_time: 0.038293
sepa_time: 0.0
node: 4472138
formulation: EFP