instance: r_15_0.2_22.txt
obj: 3.0
bound: 3.0
gap: 0.0
time: 0.1372830867767334
preprocess_time: 0.038634
node: 1
formulation: LEFPI