instance: r_15_0.4_45.txt
obj: 8.0
bound: 6.999999999999913
gap: 0.12499999999844838
time: 1642.769187927246
preprocess_time: 0.059049
node: 71724
algo: ESF