instance: r_15_0.2_22.txt
obj: 10.0
bound: 10.0
gap: 0.0
time: 0.00869607925415039
preprocess_time: 0.072866
node: 0
algo: SFD