instance: r_15_0.2_22.txt
obj: 9.0
bound: 8.0
gap: 0.11111111110987654
time: 0.2815580368041992
preprocess_time: 0.047516
node: 67
formulation: LEFPDB