instance: r_15_0.2_22.txt
obj: 3.0
bound: 3.0
gap: 0.0
time: 0.13973283767700195
preprocess_time: 0.033629
node: 1
formulation: LEFPD