instance: r_15_0.1_14.txt
obj: 28.0
bound: 28.0
gap: 0.0
time: 205.72912979125977
preprocess_time: 0.035755
sepa_time: 0.0
node: 215180
formulation: EFP