instance: r_15_0.4_45.txt
obj: 2.0
bound: 2.0
gap: 0.0
time: 9.49893593788147
preprocess_time: 1784.440646
node: 0
algo: EFPV2