instance: r_15_0.4_45.txt
obj: 8.0
bound: 6.999999999999917
gap: 0.12499999999844782
time: 847.882141828537
preprocess_time: 0.835012
node: 68735
algo: EFPV