instance: r_15_0.3_25.txt
obj: 3.0
bound: 3.0
gap: 0.0
time: 1.653566837310791
preprocess_time: 0.027733
sepa_time: 6.89989693914755e-310
node: 10
formulation: LEVFP