instance: r_15_0.1_14.txt
obj: 28.0
bound: 28.0
gap: 0.0
time: 0.0
preprocess_time: 0.360775
sepa_time: 6.91345759832536e-310
node: 0
formulation: LEFPAD