instance: r_15_0.3_25.txt
obj: 8.0
bound: 7.000000000000001
gap: 0.12499999999999989
time: 1.9883630275726318
preprocess_time: 0.056472
node: 1681
formulation: LEFP