instance: r_15_0.3_25.txt
obj: 8.0
bound: 6.999999999999983
gap: 0.12499999999843961
time: 12.934325933456421
preprocess_time: 0.119004
node: 6074
algo: EFPV