instance: r_15_0.4_45.txt
obj: 2.0
bound: 2.0
gap: 0.0
time: 0.4725010395050049
preprocess_time: 0.028242
sepa_time: 6.92449666519176e-310
node: 1
formulation: EVFP