instance: r_15_0.2_22.txt
obj: 42.0
bound: 39.0
gap: 0.07142857142857142
time: 7201.090120792389
preprocess_time: 0.033873
sepa_time: 0.0
node: 273802
formulation: EF