instance: r_15_0.2_22.txt
obj: 30.0
bound: 30.0
gap: 0.0
time: 0.3750448226928711
preprocess_time: 0.045492
sepa_time: 0.0
node: 693
formulation: LEFPV