instance: r_15_0.2_22.txt
org_node: 15
org_edge: 22
org_min_len: 0.25355304311631366
org_avg_len: 0.5962790283562555
org_max_len: 0.9759077962648577
dtf_node: 14
dtf_edge: 21
dtf_min_len: 0.11011790218059644
dtf_avg_len: 0.6246732678017914
dtf_max_len: 1.3887690850493994
sdb_node: 91
sdb_edge: 98
sdb_min_len: 0.10405842305922726
sdb_avg_len: 0.13385855738609823
sdb_max_len: 0.14885397780581977
dlt: 0.14906975708906386
formulation: None