instance: r_15_0.1_14.txt
obj: 4.0
bound: 4.0
gap: 0.0
time: 0.02954411506652832
preprocess_time: 0.027237
sepa_time: 5.0e-324
node: 1
formulation: LEVFP