instance: r_15_0.4_45.txt
obj: 8.0
bound: 6.999999999999991
gap: 0.12499999999843861
time: 896.4777748584747
preprocess_time: 0.033832
node: 28957
formulation: EFPD