instance: r_15_0.3_25.txt
org_node: 15
org_edge: 25
org_min_len: 0.2628567714562633
org_avg_len: 0.6081822728286488
org_max_len: 0.9678305124544612
dtf_node: 21
dtf_edge: 31
dtf_min_len: 0.052069729524486186
dtf_avg_len: 0.49046957486181364
dtf_max_len: 2.218773202861688
sdb_node: 26
sdb_edge: 36
sdb_min_len: 0.052069729524486186
sdb_avg_len: 0.42234880057545054
sdb_max_len: 0.6081816646463759
dlt: 0.6081822728286488
algo: None