instance: r_15_0.4_45.txt
obj: 2.0
bound: 2.0
gap: 0.0
time: 1.6603801250457764
preprocess_time: 1.307383
sepa_time: 0.0
node: 95
formulation: LEFPAD