instance: r_15_0.1_14.txt
obj: 9.0
bound: 8.0
gap: 0.11111111110987654
time: 0.012025833129882812
preprocess_time: 0.067609
node: 0
algo: EVFPL