instance: r_15_0.4_45.txt
obj: 2.0
bound: 2.0
gap: 0.0
time: 325.77375197410583
preprocess_time: 0.011878
sepa_time: 0.0
node: 1
formulation: EF