instance: r_15_0.4_45.txt
obj: 74.0
bound: 74.0
gap: 0.0
time: 7.886726140975952
preprocess_time: 1.231611
sepa_time: 0.0
node: 8321
formulation: LEFP