instance: r_15_0.3_25.txt
obj: 8.0
bound: 6.999999999999922
gap: 0.12499999999844727
time: 19.63156294822693
preprocess_time: 0.067781
node: 5355
algo: RF