instance: r_15_0.2_22.txt
obj: 24.0
bound: 24.0
gap: 0.0
time: 0.0073778629302978516
preprocess_time: 1.719801
sepa_time: 0.0
node: 1
formulation: LEFPAD