instance: r_15_0.1_14.txt
obj: 4.0
bound: 4.0
gap: 0.0
time: 0.014569997787475586
preprocess_time: 0.019133
node: 0
formulation: EFPI