instance: r_15_0.1_14.txt
obj: 9.0
bound: 8.0
gap: 0.11111111110987654
time: 0.011684894561767578
preprocess_time: 0.037155
node: 0
formulation: LEVFP