instance: r_15_0.4_45.txt
obj: 74.0
bound: 74.0
gap: 0.0
time: 5.958991050720215
preprocess_time: 1.284152
sepa_time: 0.0
node: 4911
formulation: LEFPV2