instance: r_15_0.2_22.txt
obj: 41.0
bound: 40.00000000000001
gap: 0.024390243902438852
time: 161.0702028274536
preprocess_time: 0.040832
sepa_time: 6.3659874001e-313
node: 13038
formulation: EVFP