instance: r_15_0.4_45.txt
obj: 8.0
bound: 6.4999999999999964
gap: 0.1874999999976567
time: 1801.9999270439148
preprocess_time: 0.053166
node: 83799
algo: ESFV