instance: r_15_0.2_22.txt
obj: 24.0
bound: 24.0
gap: 0.0
time: 0.005839824676513672
preprocess_time: 1.291136
sepa_time: 0.0
node: 1
formulation: LEFPAD