instance: r_15_0.2_22.txt
obj: 8.0
bound: 8.0
gap: 0.0
time: 0.5083389282226562
preprocess_time: 0.045853
node: 226
formulation: LEFPD