instance: r_15_0.1_14.txt
obj: 8.0
bound: 8.0
gap: 0.0
time: 0.2500011920928955
preprocess_time: 0.048534
node: 1
formulation: EF