instance: r_15_0.2_22.txt
obj: 3.0
bound: 2.0
gap: 0.3333333333222222
time: 0.04377603530883789
preprocess_time: 0.156868
node: 0
algo: EFPV