instance: r_15_0.3_25.txt
obj: 8.0
bound: 6.9999999999999805
gap: 0.12499999999843994
time: 15.239385843276978
preprocess_time: 0.055706
node: 5724
algo: ERF