instance: r_15_0.1_14.txt
obj: 8.0
bound: 8.0
gap: 0.0
time: 0.06900405883789062
preprocess_time: 0.05729
sepa_time: 0.0
node: 1
formulation: LEFPV2