instance: r_15_0.1_14.txt
obj: 4.0
bound: 4.0
gap: 0.0
time: 0.3429880142211914
preprocess_time: 0.025423
node: 1
formulation: EF