instance: r_15_0.3_25.txt
obj: 9.000000000000002
bound: 9.000000000000002
gap: 0.0
time: 0.011736869812011719
preprocess_time: 0.077697
node: 0
algo: SFD