instance: r_15_0.3_25.txt
obj: 3.0
bound: 1.9999999999999998
gap: 0.3333333333222223
time: 0.4281930923461914
preprocess_time: 16.445001
node: 0
algo: EFPV2