instance: r_15_0.4_45.txt
obj: 74.0
bound: 73.00000000000001
gap: 0.013513513513513322
time: 13.806516170501709
preprocess_time: 0.045711
sepa_time: 0.0
node: 11144
formulation: LEFP