instance: r_15_0.4_45.txt
obj: 8.0
bound: 6.499999999999996
gap: 0.18749999999765682
time: 1748.1939549446106
preprocess_time: 53.783317
node: 164639
algo: EFPV2