instance: r_15_0.1_14.txt
obj: 4.0
bound: 3.0
gap: 0.24999999999375
time: 0.010185956954956055
preprocess_time: 0.035309
node: 0
algo: SF