instance: r_15_0.1_14.txt
obj: 1.0
bound: 0.0
gap: 0.9999999999
time: 0.013694047927856445
preprocess_time: 0.013973
node: 0
algo: EVFPV