instance: r_15_0.2_22.txt
obj: 3.0
bound: 2.0
gap: 0.3333333333222222
time: 0.05111408233642578
preprocess_time: 0.014079
node: 0
algo: ESFV