instance: r_15_0.1_14.txt
obj: 29.0
bound: 29.0
gap: 0.0
time: 0.002518177032470703
preprocess_time: 0.893907
sepa_time: 0.0
node: 1
formulation: LEFPD