instance: r_15_0.4_45.txt
obj: 74.0
bound: 73.00000000000001
gap: 0.013513513513513322
time: 57.96719813346863
preprocess_time: 0.045826
sepa_time: 0.0
node: 42636
formulation: LEFP