instance: r_15_0.2_22.txt
obj: 3.0
bound: 2.0
gap: 0.3333333333222222
time: 0.061914920806884766
preprocess_time: 0.013752
node: 30
algo: ESF