instance: r_15_0.3_25.txt
obj: 8.0
bound: 6.999999999999995
gap: 0.12499999999843817
time: 10.167519092559814
preprocess_time: 0.184958
node: 3771
algo: EFPV