instance: r_15_0.4_45.txt
obj: 8.0
bound: 6.592890767048953
gap: 0.17588865411668228
time: 1800.7239661216736
preprocess_time: 0.060186
node: 119794
algo: EFPLg