instance: r_15_0.3_25.txt
obj: 8.0
bound: 6.999999999999997
gap: 0.12499999999843783
time: 48.65041995048523
preprocess_time: 0.057817
node: 4791
algo: EFPD