instance: r_15_0.2_22.txt
obj: 3.0
bound: 3.0
gap: 0.0
time: 3.38607120513916
preprocess_time: 0.012261
sepa_time: 6.0e-323
node: 1
formulation: EF