instance: r_15_0.3_25.txt
obj: 3.0
bound: 2.0
gap: 0.3333333333222222
time: 0.0942380428314209
preprocess_time: 0.014705
node: 0
algo: EFP