instance: r_15_0.2_22.txt
obj: 41.0
bound: 41.0
gap: 0.0
time: 0.19481110572814941
preprocess_time: 0.033756
sepa_time: 6.9360909004861e-310
node: 173
formulation: LEVFP