instance: r_15_0.3_25.txt
obj: 3.0
bound: 3.0
gap: 0.0
time: 0.9042379856109619
preprocess_time: 1.096146
sepa_time: 0.0
node: 12
formulation: LEFPAD