instance: r_15_0.3_25.txt
obj: 3.0
bound: 3.0
gap: 0.0
time: 1.5528271198272705
preprocess_time: 1.259478
sepa_time: 0.0
node: 32
formulation: LEFPAI