instance: r_15_0.3_25.txt
obj: 3.0
bound: 3.0
gap: 0.0
time: 8.827460050582886
preprocess_time: 0.015321
sepa_time: 0.0
node: 1
formulation: EF