instance: r_15_0.3_25.txt
obj: 8.0
bound: 7.000000000000001
gap: 0.12499999999999989
time: 1.8945529460906982
preprocess_time: 0.058551
sepa_time: 0.0
node: 1681
formulation: LEFPV2