instance: r_15_0.3_25.txt
obj: 3.0
bound: 2.0000000000000004
gap: 0.3333333333222221
time: 0.2775568962097168
preprocess_time: 17.03058
node: 0
algo: EFPV2