instance: r_15_0.2_22.txt
obj: 9.0
bound: 7.999999999999977
gap: 0.1111111111098791
time: 0.4555680751800537
preprocess_time: 0.044454
node: 338
formulation: LEFPD