instance: r_15_0.1_14.txt
obj: 4.0
bound: 4.0
gap: 0.0
time: 0.019622087478637695
preprocess_time: 0.897341
sepa_time: 0.0
node: 1
formulation: LEFP