instance: r_15_0.3_25.txt
obj: 3.0
bound: 2.0
gap: 0.3333333333222222
time: 0.08340597152709961
preprocess_time: 0.017948
node: 0
algo: ESF