instance: r_15_0.1_14.txt
obj: 4.0
bound: 4.0
gap: 0.0
time: 0.014873027801513672
preprocess_time: 0.013878
node: 0
algo: EFPLg