instance: r_15_0.2_22.txt
obj: 3.0
bound: 3.0
gap: 0.0
time: 4.161336183547974
preprocess_time: 0.025703
sepa_time: 0.0
node: 1
formulation: EF