instance: r_15_0.2_22.txt
obj: 3.0
bound: 2.0
gap: 0.3333333333222222
time: 0.14846086502075195
preprocess_time: 0.037382
node: 0
formulation: LEFP