instance: r_15_0.1_14.txt
obj: 28.0
bound: 28.0
gap: 0.0
time: 0.05063199996948242
preprocess_time: 0.034139
sepa_time: 6.9015442104236e-310
node: 1
formulation: LEVFP