instance: r_15_0.3_25.txt
obj: 19.0
bound: 19.0
gap: 0.0
time: 0.0028378963470458984
preprocess_time: 1.797163
sepa_time: 0.0
node: 1
formulation: LEFPA