instance: r_15_0.2_22.txt
obj: 8.0
bound: 7.0
gap: 0.1249999999984375
time: 10.008630990982056
preprocess_time: 0.029001
node: 1007
formulation: EF