instance: r_15_0.3_25.txt
obj: 3.0
bound: 3.0
gap: 0.0
time: 0.2523012161254883
preprocess_time: 0.021773
sepa_time: 1.5e-323
node: 1
formulation: EVFP