instance: r_15_0.4_45.txt
obj: 2.0
bound: 2.0
gap: 0.0
time: 1.4386661052703857
preprocess_time: 1.221898
sepa_time: 0.0
node: 157
formulation: LEFP