instance: r_15_0.2_22.txt
obj: 3.0
bound: 3.0
gap: 0.0
time: 2.8615331649780273
preprocess_time: 0.009917
node: 100
algo: EF