instance: r_15_0.2_22.txt
obj: 3.0
bound: 2.000000000000005
gap: 0.3333333333222206
time: 0.25297999382019043
preprocess_time: 0.030649
node: 88
formulation: LEFPD