instance: r_15_0.4_45.txt
obj: 2.0
bound: 2.0
gap: 0.0
time: 0.4682948589324951
preprocess_time: 0.038113
sepa_time: 6.92111267237934e-310
node: 1
formulation: EVFP