instance: r_15_0.2_22.txt
obj: 41.0
bound: 41.0
gap: 0.0
time: 0.13057184219360352
preprocess_time: 1.646663
sepa_time: 0.0
node: 48
formulation: LEFPAD