instance: r_15_0.4_45.txt
obj: 8.0
bound: 6.108657054639627
gap: 0.2364178681670914
time: 1808.1609869003296
preprocess_time: 0.080243
node: 90886
algo: F