instance: r_15_0.2_22.txt
obj: 3.0
bound: 3.0
gap: 0.0
time: 1.7790789604187012
preprocess_time: 0.011571
node: 100
formulation: EF