instance: r_15_0.1_14.txt
obj: 4.0
bound: 3.000000000000025
gap: 0.24999999999374378
time: 0.12935709953308105
preprocess_time: 0.037153
node: 13
formulation: LEFPDB