instance: r_15_0.4_45.txt
obj: 2.0
bound: 2.0
gap: 0.0
time: 10.059891939163208
preprocess_time: 1367.502745
node: 0
formulation: EFPV2