instance: r_15_0.3_25.txt
obj: 46.0
bound: 45.0
gap: 0.021739130434782608
time: 7199.961814880371
preprocess_time: 0.040242
sepa_time: 0.0
node: 1067767
formulation: EVFP