instance: r_15_0.3_25.txt
obj: 3.0
bound: 2.0000000000000004
gap: 0.3333333333333332
time: 0.3236210346221924
preprocess_time: 0.037569
sepa_time: 3.1e-322
node: 1
formulation: LEVFP