instance: r_15_0.2_22.txt
obj: 8.0
bound: 7.000000000000001
gap: 0.12499999999843739
time: 1.8203139305114746
preprocess_time: 0.039573
node: 1461
formulation: EFPI