instance: r_15_0.2_22.txt
obj: 3.0
bound: 3.0
gap: 0.0
time: 0.07697415351867676
preprocess_time: 0.027676
sepa_time: 0.0
node: 1
formulation: EFP