instance: r_15_0.2_22.txt
obj: 3.0
bound: 3.0
gap: 0.0
time: 0.10106301307678223
preprocess_time: 0.037635
sepa_time: 6.9396287024565e-310
node: 1
formulation: EVFP