instance: r_15_0.4_45.txt
obj: 53.0
bound: 50.0
gap: 0.05660377358490566
time: 3599.951423883438
preprocess_time: 0.051694
sepa_time: 0.0
node: 825218
formulation: EFP