instance: r_15_0.1_14.txt
obj: 28.0
bound: 27.000000000000004
gap: 0.03571428571428559
time: 39.969582080841064
preprocess_time: 0.047264
sepa_time: 0.0
node: 10444
formulation: EVFP