instance: r_15_0.4_45.txt
obj: 8.0
bound: 6.297419227666129
gap: 0.21282259653907357
time: 1659.8999619483948
preprocess_time: 144.186171
node: 111134
formulation: EFPV2