instance: r_15_0.2_22.txt
obj: 3.0
bound: 3.0
gap: 0.0
time: 4.071779012680054
preprocess_time: 0.014578
sepa_time: 1.5e-323
node: 1
formulation: EF