instance: r_15_0.4_45.txt
obj: 8.0
bound: 5.816466997567243
gap: 0.27294162530068283
time: 1802.1258280277252
preprocess_time: 0.057942
node: 82677
algo: SF