instance: r_15_0.2_22.txt
obj: 30.0
bound: 29.000000000000007
gap: 0.0333333333333331
time: 76.81749391555786
preprocess_time: 0.047066
sepa_time: 0.0
node: 10548
formulation: EVFP