instance: r_15_0.4_45.txt
obj: 74.0
bound: 74.0
gap: 0.0
time: 15.516227960586548
preprocess_time: 1.316995
sepa_time: 0.0
node: 7557
formulation: LEFPAD