instance: r_15_0.2_22.txt
obj: 4.0
bound: 4.0
gap: 0.0
time: 0.03381991386413574
preprocess_time: 1.71969
sepa_time: 0.0
node: 1
formulation: LEFPAI