instance: r_15_0.2_22.txt
org_node: 15
org_edge: 22
org_min_len: 0.25355304311631366
org_avg_len: 0.5962790283562555
org_max_len: 0.9759077962648577
dtf_node: 15
dtf_edge: 22
dtf_min_len: 0.25355304311631366
dtf_avg_len: 0.5962790283562555
dtf_max_len: 0.9759077962648577
sdb_node: 15
sdb_edge: 22
sdb_min_len: 0.25355304311631366
sdb_avg_len: 0.5962790283562555
sdb_max_len: 0.9759077962648577
dlt: 1.192558056712511
algo: None