instance: r_15_0.4_45.txt
obj: 2.0
bound: 1.0000000000000002
gap: 0.4999999999999999
time: 3.711902141571045
preprocess_time: 0.038577
node: 9
formulation: LEFPD