instance: r_15_0.4_45.txt
obj: 74.0
bound: 70.0
gap: 0.05405405405405406
time: 7199.956331014633
preprocess_time: 0.04631
sepa_time: 0.0
node: 2599092
formulation: EFP