instance: r_15_0.3_25.txt
obj: 3.0
bound: 3.0
gap: 0.0
time: 1.1462152004241943
preprocess_time: 0.028812
sepa_time: 0.0
node: 41
formulation: EFP