instance: r_15_0.2_22.txt
obj: 41.0
bound: 41.0
gap: 0.0
time: 0.13749384880065918
preprocess_time: 1.296544
sepa_time: 0.0
node: 4
formulation: LEFPA