instance: r_15_0.4_45.txt
obj: 8.0
bound: 6.294317182843358
gap: 0.21321035214191517
time: 1801.0536029338837
preprocess_time: 0.137276
node: 30119
algo: EFPD