instance: r_15_0.2_22.txt
obj: 8.0
bound: 6.9999999999999885
gap: 0.12499999999843894
time: 3.4771080017089844
preprocess_time: 0.054197
node: 1136
algo: EFPD