instance: r_15_0.4_45.txt
obj: 8.0
bound: 5.8178223458458715
gap: 0.2727722067658564
time: 1800.972669839859
preprocess_time: 0.041341
node: 112209
algo: EVFPV