instance: r_15_0.4_45.txt
obj: 2.0
bound: 2.0
gap: 0.0
time: 15.414428949356079
preprocess_time: 1.22619
sepa_time: 1.3887876253125223e13
node: 115
formulation: LEFPV2