instance: r_15_0.1_14.txt
obj: 4.0
bound: 3.0000000000000004
gap: 0.2499999999999999
time: 0.03223705291748047
preprocess_time: 0.037882
sepa_time: 0.0
node: 1
formulation: LEFPV