instance: r_15_0.1_14.txt
obj: 29.0
bound: 29.0
gap: 0.0
time: 0.003103971481323242
preprocess_time: 1.32885
sepa_time: 0.0
node: 1
formulation: LEFPD