instance: r_15_0.3_25.txt
obj: 8.0
bound: 6.999999999999932
gap: 0.12499999999844605
time: 17.95296287536621
preprocess_time: 0.058602
node: 9298
formulation: EFP