instance: r_15_0.3_25.txt
obj: 8.0
bound: 6.999999999999938
gap: 0.12499999999844527
time: 17.996171951293945
preprocess_time: 1.6283
node: 4438
algo: EFPV2