instance: r_15_0.4_45.txt
obj: 2.0
bound: 1.0
gap: 0.499999999975
time: 2.1939430236816406
preprocess_time: 0.036496
node: 654
formulation: LEFPDB