instance: r_15_0.4_45.txt
obj: 74.0
bound: 74.0
gap: 0.0
time: 7.7606329917907715
preprocess_time: 0.035725
sepa_time: 0.0
node: 5809
formulation: LEVFP