instance: r_15_0.2_22.txt
obj: 3.0
bound: 1.9999999999999998
gap: 0.3333333333222223
time: 0.22431206703186035
preprocess_time: 0.037174
node: 120
formulation: LEFPI