instance: r_15_0.3_25.txt
obj: 3.0
bound: 3.0
gap: 0.0
time: 8.833982944488525
preprocess_time: 0.024941
node: 1
formulation: EF