instance: r_15_0.1_14.txt
obj: 28.0
bound: 28.0
gap: 0.0
time: 188.81165194511414
preprocess_time: 0.037661
sepa_time: 1.0
node: 18988
formulation: EF