instance: r_15_0.4_45.txt
obj: 2.0
bound: 2.0
gap: 0.0
time: 0.541309118270874
preprocess_time: 0.029372
sepa_time: 6.94648380988443e-310
node: 1
formulation: LEVFP