instance: r_15_0.2_22.txt
obj: 8.0
bound: 6.999999999999996
gap: 0.12499999999843805
time: 4.592786073684692
preprocess_time: 0.076434
node: 2001
algo: F