instance: r_15_0.2_22.txt
obj: 8.0
bound: 6.999999999999914
gap: 0.12499999999844827
time: 9.166141033172607
preprocess_time: 0.041445
node: 3280
algo: EVFP0