instance: r_15_0.4_45.txt
obj: 2.0
bound: 2.0
gap: 0.0
time: 0.6684520244598389
preprocess_time: 0.940429
sepa_time: 1.3841789974137455e13
node: 1
formulation: LEFPAV