instance: r_15_0.3_25.txt
obj: 3.0
bound: 2.0
gap: 0.3333333333222222
time: 0.13281607627868652
preprocess_time: 0.02155
node: 10
algo: EFPLg