instance: r_15_0.2_22.txt
obj: 41.0
bound: 41.0
gap: 0.0
time: 0.11595582962036133
preprocess_time: 1.222296
sepa_time: 0.0
node: 24
formulation: LEFPV2