instance: r_15_0.4_45.txt
obj: 53.0
bound: 52.00000000000001
gap: 0.018867924528301754
time: 32.057579040527344
preprocess_time: 0.057367
sepa_time: 0.0
node: 12772
formulation: LEFPV