instance: r_15_0.3_25.txt
obj: 8.0
bound: 6.999999999999905
gap: 0.12499999999844938
time: 100.69339108467102
preprocess_time: 0.04357
node: 33343
formulation: EVFP