instance: r_15_0.4_45.txt
obj: 2.0
bound: 1.0000000000000013
gap: 0.49999999999999933
time: 0.36691904067993164
preprocess_time: 0.038871
sepa_time: 0.0
node: 1
formulation: LEFPV