instance: r_15_0.4_45.txt
obj: 2.0
bound: 1.0000000000000013
gap: 0.49999999999999933
time: 0.3640930652618408
preprocess_time: 1.259538
sepa_time: 0.0
node: 1
formulation: LEFP