instance: r_15_0.4_45.txt
obj: 2.0
bound: 2.0
gap: 0.0
time: 1.4673080444335938
preprocess_time: 0.030395
sepa_time: 0.0
node: 157
formulation: EFP