instance: r_15_0.4_45.txt
obj: 2.0
bound: 2.0
gap: 0.0
time: 0.9384710788726807
preprocess_time: 1.679743
sepa_time: 1.3842230727976543e13
node: 1
formulation: LEFPAV