instance: r_15_0.3_25.txt
org_node: 15
org_edge: 25
org_min_len: 0.2628567714562633
org_avg_len: 0.6081822728286488
org_max_len: 0.9678305124544612
dtf_node: 13
dtf_edge: 23
dtf_min_len: 0.0621568221229592
dtf_avg_len: 0.661067687857227
dtf_max_len: 2.218773202861688
sdb_node: 74
sdb_edge: 84
sdb_min_len: 0.13142838572813165
sdb_avg_len: 0.1810066288180503
sdb_max_len: 0.2004177259325231
dlt: 0.20070015003345412
formulation: None