instance: r_15_0.3_25.txt
obj: 3.0
bound: 3.0
gap: 0.0
time: 1.0293691158294678
preprocess_time: 0.949822
sepa_time: 0.0
node: 17
formulation: LEFPI