instance: r_15_0.1_14.txt
obj: 8.0
bound: 8.0
gap: 0.0
time: 0.023463010787963867
preprocess_time: 0.058046
node: 1
formulation: LEFPI