instance: r_15_0.2_22.txt
obj: 8.0
bound: 6.99999999999997
gap: 0.12499999999844127
time: 0.6064019203186035
preprocess_time: 2.544657
node: 324
formulation: EFPV2