instance: r_15_0.3_25.txt
obj: 3.0
bound: 3.0
gap: 0.0
time: 0.8340530395507812
preprocess_time: 0.943561
sepa_time: 7.843826335913912e13
node: 1
formulation: LEFPAV