instance: r_15_0.1_14.txt
obj: 4.0
bound: 4.0
gap: 0.0
time: 0.012892007827758789
preprocess_time: 0.964164
sepa_time: 0.0
node: 1
formulation: LEFPV