instance: r_15_0.2_22.txt
obj: 8.0
bound: 6.999999999999994
gap: 0.12499999999843828
time: 4.1525139808654785
preprocess_time: 0.052811
node: 1288
algo: EVFPL