instance: r_15_0.2_22.txt
obj: 3.0
bound: 3.0
gap: 0.0
time: 0.11382508277893066
preprocess_time: 0.036975
node: 1
formulation: LEVFP