instance: r_15_0.1_14.txt
obj: 8.0
bound: 8.0
gap: 0.0
time: 0.0016639232635498047
preprocess_time: 0.077218
node: 0
algo: SFD