instance: r_15_0.2_22.txt
obj: 4.0
bound: 4.0
gap: 0.0
time: 0.03245997428894043
preprocess_time: 1.718397
sepa_time: 0.0
node: 1
formulation: LEFPAD