instance: r_15_0.3_25.txt
obj: 34.0
bound: 33.00000000000001
gap: 0.029411764705882144
time: 12.903952836990356
preprocess_time: 0.045409
sepa_time: 0.0
node: 15059
formulation: LEFPV