instance: r_15_0.1_14.txt
obj: 8.0
bound: 7.0
gap: 0.1249999999984375
time: 0.03103804588317871
preprocess_time: 0.056825
node: 0
algo: EFPD