instance: r_15_0.2_22.txt
obj: 0.0
bound: 0.0
gap: 0.0
time: 0.031786203384399414
preprocess_time: 0.037622
node: 0
algo: EVFP