instance: r_15_0.4_45.txt
obj: 54.0
bound: 47.0
gap: 0.12962962962962962
time: 3602.2748279571533
preprocess_time: 0.061719
sepa_time: 0.0
node: 13387
formulation: EF