instance: r_15_0.2_22.txt
obj: 41.0
bound: 41.0
gap: 0.0
time: 0.08984088897705078
preprocess_time: 1.034133
sepa_time: 0.0
node: 23
formulation: LEFPAI