instance: r_15_0.4_45.txt
obj: 74.0
bound: 73.00000000000001
gap: 0.013513513513513322
time: 8.0119788646698
preprocess_time: 0.046117
sepa_time: 0.0
node: 5345
formulation: LEFPI