instance: r_15_0.1_14.txt
obj: 28.0
bound: 27.000000000000004
gap: 0.03571428571428559
time: 39.98581290245056
preprocess_time: 0.046401
sepa_time: 3.0e-323
node: 10444
formulation: EVFP