instance: r_15_0.3_25.txt
obj: 3.0
bound: 2.0000000000000004
gap: 0.3333333333222221
time: 0.08101701736450195
preprocess_time: 0.016541
node: 0
algo: ERF