instance: r_15_0.1_14.txt
obj: 4.0
bound: 4.0
gap: 0.0
time: 0.024177074432373047
preprocess_time: 0.027129
sepa_time: 0.0
node: 1
formulation: EFP