instance: r_15_0.2_22.txt
obj: 0.0
bound: 0.0
gap: 0.0
time: 0.0687410831451416
preprocess_time: 0.056971
node: 0
algo: EVFPV