instance: r_15_0.2_22.txt
obj: 3.0
bound: 3.0
gap: 0.0
time: 0.10073089599609375
preprocess_time: 0.038755
sepa_time: 3.597e-321
node: 1
formulation: EVFP