instance: r_15_0.4_45.txt
obj: 74.0
bound: 74.0
gap: 0.0
time: 3.407528877258301
preprocess_time: 1.240455
sepa_time: 0.0
node: 3274
formulation: LEFP