instance: r_15_0.4_45.txt
obj: 8.0
bound: 6.616773687971922
gap: 0.1729032890013484
time: 1800.3878500461578
preprocess_time: 0.04204
node: 60273
algo: EDF