instance: r_15_0.2_22.txt
obj: 41.0
bound: 40.00000000000001
gap: 0.024390243902438852
time: 0.14080405235290527
preprocess_time: 0.046076
sepa_time: 0.0
node: 95
formulation: LEFPV