instance: r_15_0.2_22.txt
obj: 3.0
bound: 3.0
gap: 0.0
time: 4.2829999923706055
preprocess_time: 0.016317
sepa_time: 0.0
node: 1
formulation: EF