instance: r_15_0.2_22.txt
obj: 8.0
bound: 6.999999999999985
gap: 0.12499999999843939
time: 3.524916887283325
preprocess_time: 0.044983
node: 2110
algo: RF