instance: r_15_0.4_45.txt
obj: 8.0
bound: 6.999999999999923
gap: 0.12499999999844716
time: 1359.0346381664276
preprocess_time: 0.056417
node: 92762
formulation: LEFPD