instance: r_15_0.3_25.txt
obj: 8.0
bound: 6.999999999999978
gap: 0.12499999999844028
time: 107.67591500282288
preprocess_time: 0.078865
node: 7339
algo: EFPV