instance: r_15_0.1_14.txt
obj: 4.0
bound: 3.0
gap: 0.24999999999375
time: 0.01968693733215332
preprocess_time: 0.029168
node: 0
formulation: EFP