instance: r_15_0.2_22.txt
obj: 1.0
bound: 0.0
gap: 0.9999999999
time: 0.0628349781036377
preprocess_time: 0.023142
node: 0
algo: EVFPV