instance: r_15_0.4_45.txt
obj: 8.0
bound: 7.000000000000001
gap: 0.12499999999999989
time: 319.5592908859253
preprocess_time: 0.062938
sepa_time: 0.0
node: 26704
formulation: LEFPV2