instance: r_15_0.2_22.txt
obj: 8.0
bound: 6.999999999999979
gap: 0.12499999999844016
time: 3.8156168460845947
preprocess_time: 0.039232
node: 1094
formulation: EFP