instance: r_15_0.3_25.txt
obj: 8.0
bound: 6.999999999999972
gap: 0.12499999999844105
time: 20.991804838180542
preprocess_time: 0.042444
node: 6317
formulation: LEVFP