instance: r_15_0.1_14.txt
obj: 28.0
bound: 27.000000000000004
gap: 0.03571428571428559
time: 78.12469482421875
preprocess_time: 0.036661
sepa_time: 0.0
node: 68080
formulation: EFP