instance: r_20_0.4_69.txt
obj: 116.0
bound: 109.0
gap: 0.0603448275862069
time: 3599.93892121315
preprocess_time: 0.066127
sepa_time: 0.0
node: 102121
formulation: EVFP