instance: r_20_0.3_49.txt
obj: 11.0
bound: 10.000000000000002
gap: 0.09090909090909075
time: 646.3908281326294
preprocess_time: 0.05047
node: 83829
formulation: LEFP