instance: r_20_0.2_34.txt
obj: 61.0
bound: 61.0
gap: 0.0
time: 1.1548008918762207
preprocess_time: 1.303262
sepa_time: 0.0
node: 1471
formulation: LEFPI