instance: r_20_0.1_23.txt
obj: 5.0
bound: 4.0
gap: 0.199999999996
time: 0.09762096405029297
preprocess_time: 0.013014
node: 2
algo: EVFPV