instance: r_20_0.2_34.txt
obj: 3.0
bound: 2.0000000000000004
gap: 0.3333333333333332
time: 48.44516110420227
preprocess_time: 0.024869
node: 1
formulation: EF