instance: r_20_0.4_69.txt
obj: 2.0
bound: 2.0
gap: 0.0
time: 23.40298104286194
preprocess_time: 0.028086
node: 158
algo: ESFV