instance: r_20_0.3_49.txt
obj: 3.0
bound: 3.0
gap: 0.0
time: 712.7737669944763
preprocess_time: 0.011919
sepa_time: 4.2439915824e-314
node: 1
formulation: EF