instance: r_20_0.2_34.txt
obj: 3.0
bound: 3.0
gap: 0.0
time: 1.5302801132202148
preprocess_time: 1.279447
sepa_time: 0.0
node: 277
formulation: LEFPAD