instance: r_20_0.3_49.txt
obj: 1.0
bound: 0.0
gap: 0.9999999999
time: 0.7586660385131836
preprocess_time: 0.04225
node: 20
algo: EVFPV