instance: r_20_0.3_49.txt
obj: 2.0
bound: 2.0
gap: 0.0
time: 2.900135040283203
preprocess_time: 1.224391
sepa_time: 1.3873288091760545e13
node: 3
formulation: LEFPV