instance: r_20_0.3_49.txt
obj: 84.0
bound: 83.00000222328168
gap: 0.011904735437122818
time: 150.98015999794006
preprocess_time: 1.233981
sepa_time: 1.3842199804211977e13
node: 144205
formulation: LEFPV