instance: r_20_0.3_49.txt
obj: 2.0
bound: 2.0
gap: 0.0
time: 1.214872121810913
preprocess_time: 1.730529
sepa_time: 0.0
node: 25
formulation: LEFPAI