instance: r_20_0.4_69.txt
obj: 80.0
bound: 79.00000000000001
gap: 0.012499999999999822
time: 1597.082673072815
preprocess_time: 0.059498
sepa_time: 0.0
node: 360315
formulation: LEVFP