instance: r_20_0.4_69.txt
obj: 2.0
bound: 1.0
gap: 0.499999999975
time: 1.2228889465332031
preprocess_time: 0.012247
node: 0
algo: F0