instance: r_20_0.3_49.txt
obj: 2.0
bound: 2.0
gap: 0.0
time: 2.640573024749756
preprocess_time: 0.036523
node: 0
formulation: EFPD