instance: r_20_0.3_49.txt
obj: 11.0
bound: 8.509817104715156
gap: 0.22638026320565513
time: 1800.6549291610718
preprocess_time: 0.117544
node: 75277
algo: RF