instance: r_20_0.2_34.txt
obj: 3.0
bound: 3.0
gap: 0.0
time: 1.3767011165618896
preprocess_time: 1.287265
sepa_time: 0.0
node: 308
formulation: LEFPAI