instance: r_20_0.1_23.txt
obj: 10.0
bound: 10.0
gap: 0.0
time: 1.0277299880981445
preprocess_time: 0.03466
node: 1368
formulation: EFP