instance: r_20_0.4_69.txt
obj: 118.0
bound: 118.0
gap: 0.0
time: 307.66126704216003
preprocess_time: 1.240001
sepa_time: 0.0
node: 58850
formulation: LEFPD