instance: r_20_0.4_69.txt
obj: 12.0
bound: 7.632959662853316
gap: 0.36392002809252433
time: 1800.981368780136
preprocess_time: 0.107478
node: 43463
algo: F