instance: r_20_0.2_34.txt
obj: 11.0
bound: 9.7955012700251
gap: 0.10949988454217721
time: 1801.5463290214539
preprocess_time: 0.04344
node: 99669
algo: EFPD