instance: r_20_0.1_23.txt
obj: 44.0
bound: 44.0
gap: 0.0
time: 0.05998420715332031
preprocess_time: 0.033769
sepa_time: 4.4e-323
node: 1
formulation: LEVFP