instance: r_20_0.3_49.txt
obj: 2.0
bound: 1.0
gap: 0.499999999975
time: 1.4008400440216064
preprocess_time: 0.016309
node: 300
algo: EVFPV