instance: r_20_0.4_69.txt
obj: 2.0
bound: 1.0000000000000004
gap: 0.4999999999749998
time: 10.811399936676025
preprocess_time: 0.040586
node: 170
formulation: LEVFP