instance: r_20_0.2_34.txt
obj: 11.0
bound: 9.999999999999936
gap: 0.09090909090827028
time: 24.627809047698975
preprocess_time: 0.076712
node: 7331
algo: RF