instance: r_20_0.3_49.txt
obj: 2.0
bound: 2.0
gap: 0.0
time: 2.357512950897217
preprocess_time: 1.627296
node: 0
algo: EFPV