instance: r_20_0.4_69.txt
obj: 12.0
bound: 8.499999999999995
gap: 0.2916666666642366
time: 1566.077730178833
preprocess_time: 235.393841
node: 52114
algo: EFPV2