instance: r_20_0.1_23.txt
obj: 4.0
bound: 4.0
gap: 0.0
time: 0.3522970676422119
preprocess_time: 1.798727
sepa_time: 0.0
node: 213
formulation: LEFPAI