instance: r_20_0.3_49.txt
obj: 84.0
bound: 83.00000000000001
gap: 0.011904761904761736
time: 1986.3770771026611
preprocess_time: 0.04577
sepa_time: 0.0
node: 1304036
formulation: LEFP