instance: r_20_0.4_69.txt
obj: 13.0
bound: 7.34894979233028
gap: 0.4346961698174039
time: 1800.4347801208496
preprocess_time: 0.040856
node: 29351
algo: EVFPV