instance: r_20_0.2_34.txt
obj: 61.0
bound: 61.0
gap: 0.0
time: 0.7247869968414307
preprocess_time: 1.309033
sepa_time: 0.0
node: 1126
formulation: LEFPAI