instance: r_20_0.1_23.txt
obj: 44.0
bound: 42.0
gap: 0.045454545454545456
time: 3601.7246630191803
preprocess_time: 0.044581
sepa_time: 0.0
node: 98922
formulation: EF