instance: r_20_0.3_49.txt
obj: 11.0
bound: 8.435926712901843
gap: 0.23309757155225885
time: 1800.9133880138397
preprocess_time: 0.045032
node: 31318
algo: EFPD