instance: r_20_0.2_34.txt
obj: 62.0
bound: 60.0
gap: 0.03225806451612903
time: 3599.9498438835144
preprocess_time: 0.052741
sepa_time: 0.0
node: 470977
formulation: EVFP