instance: r_20_0.1_23.txt
obj: 10.0
bound: 8.99999999999999
gap: 0.09999999999900107
time: 0.33530616760253906
preprocess_time: 0.087989
node: 893
algo: EFPV