instance: r_20_0.3_49.txt
obj: 11.0
bound: 8.608764648271805
gap: 0.21738503197331424
time: 1800.4031670093536
preprocess_time: 0.039068
node: 44493
algo: EDF