instance: r_20_0.4_69.txt
obj: 2.0
bound: 1.0000000000000002
gap: 0.4999999999749999
time: 3.852046012878418
preprocess_time: 0.03996
node: 75
algo: F