instance: r_20_0.1_23.txt
obj: 10.0
bound: 10.0
gap: 0.0
time: 0.21916604042053223
preprocess_time: 0.04453
node: 82
formulation: LEVFP