instance: r_20_0.1_23.txt
obj: 5.0
bound: 4.0
gap: 0.199999999996
time: 0.0565340518951416
preprocess_time: 0.064625
node: 0
algo: EFPV