instance: r_20_0.4_69.txt
obj: 12.0
bound: 8.25480016891975
gap: 0.3120999859207533
time: 1800.6390161514282
preprocess_time: 0.06654
node: 35426
algo: ERF