instance: r_20_0.4_69.txt
obj: 12.0
bound: 7.9999995123904935
gap: 0.3333333739646811
time: 1801.3512511253357
preprocess_time: 0.04752
node: 45512
algo: EFP