instance: r_20_0.2_34.txt
obj: 11.0
bound: 9.99999999999994
gap: 0.09090909090826996
time: 211.35021591186523
preprocess_time: 0.047338
node: 67833
formulation: EFP