instance: r_20_0.3_49.txt
obj: 11.0
bound: 9.418183305910102
gap: 0.14380151764322893
time: 3605.014895915985
preprocess_time: 0.059618
node: 286794
formulation: EFP