instance: r_20_0.1_23.txt
obj: 4.0
bound: 4.0
gap: 0.0
time: 0.144089937210083
preprocess_time: 0.017401
node: 52
algo: RF