instance: r_20_0.1_23.txt
obj: 34.0
bound: 33.00000000000001
gap: 0.029411764705882144
time: 2659.263426065445
preprocess_time: 0.046663
sepa_time: 0.0
node: 1404200
formulation: EFP