instance: r_20_0.1_23.txt
obj: 11.0
bound: 10.0
gap: 0.09090909090826446
time: 0.1436619758605957
preprocess_time: 0.051284
node: 17
formulation: LEFPDB