instance: r_20_0.1_23.txt
obj: 4.0
bound: 3.0000000000000004
gap: 0.2499999999999999
time: 0.26098012924194336
preprocess_time: 0.03829
node: 60
formulation: LEFPI