instance: r_20_0.3_49.txt
obj: 2.0
bound: 2.0
gap: 0.0
time: 0.2583198547363281
preprocess_time: 0.969621
sepa_time: 0.0
node: 1
formulation: LEFP