instance: r_20_0.2_34.txt
obj: 11.0
bound: 9.999999999999948
gap: 0.09090909090826915
time: 122.01963901519775
preprocess_time: 0.064707
node: 21745
algo: ESF