instance: r_20_0.2_34.txt
obj: 3.0
bound: 1.9999999999999998
gap: 0.3333333333222223
time: 1.876121997833252
preprocess_time: 0.017181
node: 0
algo: EFPD