instance: r_20_0.2_34.txt
obj: 63.0
bound: 62.00000000000001
gap: 0.01587301587301576
time: 2.1130528450012207
preprocess_time: 1.239434
sepa_time: 0.0
node: 1705
formulation: LEFPD