instance: r_20_0.2_34.txt
obj: 3.0
bound: 3.0
gap: 0.0
time: 0.681351900100708
preprocess_time: 0.023584
sepa_time: 0.0
node: 112
formulation: EFP