instance: r_20_0.1_23.txt
obj: 4.0
bound: 4.0
gap: 0.0
time: 0.2669789791107178
preprocess_time: 0.037989
sepa_time: 0.0
node: 118
formulation: LEFPV2