instance: r_20_0.4_69.txt
obj: 12.0
bound: 10.0
gap: 0.16666666666666666
time: 3599.9539120197296
preprocess_time: 0.048028
sepa_time: 0.0
node: 250947
formulation: LEFPV2