instance: r_20_0.2_34.txt
obj: 62.0
bound: 60.00000000000011
gap: 0.03225806451612731
time: 7199.967186927795
preprocess_time: 0.034723
sepa_time: 0.0
node: 852065
formulation: EVFP