instance: r_20_0.2_34.txt
obj: 0.0
bound: 0.0
gap: 0.0
time: 0.08063101768493652
preprocess_time: 0.018621
node: 0
algo: EVFP0