instance: r_20_0.2_34.txt
obj: 61.0
bound: 61.0
gap: 0.0
time: 0.6990749835968018
preprocess_time: 1.295586
sepa_time: 0.0
node: 1198
formulation: LEFPA