instance: r_20_0.2_34.txt
obj: 3.0
bound: 2.0
gap: 0.3333333333222222
time: 1.812819004058838
preprocess_time: 0.035773
node: 20
formulation: EFPD