instance: r_20_0.2_34.txt
obj: 61.0
bound: 61.0
gap: 0.0
time: 1.4970901012420654
preprocess_time: 1.297049
sepa_time: 0.0
node: 977
formulation: LEFPAD