instance: r_20_0.2_34.txt
obj: 62.0
bound: 55.000000000000114
gap: 0.11290322580644978
time: 7219.241273880005
preprocess_time: 0.051733
sepa_time: 0.0
node: 43169
formulation: EF