instance: r_20_0.1_23.txt
org_node: 20
org_edge: 23
org_min_len: 0.26583821295197696
org_avg_len: 0.6013774526000782
org_max_len: 0.9478387600141464
dtf_node: 16
dtf_edge: 19
dtf_min_len: 0.11549400014632055
dtf_avg_len: 0.7279832320948317
dtf_max_len: 1.7763450786767956
sdb_node: 98
sdb_edge: 101
sdb_min_len: 0.10517476905119029
sdb_avg_len: 0.13694734069110698
sdb_max_len: 0.14985503232500366
dlt: 0.15034436315001956
formulation: None