instance: r_20_0.2_34.txt
obj: 3.0
bound: 2.0
gap: 0.3333333333222222
time: 0.5074961185455322
preprocess_time: 0.024694
node: 51
algo: EVFPL