instance: r_20_0.1_23.txt
obj: 45.0
bound: 45.0
gap: 0.0
time: 0.36152100563049316
preprocess_time: 0.044697
sepa_time: 0.0
node: 640
formulation: LEFPD