instance: r_20_0.4_69.txt
obj: 68.0
bound: 0.0
gap: 1.0
time: 3600.136447906494
preprocess_time: 0.025284
node: 1
formulation: EF