instance: r_20_0.3_49.txt
obj: 62.0
bound: 61.00000000000001
gap: 0.0161290322580644
time: 417.57247400283813
preprocess_time: 0.057643
sepa_time: 0.0
node: 73776
formulation: LEFPD