instance: r_20_0.2_34.txt
obj: 3.0
bound: 2.0000000000000004
gap: 0.3333333333222221
time: 0.2286698818206787
preprocess_time: 0.037621
node: 0
algo: SF