instance: r_20_0.1_23.txt
obj: 4.0
bound: 4.0
gap: 0.0
time: 0.3061699867248535
preprocess_time: 0.037855
node: 1
formulation: LEFP