instance: r_20_0.2_34.txt
obj: 61.0
bound: 61.0
gap: 0.0
time: 1.9112350940704346
preprocess_time: 0.03628
sepa_time: 3.8e-322
node: 1928
formulation: LEVFP