instance: r_20_0.3_49.txt
obj: 2.0
bound: 1.0
gap: 0.499999999975
time: 4.1684889793396
preprocess_time: 0.043708
node: 320
formulation: EFP