instance: r_20_0.3_49.txt
obj: 2.0
bound: 1.0000000000000004
gap: 0.4999999999999998
time: 0.4186820983886719
preprocess_time: 0.039166
sepa_time: 1.5e-323
node: 1
formulation: EVFP