instance: r_20_0.4_69.txt
obj: 12.0
bound: 9.249999999999998
gap: 0.2291666666647571
time: 3608.710222005844
preprocess_time: 0.060474
node: 297932
formulation: LEFPDB