instance: r_20_0.4_69.txt
obj: 115.0
bound: 114.00000000000001
gap: 0.00869565217391292
time: 162.4272198677063
preprocess_time: 0.953028
sepa_time: 0.0
node: 82089
formulation: LEFP