instance: r_20_0.2_34.txt
obj: 3.0
bound: 2.0
gap: 0.3333333333222222
time: 0.09984397888183594
preprocess_time: 0.020441
node: 0
algo: ERF