instance: r_20_0.1_23.txt
obj: 5.0
bound: 4.0
gap: 0.199999999996
time: 0.11098003387451172
preprocess_time: 0.018837
node: 6
algo: ESFV