instance: r_20_0.1_23.txt
obj: 10.0
bound: 9.0
gap: 0.099999999999
time: 0.7903499603271484
preprocess_time: 0.052573
node: 676
algo: EDF