instance: r_20_0.2_34.txt
obj: 3.0
bound: 2.0
gap: 0.3333333333222222
time: 1.027095079421997
preprocess_time: 0.016479
node: 20
algo: EFPD