instance: r_20_0.4_69.txt
obj: 12.0
bound: 8.242795572583459
gap: 0.31310036894876925
time: 1801.226881980896
preprocess_time: 0.074638
node: 39514
algo: ESF