instance: r_20_0.3_49.txt
org_node: 20
org_edge: 49
org_min_len: 0.2563159329488794
org_avg_len: 0.5997113277811869
org_max_len: 0.9906862647862591
dtf_node: 32
dtf_edge: 61
dtf_min_len: 0.0584113926858259
dtf_avg_len: 0.48173532887341236
dtf_max_len: 0.9906862647862591
sdb_node: 145
sdb_edge: 174
sdb_min_len: 0.1281579664744397
sdb_avg_len: 0.16888422449010435
sdb_max_len: 0.19750625067468816
dlt: 0.19790473816779167
formulation: None