instance: r_20_0.1_23.txt
obj: 10.0
bound: 9.0
gap: 0.099999999999
time: 0.3610520362854004
preprocess_time: 0.060886
node: 466
algo: EFPV