instance: r_20_0.1_23.txt
obj: 10.0
bound: 9.0
gap: 0.099999999999
time: 0.5626850128173828
preprocess_time: 0.039503
node: 1011
algo: EFPLg