instance: r_20_0.2_34.txt
obj: 11.0
bound: 9.999999999999932
gap: 0.0909090909082706
time: 395.2306809425354
preprocess_time: 0.156354
node: 24173
algo: EFPV