instance: r_20_0.2_34.txt
obj: 61.0
bound: 61.0
gap: 0.0
time: 4.657289028167725
preprocess_time: 0.045211
sepa_time: 0.0
node: 6341
formulation: LEFPV2