instance: r_20_0.4_69.txt
obj: 12.0
bound: 7.666666180372236
gap: 0.3611111516326378
time: 1803.2755961418152
preprocess_time: 0.08029
node: 42720
algo: SF