instance: r_20_0.2_34.txt
obj: 3.0
bound: 2.0
gap: 0.3333333333222222
time: 1.5676732063293457
preprocess_time: 58.075501
node: 12
algo: EFPV2