instance: r_20_0.2_34.txt
obj: 62.0
bound: 55.00000000000006
gap: 0.1129032258064507
time: 7219.037710189819
preprocess_time: 0.051753
sepa_time: 0.0
node: 41344
formulation: EF