instance: r_20_0.3_49.txt
obj: 3.0
bound: 3.0
gap: 0.0
time: 683.7861428260803
preprocess_time: 0.012891
sepa_time: 0.0
node: 1
formulation: EF