instance: r_20_0.3_49.txt
obj: 2.0
bound: 2.0
gap: 0.0
time: 1.3533761501312256
preprocess_time: 1.677567
sepa_time: 0.0
node: 74
formulation: LEFPA