instance: r_20_0.3_49.txt
obj: 2.0
bound: 0.9999999999999998
gap: 0.4999999999750001
time: 0.540107011795044
preprocess_time: 0.033495
node: 0
formulation: LEFPI