instance: r_20_0.4_69.txt
obj: 115.0
bound: 114.0
gap: 0.008695652173913044
time: 3599.9560260772705
preprocess_time: 0.045107
sepa_time: 0.0
node: 1296632
formulation: LEFPV2