instance: r_20_0.1_23.txt
obj: 4.0
bound: 3.0
gap: 0.24999999999375
time: 2.5628440380096436
preprocess_time: 0.007732
node: 210
algo: EF