instance: r_20_0.1_23.txt
obj: 35.0
bound: 35.0
gap: 0.0
time: 0.7628920078277588
preprocess_time: 0.045031
sepa_time: 0.0
node: 1515
formulation: LEFPD