instance: r_20_0.1_23.txt
obj: 44.0
bound: 44.0
gap: 0.0
time: 0.062001943588256836
preprocess_time: 1.222779
sepa_time: 0.0
node: 1
formulation: LEFP