instance: r_20_0.3_49.txt
obj: 11.0
bound: 9.419799580133839
gap: 0.1436545836228905
time: 3605.296557188034
preprocess_time: 0.059655
node: 287453
formulation: LEFP