instance: r_20_0.3_49.txt
obj: 11.0
bound: 9.484082644430664
gap: 0.13781066868686861
time: 1801.5719680786133
preprocess_time: 0.043469
node: 97755
algo: ESF