instance: r_20_0.4_69.txt
obj: 115.0
bound: 115.0
gap: 0.0
time: 168.8600959777832
preprocess_time: 1.040759
sepa_time: 0.0
node: 103415
formulation: LEFPA