instance: r_20_0.3_49.txt
obj: 10.999999053803503
bound: 7.8864032960732
gap: 0.2830541841388068
time: 1903.6517751216888
preprocess_time: 0.346707
node: 22147
algo: EFPV