instance: r_20_0.3_49.txt
obj: 2.0
bound: 0.9999999999999997
gap: 0.4999999999750002
time: 2.5911757946014404
preprocess_time: 0.045833
node: 308
formulation: LEFP