instance: r_20_0.1_23.txt
obj: 5.0
bound: 4.0
gap: 0.199999999996
time: 0.050373077392578125
preprocess_time: 0.017752
node: 0
algo: ERF