instance: r_20_0.3_49.txt
obj: 60.0
bound: 58.0
gap: 0.03333333333333333
time: 3599.9503638744354
preprocess_time: 0.052845
sepa_time: -6.429544178200115e-166
node: 185112
formulation: EVFP