instance: r_20_0.2_34.txt
obj: 11.0
bound: 9.999999999999906
gap: 0.09090909090827302
time: 565.9982070922852
preprocess_time: 0.053996
node: 84631
formulation: LEVFP