instance: r_20_0.4_69.txt
obj: 116.0
bound: 106.0
gap: 0.08620689655172414
time: 7199.962239027023
preprocess_time: 0.040361
sepa_time: 0.0
node: 2620446
formulation: EFP