instance: r_20_0.3_49.txt
obj: 3.0
bound: 3.0
gap: 0.0
time: 738.7522070407867
preprocess_time: 0.014966
sepa_time: 0.0
node: 1
formulation: EF