instance: r_20_0.4_69.txt
obj: 2.0
bound: 1.0
gap: 0.499999999975
time: 1.5002648830413818
preprocess_time: 0.033558
node: 0
algo: EFP