instance: r_20_0.3_49.txt
obj: 2.0
bound: 2.0
gap: 0.0
time: 2.8152430057525635
preprocess_time: 2.411495
node: 0
formulation: EFPV