instance: r_20_0.3_49.txt
obj: 11.0
bound: 9.165082783060189
gap: 0.1668106560839209
time: 1800.73592710495
preprocess_time: 0.039696
node: 88635
algo: EFPLg