instance: r_20_0.1_23.txt
obj: 44.0
bound: 43.000000000000014
gap: 0.022727272727272405
time: 131.82603311538696
preprocess_time: 0.048119
sepa_time: 6.93175553871665e-310
node: 11136
formulation: EVFP