instance: r_20_0.2_34.txt
obj: 12.0
bound: 12.0
gap: 0.0
time: 0.02179408073425293
preprocess_time: 0.090817
node: 0
algo: SFD