instance: r_20_0.4_69.txt
obj: 12.0
bound: 7.4158499904819815
gap: 0.3820125007899848
time: 1801.3949658870697
preprocess_time: 0.070428
node: 90402
algo: RF