instance: r_20_0.2_34.txt
obj: 11.0
bound: 8.428571428571427
gap: 0.23376623376410877
time: 1801.3215029239655
preprocess_time: 0.049758
node: 14838
algo: EF