instance: r_20_0.2_34.txt
obj: 3.0
bound: 3.0
gap: 0.0
time: 1.5572459697723389
preprocess_time: 1.716134
sepa_time: 0.0
node: 277
formulation: LEFPAD