instance: r_20_0.1_23.txt
obj: 0.0
bound: 0.0
gap: 0.0
time: 0.030415058135986328
preprocess_time: 0.019927
node: 0
algo: EVFP0