instance: r_20_0.1_23.txt
obj: 10.0
bound: 8.999999999999998
gap: 0.09999999999900018
time: 0.22071385383605957
preprocess_time: 0.046107
node: 111
algo: EVFPL