instance: r_20_0.3_49.txt
obj: 2.0
bound: 0.9999999999999997
gap: 0.4999999999750002
time: 2.5340120792388916
preprocess_time: 0.038541
node: 308
formulation: EFP