instance: r_20_0.1_23.txt
obj: 4.0
bound: 4.0
gap: 0.0
time: 0.0964670181274414
preprocess_time: 0.012126
node: 52
algo: RF