instance: r_20_0.2_34.txt
obj: 11.0
bound: 9.999999999999913
gap: 0.09090909090827237
time: 133.61889696121216
preprocess_time: 0.040922
node: 22544
algo: EVFPV