instance: r_20_0.4_69.txt
obj: 3.0
bound: 1.9999999999999991
gap: 0.33333333332222254
time: 3486.6624681949615
preprocess_time: 0.025407
node: 50
formulation: EF