instance: r_20_0.1_23.txt
obj: 5.0
bound: 4.0
gap: 0.199999999996
time: 0.04961895942687988
preprocess_time: 0.075466
node: 0
algo: EFPV