instance: r_20_0.2_34.txt
obj: 3.0
bound: 3.0
gap: 0.0
time: 1.0201220512390137
preprocess_time: 0.963921
sepa_time: 0.0
node: 124
formulation: LEFPAD