instance: r_20_0.1_23.txt
obj: 4.0
bound: 4.0
gap: 0.0
time: 0.3465418815612793
preprocess_time: 0.037087
sepa_time: 0.0
node: 138
formulation: LEFPD