instance: r_20_0.4_69.txt
obj: 12.0
bound: 7.476164008241015
gap: 0.37698633264344056
time: 1800.516704082489
preprocess_time: 0.051381
node: 44346
algo: EVFPL