instance: r_20_0.1_23.txt
obj: 5.0
bound: 4.0
gap: 0.199999999996
time: 0.0381169319152832
preprocess_time: 0.714534
node: 0
formulation: EFPV2