instance: r_20_0.1_23.txt
obj: 19.0
bound: 19.0
gap: 0.0
time: 0.001867055892944336
preprocess_time: 1.35321
sepa_time: 0.0
node: 0
formulation: LEFPAI