instance: r_20_0.3_49.txt
obj: 11.0
bound: 8.812499999999998
gap: 0.19886363636182866
time: 1687.8304240703583
preprocess_time: 116.540704
node: 116756
formulation: EFPV2