instance: r_20_0.2_34.txt
obj: 3.0
bound: 2.000000000000001
gap: 0.33333333333333304
time: 0.8343589305877686
preprocess_time: 0.038488
sepa_time: 0.0
node: 64
formulation: EFP