instance: r_20_0.4_69.txt
obj: 12.0
bound: 8.083689522206862
gap: 0.3263592064800418
time: 1802.165177822113
preprocess_time: 0.054642
node: 48576
formulation: EFP