instance: r_20_0.4_69.txt
obj: 17.0
bound: 8.00030163927749
gap: 0.5293940212158571
time: 1801.5753099918365
preprocess_time: 0.037017
node: 0
formulation: EF