instance: r_20_0.3_49.txt
obj: 2.0
bound: 2.0
gap: 0.0
time: 1.2073218822479248
preprocess_time: 0.03031
node: 1
formulation: LEVFP