instance: r_20_0.3_49.txt
obj: 84.0
bound: 83.00000000000001
gap: 0.011904761904761736
time: 53.823907136917114
preprocess_time: 1.294483
sepa_time: 0.0
node: 42317
formulation: LEFP