instance: r_20_0.1_23.txt
obj: 4.0
bound: 4.0
gap: 0.0
time: 0.38557910919189453
preprocess_time: 0.037888
sepa_time: 0.0
node: 355
formulation: LEFPI