instance: r_20_0.2_34.txt
obj: 11.0
bound: 10.000000000000007
gap: 0.09090909090909026
time: 3.647036075592041
preprocess_time: 0.057595
node: 714
formulation: LEFPD