instance: r_20_0.2_34.txt
obj: 11.0
bound: 9.999999999999968
gap: 0.09090909090826738
time: 159.10476899147034
preprocess_time: 0.079092
node: 25287
algo: SF