instance: r_20_0.3_49.txt
obj: 11.0
bound: 9.026758146229678
gap: 0.17938562306839848
time: 1800.4076189994812
preprocess_time: 0.057557
node: 81403
algo: EVFPV