instance: r_20_0.4_69.txt
obj: 18.0
bound: 7.0
gap: 0.6111111111077161
time: 1850.3572940826416
preprocess_time: 1.683285
node: 0
algo: EFPV