instance: r_20_0.3_49.txt
org_node: 20
org_edge: 49
org_min_len: 0.2563159329488794
org_avg_len: 0.5997113277811869
org_max_len: 0.9906862647862591
dtf_node: 26
dtf_edge: 55
dtf_min_len: 0.10638825093141463
dtf_avg_len: 0.534288273841421
dtf_max_len: 0.9906862647862591
sdb_node: 189
sdb_edge: 218
sdb_min_len: 0.10250441677536877
sdb_avg_len: 0.13479750028109252
sdb_max_len: 0.14888675952224217
dlt: 0.1499278319452967
formulation: None