instance: r_20_0.3_49.txt
obj: 11.0
bound: 8.485106407859597
gap: 0.22862669019250367
time: 1801.127517938614
preprocess_time: 0.065393
node: 76835
algo: EVFP