instance: r_20_0.3_49.txt
obj: 11.0
bound: 9.04108415133115
gap: 0.1780832589682765
time: 1801.8970940113068
preprocess_time: 0.76148
node: 91199
formulation: EFPV