instance: r_20_0.4_69.txt
obj: 1.0
bound: 0.0
gap: 0.9999999999
time: 0.7507607936859131
preprocess_time: 0.044009
node: 0
algo: EVFPV