instance: r_20_0.3_49.txt
obj: 11.0
bound: 10.000000000000002
gap: 0.09090909090909075
time: 808.29114985466
preprocess_time: 0.051998
node: 131869
formulation: LEFPI