instance: r_20_0.2_34.txt
obj: 11.0
bound: 9.999999999999904
gap: 0.09090909090827318
time: 229.39928197860718
preprocess_time: 3.806366
node: 64427
algo: EFPV2