instance: r_20_0.4_69.txt
obj: 116.0
bound: 105.00002627687572
gap: 0.0948273596821059
time: 3599.9378910064697
preprocess_time: 0.066984
sepa_time: 0.0
node: 1265263
formulation: EFP