instance: r_20_0.1_23.txt
obj: 4.0
bound: 4.0
gap: 0.0
time: 0.7398178577423096
preprocess_time: 1.604312
sepa_time: 1.3839561654910145e13
node: 4
formulation: LEFPAV