instance: r_20_0.2_34.txt
obj: 3.0
bound: 2.0
gap: 0.3333333333222222
time: 0.20125102996826172
preprocess_time: 0.015457
node: 15
algo: EFPLg