instance: r_20_0.2_34.txt
obj: 62.0
bound: 55.00000000000002
gap: 0.11290322580645126
time: 3601.9353370666504
preprocess_time: 0.052156
sepa_time: 0.0
node: 21488
formulation: EF