instance: r_20_0.3_49.txt
obj: 11.0
bound: 8.506392848889675
gap: 0.2266915591897869
time: 1801.5909161567688
preprocess_time: 0.126012
node: 79596
algo: F