instance: r_20_0.3_49.txt
obj: 11.0
bound: 8.969917250739812
gap: 0.1845529772037939
time: 3602.651349067688
preprocess_time: 0.046432
node: 128364
formulation: LEVFP