instance: r_20_0.2_34.txt
obj: 3.0
bound: 1.9999999999999998
gap: 0.3333333333222223
time: 0.16914105415344238
preprocess_time: 0.024288
node: 0
algo: ESF