instance: r_20_0.3_49.txt
obj: 2.0
bound: 2.0
gap: 0.0
time: 1.4423749446868896
preprocess_time: 0.028523
sepa_time: 7.4e-323
node: 1
formulation: LEVFP