instance: r_20_0.3_49.txt
obj: 2.0
bound: 2.0
gap: 0.0
time: 2.477477788925171
preprocess_time: 0.024276
node: 0
algo: EFPD