instance: r_20_0.4_69.txt
obj: 2.0
bound: 1.0000000000000004
gap: 0.4999999999749998
time: 4.239917993545532
preprocess_time: 0.015781
node: 180
algo: EVFPV