instance: r_20_0.2_34.txt
obj: 61.0
bound: 61.0
gap: 0.0
time: 1.6443228721618652
preprocess_time: 1.235879
sepa_time: 2.306567003690401e13
node: 1585
formulation: LEFPV