instance: r_20_0.2_34.txt
obj: 44.0
bound: 42.0
gap: 0.045454545454545456
time: 3602.9250860214233
preprocess_time: 0.056775
sepa_time: 0.0
node: 43346
formulation: EF