instance: r_20_0.1_23.txt
obj: 44.0
bound: 43.000000000000014
gap: 0.022727272727272405
time: 131.80874800682068
preprocess_time: 0.05082
sepa_time: 0.0
node: 11136
formulation: EVFP