instance: r_20_0.3_49.txt
obj: 12.0
bound: 8.000000000000064
gap: 0.3333333333305502
time: 3606.200082063675
preprocess_time: 0.046037
node: 8902
formulation: EF