instance: r_20_0.4_69.txt
obj: 2.0
bound: 2.0
gap: 0.0
time: 4.3361170291900635
preprocess_time: 1.221933
sepa_time: 1.3870654026973084e13
node: 1
formulation: LEFPV