instance: r_20_0.1_23.txt
obj: 10.0
bound: 10.0
gap: 0.0
time: 0.18801593780517578
preprocess_time: 0.056367
node: 1
formulation: LEVFP