instance: r_20_0.1_23.txt
obj: 44.0
bound: 42.0
gap: 0.045454545454545456
time: 7199.971384048462
preprocess_time: 0.030015
sepa_time: 0.0
node: 3622481
formulation: EFP