instance: r_20_0.3_49.txt
obj: 2.0
bound: 1.0
gap: 0.499999999975
time: 1.0528228282928467
preprocess_time: 0.038769
node: 20
algo: RF