instance: r_20_0.2_34.txt
obj: 3.0
bound: 2.0000000000000004
gap: 0.3333333333333332
time: 1.170501947402954
preprocess_time: 0.041941
node: 169
formulation: LEFPI