instance: r_20_0.1_23.txt
obj: 10.0
bound: 9.0
gap: 0.099999999999
time: 0.8152110576629639
preprocess_time: 0.498451
node: 1049
formulation: EFPV2