instance: r_20_0.2_34.txt
org_node: 20
org_edge: 34
org_min_len: 0.27087560603331007
org_avg_len: 0.6142704165081561
org_max_len: 0.9824660469310703
dtf_node: 22
dtf_edge: 36
dtf_min_len: 0.11730815547387519
dtf_avg_len: 0.5801442822577029
dtf_max_len: 1.671255587357936
sdb_node: 139
sdb_edge: 153
sdb_min_len: 0.10747934544502763
sdb_avg_len: 0.1365045370018125
sdb_max_len: 0.15193232612344873
dlt: 0.15356760412703901
formulation: None