instance: r_20_0.1_23.txt
obj: 44.0
bound: 42.0
gap: 0.045454545454545456
time: 3601.706279039383
preprocess_time: 0.056258
sepa_time: -1.0
node: 106211
formulation: EF