instance: r_20_0.4_69.txt
obj: 115.0
bound: 115.0
gap: 0.0
time: 182.8596920967102
preprocess_time: 1.224793
sepa_time: 0.0
node: 111186
formulation: LEFP