instance: r_20_0.4_69.txt
obj: 12.0
bound: 7.414957556296985
gap: 0.38208687030540056
time: 1800.7094480991364
preprocess_time: 0.069389
node: 39139
algo: EFP0