instance: r_20_0.1_23.txt
obj: 44.0
bound: 44.0
gap: 0.0
time: 0.0910499095916748
preprocess_time: 1.338766
sepa_time: 0.0
node: 116
formulation: LEFP