instance: r_20_0.4_69.txt
obj: 9.0
bound: 1.9855072463768122
gap: 0.7793880837272499
time: 1801.4502239227295
preprocess_time: 0.022136
node: 1
formulation: EF