instance: r_20_0.1_23.txt
obj: 44.0
bound: 44.0
gap: 0.0
time: 1.2483470439910889
preprocess_time: 1.281153
sepa_time: 3.7174286220105195e13
node: 50
formulation: LEFPV2