instance: r_20_0.4_69.txt
obj: 12.0
bound: 8.690193260975459
gap: 0.27581722824974664
time: 1800.8701620101929
preprocess_time: 0.054847
node: 25618
formulation: EFPD