instance: r_20_0.4_69.txt
obj: 2.0
bound: 1.0
gap: 0.499999999975
time: 13.530951976776123
preprocess_time: 0.042443
node: 20
formulation: EFPD