instance: r_20_0.1_23.txt
obj: 4.0
bound: 4.0
gap: 0.0
time: 0.2693510055541992
preprocess_time: 0.03826
sepa_time: 0.0
node: 118
formulation: EFP