instance: r_20_0.4_69.txt
obj: 12.0
bound: 8.375
gap: 0.302083333330816
time: 1025.9295349121094
preprocess_time: 775.315206
node: 29878
formulation: EFPV2