instance: r_20_0.2_34.txt
obj: 3.0
bound: 1.9999999999999996
gap: 0.33333333332222237
time: 19.083420991897583
preprocess_time: 0.019637
node: 15
formulation: EF