instance: r_20_0.2_34.txt
obj: 29.0
bound: 29.0
gap: 0.0
time: 0.012907981872558594
preprocess_time: 1.739856
sepa_time: 0.0
node: 1
formulation: LEFPAD