instance: r_20_0.1_23.txt
obj: 44.0
bound: 42.0
gap: 0.045454545454545456
time: 3599.9507949352264
preprocess_time: 0.050891
sepa_time: 0.0
node: 1810364
formulation: EFP