instance: r_20_0.2_34.txt
obj: 61.0
bound: 61.0
gap: 0.0
time: 1.923872947692871
preprocess_time: 0.035546
sepa_time: 1.5e-323
node: 1928
formulation: LEVFP