instance: r_20_0.1_23.txt
obj: 44.0
bound: 44.0
gap: 0.0
time: 0.09442996978759766
preprocess_time: 1.64218
sepa_time: 0.0
node: 25
formulation: LEFPAD