instance: r_20_0.3_49.txt
obj: 84.0
bound: 76.0
gap: 0.09523809523809523
time: 3599.7125771045685
preprocess_time: 0.291159
sepa_time: 0.0
node: 1817857
formulation: EFP