instance: r_20_0.1_23.txt
obj: 10.0
bound: 9.0
gap: 0.099999999999
time: 1.0635697841644287
preprocess_time: 0.064592
node: 1015
algo: ERF