instance: r_20_0.3_49.txt
obj: 2.0
bound: 1.0000000000000002
gap: 0.4999999999749999
time: 1.847776174545288
preprocess_time: 0.033028
node: 111
formulation: LEVFP