instance: r_20_0.2_34.txt
obj: 3.0
bound: 2.000000000000001
gap: 0.33333333333333304
time: 1.0734479427337646
preprocess_time: 0.037505
sepa_time: 6.94974319560183e-310
node: 68
formulation: EVFP