instance: r_20_0.3_49.txt
obj: 11.0
bound: 8.999999999999998
gap: 0.1818181818165291
time: 1801.9425859451294
preprocess_time: 0.072976
node: 62888
formulation: EFP