instance: r_20_0.1_23.txt
obj: 4.0
bound: 4.0
gap: 0.0
time: 6.843703985214233
preprocess_time: 0.014914
sepa_time: 0.0
node: 1
formulation: EF