instance: r_20_0.2_34.txt
obj: 44.0
bound: 43.00000000000001
gap: 0.022727272727272565
time: 203.07666516304016
preprocess_time: 0.049847
sepa_time: 3.5e-322
node: 10846
formulation: EVFP