instance: r_20_0.1_23.txt
obj: 10.0
bound: 8.999999999999998
gap: 0.09999999999900018
time: 0.2536649703979492
preprocess_time: 0.047204
node: 111
formulation: LEVFP