instance: r_20_0.2_34.txt
obj: 12.0
bound: 11.0
gap: 0.08333333333263888
time: 1.8594980239868164
preprocess_time: 0.045902
node: 505
formulation: LEFPI