instance: r_20_0.4_69.txt
obj: 2.0
bound: 0.9999999999999967
gap: 0.49999999997500166
time: 2.245206832885742
preprocess_time: 0.015568
node: 100
algo: RF