instance: r_20_0.4_69.txt
obj: 13.0
bound: 6.872791225067607
gap: 0.47132375191425085
time: 1801.9718608856201
preprocess_time: 0.085321
node: 61467
algo: RF