instance: r_20_0.2_34.txt
obj: 11.0
bound: 9.999999999999904
gap: 0.09090909090827318
time: 336.84875202178955
preprocess_time: 0.089356
node: 74634
algo: F0