instance: r_20_0.4_69.txt
obj: 117.0
bound: 106.0
gap: 0.09401709401709402
time: 7199.947525978088
preprocess_time: 0.05663
sepa_time: 0.0
node: 2924608
formulation: EFP