instance: r_20_0.2_34.txt
obj: 11.0
bound: 9.999999999999917
gap: 0.09090909090827205
time: 292.0205671787262
preprocess_time: 7.207162
node: 19915
algo: EFPV2