instance: r_20_0.1_23.txt
obj: 34.0
bound: 34.0
gap: 0.0
time: 0.3027639389038086
preprocess_time: 0.045099
sepa_time: 0.0
node: 734
formulation: LEFPV2