instance: r_20_0.3_49.txt
obj: 10.99999949017279
bound: 9.269064281407625
gap: 0.15735775354315404
time: 1801.2778418064117
preprocess_time: 0.050014
node: 35117
formulation: EFPD