instance: r_20_0.2_34.txt
obj: 11.0
bound: 9.999999999999932
gap: 0.0909090909082706
time: 129.07700514793396
preprocess_time: 0.04593
node: 32387
formulation: LEVFP