instance: r_20_0.2_34.txt
obj: 3.0
bound: 1.9999999999999991
gap: 0.33333333332222254
time: 1.2389600276947021
preprocess_time: 0.030745
node: 483
formulation: LEFPI