instance: r_20_0.2_34.txt
obj: 3.0
bound: 2.0
gap: 0.3333333333222222
time: 0.26432204246520996
preprocess_time: 0.038831
node: 20
algo: RF