instance: r_20_0.2_34.txt
obj: 11.0
bound: 9.999999999999904
gap: 0.09090909090827318
time: 175.45270109176636
preprocess_time: 7.095376
node: 64427
algo: EFPV2