instance: r_20_0.4_69.txt
obj: 2.0
bound: 0.9999999999999967
gap: 0.49999999997500166
time: 2.4684548377990723
preprocess_time: 0.040895
node: 100
algo: RF