instance: r_20_0.4_69.txt
obj: 2.0
bound: 2.0
gap: 0.0
time: 0.8047139644622803
preprocess_time: 0.030771
sepa_time: 6.9377998803771e-310
node: 1
formulation: EVFP