instance: r_20_0.3_49.txt
obj: 2.0
bound: 2.0
gap: 0.0
time: 1.2146179676055908
preprocess_time: 1.700071
sepa_time: 0.0
node: 25
formulation: LEFPAI