instance: r_20_0.2_34.txt
obj: 29.0
bound: 29.0
gap: 0.0
time: 0.002444028854370117
preprocess_time: 1.795066
sepa_time: 0.0
node: 0
formulation: LEFPA