instance: r_20_0.4_69.txt
obj: 15.0
bound: 14.0
gap: 0.06666666666622222
time: 0.061524152755737305
preprocess_time: 0.108733
node: 0
algo: SFD