instance: r_20_0.4_69.txt
obj: 12.0
bound: 8.375
gap: 0.302083333330816
time: 1284.2422878742218
preprocess_time: 516.981886
node: 36251
algo: EFPV2