instance: r_20_0.1_23.txt
obj: 44.0
bound: 44.0
gap: 0.0
time: 0.48020100593566895
preprocess_time: 0.944674
sepa_time: 1.38516523271506e13
node: 1
formulation: LEFPAV