instance: r_20_0.3_49.txt
obj: 11.0
bound: 9.21050984508729
gap: 0.16268092317240374
time: 1801.5639989376068
preprocess_time: 0.072839
node: 112299
algo: ERF