instance: r_20_0.3_49.txt
obj: 11.0
bound: 10.0
gap: 0.09090909090909091
time: 3599.9419901371
preprocess_time: 0.060385
node: 167803
formulation: LEFPD