instance: r_20_0.3_49.txt
obj: 85.0
bound: 85.0
gap: 0.0
time: 106.27864193916321
preprocess_time: 1.362015
sepa_time: 0.0
node: 17910
formulation: LEFPD