instance: r_20_0.2_34.txt
obj: 62.0
bound: 60.0
gap: 0.03225806451612903
time: 3599.9524569511414
preprocess_time: 0.050063
sepa_time: 0.0
node: 471845
formulation: EVFP