instance: r_20_0.3_49.txt
obj: 11.0
bound: 9.285397629552762
gap: 0.15587294276651373
time: 3605.845442056656
preprocess_time: 0.068483
node: 306958
formulation: LEFPI