instance: r_20_0.1_23.txt
obj: 5.0
bound: 3.999999999999999
gap: 0.19999999999600018
time: 0.06599211692810059
preprocess_time: 0.01748
node: 0
algo: ESF