instance: r_20_0.3_49.txt
obj: 11.0
bound: 10.000000000000002
gap: 0.09090909090909075
time: 3216.7880008220673
preprocess_time: 0.04887
node: 25232
formulation: EF