instance: r_20_0.1_23.txt
obj: 44.0
bound: 44.0
gap: 0.0
time: 2862.468403816223
preprocess_time: 0.037497
sepa_time: 0.0
node: 1749118
formulation: EFP