instance: r_20_0.1_23.txt
obj: 44.0
bound: 43.0
gap: 0.022727272727272728
time: 3599.9533789157867
preprocess_time: 0.048031
sepa_time: 0.0
node: 1566453
formulation: EFP