instance: r_20_0.3_49.txt
obj: 84.0
bound: 84.0
gap: 0.0
time: 113.75889301300049
preprocess_time: 1.303773
sepa_time: 0.0
node: 71184
formulation: LEFPA