instance: r_20_0.2_34.txt
obj: 11.0
bound: 8.999999999999929
gap: 0.1818181818165354
time: 3605.1085381507874
preprocess_time: 0.037261
node: 35481
formulation: EF