instance: r_20_0.2_34.txt
obj: 11.0
bound: 9.99999999999994
gap: 0.09090909090826996
time: 209.728502035141
preprocess_time: 0.053355
node: 24995
algo: SF