instance: r_20_0.1_23.txt
obj: 10.0
bound: 10.0
gap: 0.0
time: 1.0197629928588867
preprocess_time: 0.054142
node: 1310
algo: EFPD