instance: r_20_0.3_49.txt
obj: 11.0
bound: 9.000000000000247
gap: 0.18181818181650647
time: 1755.564157962799
preprocess_time: 48.21543
node: 154950
algo: EFPV2