instance: r_20_0.4_69.txt
obj: 118.0
bound: 118.0
gap: 0.0
time: 309.09972500801086
preprocess_time: 1.238435
sepa_time: 0.0
node: 58850
formulation: LEFPD