instance: r_20_0.4_69.txt
obj: 2.0
bound: 2.0
gap: 0.0
time: 4.168567895889282
preprocess_time: 4.274454
node: 0
algo: EFPV