instance: r_20_0.1_23.txt
obj: 4.0
bound: 2.999999999999999
gap: 0.24999999999375022
time: 0.29837799072265625
preprocess_time: 0.026915
node: 59
formulation: LEFPD