instance: r_20_0.2_34.txt
obj: 3.0
bound: 1.999999999999999
gap: 0.3333333333222226
time: 1.0742688179016113
preprocess_time: 0.029988
node: 156
formulation: LEFPDB