instance: r_20_0.2_34.txt
obj: 3.0
bound: 1.9999999999999993
gap: 0.3333333333222224
time: 0.482435941696167
preprocess_time: 0.024883
node: 0
algo: EVFP