instance: r_20_0.2_34.txt
obj: 11.00000000000017
bound: 11.00000000000017
gap: 0.0
time: 2.148015022277832
preprocess_time: 0.044383
node: 979
formulation: LEFPD