instance: r_20_0.4_69.txt
obj: 2.0
bound: 1.0000000000000002
gap: 0.4999999999999999
time: 4.849844932556152
preprocess_time: 0.039572
node: 109
formulation: LEFPD