instance: r_20_0.4_69.txt
obj: 2.0
bound: 1.0
gap: 0.499999999975
time: 3.872704029083252
preprocess_time: 0.040056
node: 80
formulation: EFPI