instance: r_20_0.2_34.txt
obj: 61.0
bound: 61.0
gap: 0.0
time: 0.4084889888763428
preprocess_time: 1.628299
sepa_time: 0.0
node: 555
formulation: LEFPA