instance: r_20_0.4_69.txt
obj: 115.0
bound: 114.00000000000001
gap: 0.00869565217391292
time: 173.42523217201233
preprocess_time: 1.346127
sepa_time: 0.0
node: 82089
formulation: LEFP