instance: r_20_0.1_23.txt
obj: 10.0
bound: 10.0
gap: 0.0
time: 1.5456819534301758
preprocess_time: 0.03275
node: 1310
formulation: EFPD