instance: r_20_0.3_49.txt
obj: 43.0
bound: 43.0
gap: 0.0
time: 0.007588863372802734
preprocess_time: 1.791992
sepa_time: 0.0
node: 1
formulation: LEFPA