instance: r_20_0.4_69.txt
obj: 12.0
bound: 8.690193260975459
gap: 0.27581722824974664
time: 1800.915755033493
preprocess_time: 0.060573
node: 30148
algo: EFPD