instance: r_20_0.2_34.txt
obj: 11.0000007291226
bound: 10.55670050203978
gap: 0.04030001797228517
time: 0.6238927841186523
preprocess_time: 0.059398
node: 40
formulation: LEFPDB