instance: r_20_0.1_23.txt
obj: 0.0
bound: 0.0
gap: 0.0
time: 0.029229164123535156
preprocess_time: 0.020456
node: 0
algo: EVFP