instance: r_20_0.1_23.txt
obj: 44.0
bound: 44.0
gap: 0.0
time: 0.06003999710083008
preprocess_time: 0.044204
sepa_time: 5.0e-324
node: 1
formulation: LEVFP