instance: r_20_0.3_49.txt
obj: 0.0
bound: 0.0
gap: 0.0
time: 0.2904820442199707
preprocess_time: 0.020671
node: 0
algo: EVFP0