instance: r_20_0.3_49.txt
obj: 11.0
bound: 8.99999999999999
gap: 0.1818181818165299
time: 1801.8219769001007
preprocess_time: 0.035906
node: 61734
formulation: EFPI