instance: r_20_0.4_69.txt
obj: 66.0
bound: 66.0
gap: 0.0
time: 0.006000041961669922
preprocess_time: 1.346136
sepa_time: 0.0
node: 1
formulation: LEFPAV