instance: r_20_0.1_23.txt
obj: 10.0
bound: 10.0
gap: 0.0
time: 0.9364311695098877
preprocess_time: 0.060742
node: 1409
formulation: LEFPI