instance: r_20_0.1_23.txt
obj: 10.0
bound: 8.999999999999998
gap: 0.09999999999900018
time: 0.5536229610443115
preprocess_time: 0.038054
node: 1373
algo: ERF