instance: r_20_0.4_69.txt
obj: 12.0
bound: 7.492487215665209
gap: 0.3756260653581024
time: 1801.1119799613953
preprocess_time: 0.089583
node: 46581
algo: RF