instance: r_20_0.3_49.txt
obj: 2.0
bound: 1.0
gap: 0.499999999975
time: 1.3599889278411865
preprocess_time: 0.018226
node: 250
algo: ERF