instance: r_20_0.4_69.txt
obj: 12.0
bound: 8.101571720479646
gap: 0.32486902329065565
time: 1801.037220954895
preprocess_time: 0.039635
node: 51673
algo: ERF