instance: r_20_0.1_23.txt
obj: 10.0
bound: 9.0
gap: 0.099999999999
time: 0.8087468147277832
preprocess_time: 0.055969
node: 494
algo: EFP0