instance: r_20_0.3_49.txt
obj: 2.0
bound: 2.0
gap: 0.0
time: 1.441823959350586
preprocess_time: 0.028331
sepa_time: 0.0
node: 1
formulation: LEVFP