instance: r_20_0.4_69.txt
obj: 68.0
bound: 0.0
gap: 1.0
time: 7200.144505977631
preprocess_time: 0.011631
sepa_time: 4.0e-323
node: 1
formulation: EF