instance: r_20_0.4_69.txt
obj: 12.0
bound: 8.809988048996615
gap: 0.26583432924806677
time: 1801.304907798767
preprocess_time: 1.004479
node: 90481
algo: EFPV