instance: r_20_0.4_69.txt
obj: 115.0
bound: 115.0
gap: 0.0
time: 189.31127285957336
preprocess_time: 0.025819
sepa_time: 6.93251785914994e-310
node: 119758
formulation: LEVFP