instance: r_20_0.3_49.txt
obj: 84.0
bound: 84.0
gap: 0.0
time: 131.0043239593506
preprocess_time: 0.035299
sepa_time: 0.0
node: 71578
formulation: LEVFP