instance: r_20_0.4_69.txt
obj: 17.0
bound: 8.000301639277493
gap: 0.529394021215857
time: 1801.1886348724365
preprocess_time: 0.050927
node: 1
algo: EF