instance: r_20_0.2_34.txt
obj: 61.0
bound: 61.0
gap: 0.0
time: 1.7667298316955566
preprocess_time: 0.939315
sepa_time: 2.3077408118099305e13
node: 2217
formulation: LEFPAV