instance: r_20_0.4_69.txt
obj: 2.0
bound: 1.0
gap: 0.499999999975
time: 3.727396011352539
preprocess_time: 0.039234
node: 112
formulation: LEFPDB