instance: r_20_0.1_23.txt
obj: 4.0
bound: 4.0
gap: 0.0
time: 0.10184216499328613
preprocess_time: 0.011973
node: 0
algo: SF