instance: r_20_0.1_23.txt
obj: 4.0
bound: 4.0
gap: 0.0
time: 0.26003599166870117
preprocess_time: 1.722109
sepa_time: 0.0
node: 129
formulation: LEFPAD