instance: r_20_0.2_34.txt
obj: 11.0
bound: 9.9999999999999
gap: 0.09090909090827351
time: 346.7945749759674
preprocess_time: 0.052452
node: 27679
formulation: EFPD