instance: r_20_0.1_23.txt
obj: 10.99999972869022
bound: 9.999999885858232
gap: 0.09090907886249266
time: 1.478119134902954
preprocess_time: 0.057609
node: 825
algo: ESFV