instance: r_20_0.4_69.txt
org_node: 20
org_edge: 69
org_min_len: 0.25296922161952495
org_avg_len: 0.6225446042681817
org_max_len: 0.9827397640132096
dtf_node: 33
dtf_edge: 82
dtf_min_len: 0.04752970765074438
dtf_avg_len: 0.5238485084695675
dtf_max_len: 0.9827397640132096
sdb_node: 189
sdb_edge: 238
sdb_min_len: 0.12648461080976248
sdb_avg_len: 0.1804856205651453
sdb_max_len: 0.2052488798675367
dlt: 0.20543971940849998
formulation: None