instance: r_20_0.2_34.txt
obj: 3.0
bound: 2.0000000000000004
gap: 0.3333333333333332
time: 46.91191291809082
preprocess_time: 0.012653
sepa_time: -0.9824680293971172
node: 1
formulation: EF