instance: r_20_0.2_34.txt
obj: 11.0
bound: 9.999999999999906
gap: 0.09090909090827302
time: 210.85133385658264
preprocess_time: 0.061855
node: 57866
algo: EFP0