instance: r_20_0.4_69.txt
obj: 2.0
bound: 1.0000000000000007
gap: 0.49999999999999967
time: 1.119499921798706
preprocess_time: 0.990707
sepa_time: 0.0
node: 1
formulation: LEFPV