instance: r_20_0.4_69.txt
obj: 115.0
bound: 114.00000000000001
gap: 0.00869565217391292
time: 124.02601790428162
preprocess_time: 1.308003
sepa_time: 0.0
node: 59509
formulation: LEFPV