instance: r_20_0.4_69.txt
obj: 115.0
bound: 115.0
gap: 0.0
time: 222.60414099693298
preprocess_time: 1.626937
sepa_time: 0.0
node: 135601
formulation: LEFPA