instance: r_20_0.4_69.txt
obj: 12.0
bound: 11.0
gap: 0.08333333333333333
time: 3599.94460105896
preprocess_time: 0.058769
node: 499601
formulation: EFP