instance: r_20_0.2_34.txt
obj: 11.0
bound: 9.999999999999906
gap: 0.09090909090827302
time: 794.096687078476
preprocess_time: 0.073225
node: 139184
algo: EVFP