instance: r_20_0.3_49.txt
obj: 84.0
bound: 83.00000294844044
gap: 0.011904726804280483
time: 133.27560591697693
preprocess_time: 0.035169
sepa_time: 0.0
node: 71570
formulation: LEVFP