instance: r_20_0.1_23.txt
obj: 4.0
bound: 4.0
gap: 0.0
time: 0.2926061153411865
preprocess_time: 1.333562
sepa_time: 0.0
node: 282
formulation: LEFPA