instance: r_20_0.2_34.txt
obj: 63.0
bound: 63.0
gap: 0.0
time: 2.171286106109619
preprocess_time: 1.228034
sepa_time: 0.0
node: 1730
formulation: LEFPD