instance: r_20_0.2_34.txt
obj: 61.0
bound: 61.0
gap: 0.0
time: 1.1053509712219238
preprocess_time: 1.620433
sepa_time: 0.0
node: 1614
formulation: LEFPAI