instance: r_20_0.1_23.txt
obj: 5.0
bound: 4.0
gap: 0.199999999996
time: 0.05984091758728027
preprocess_time: 1.023665
node: 0
algo: EFPV2