instance: r_20_0.3_49.txt
obj: 2.0
bound: 1.0
gap: 0.499999999975
time: 1.2041380405426025
preprocess_time: 0.025785
node: 30
algo: EVFPL