instance: r_20_0.1_23.txt
obj: 0.0
bound: 0.0
gap: 0.0
time: 0.03739500045776367
preprocess_time: 0.020732
node: 0
algo: EVFPV