instance: r_20_0.1_23.txt
obj: 10.0
bound: 9.0
gap: 0.099999999999
time: 1.1956820487976074
preprocess_time: 0.390274
node: 1049
algo: EFPV2