instance: r_20_0.2_34.txt
obj: 3.0
bound: 2.000000000000001
gap: 0.33333333333333304
time: 1.1071109771728516
preprocess_time: 0.02835
sepa_time: 9.44e-322
node: 68
formulation: EVFP