instance: r_20_0.1_23.txt
obj: 10.0
bound: 8.999999999999991
gap: 0.09999999999900089
time: 190.28878688812256
preprocess_time: 0.037611
node: 24656
formulation: EF