instance: r_20_0.4_69.txt
obj: 2.0
bound: 2.0
gap: 0.0
time: 2.834069013595581
preprocess_time: 0.025499
sepa_time: 0.0
node: 1
formulation: EFP