instance: r_20_0.3_49.txt
obj: 11.0
bound: 9.511915854018296
gap: 0.1352803769061978
time: 3607.5334470272064
preprocess_time: 0.059177
node: 748863
formulation: LEFPDB