instance: r_20_0.2_34.txt
obj: 1.0
bound: 0.0
gap: 0.9999999999
time: 0.28629589080810547
preprocess_time: 0.063498
node: 0
algo: EVFPV