instance: r_20_0.2_34.txt
obj: 3.0
bound: 3.0
gap: 0.0
time: 0.6631219387054443
preprocess_time: 0.970143
sepa_time: 0.0
node: 112
formulation: LEFPV2