instance: r_20_0.3_49.txt
obj: 11.0
bound: 9.414102723244937
gap: 0.14417247970369504
time: 1801.4543011188507
preprocess_time: 0.469608
node: 144546
algo: EFPV