instance: r_20_0.1_23.txt
obj: 5.0
bound: 3.999999999999999
gap: 0.19999999999600018
time: 0.22140097618103027
preprocess_time: 0.0323
node: 229
formulation: LEVFP