instance: r_20_0.1_23.txt
obj: 12.0
bound: 12.0
gap: 0.0
time: 0.0056171417236328125
preprocess_time: 0.075816
node: 0
algo: SFD