instance: r_20_0.3_49.txt
obj: 84.0
bound: 84.0
gap: 0.0
time: 140.1985728740692
preprocess_time: 1.605624
sepa_time: 0.0
node: 106389
formulation: LEFPA