instance: r_20_0.1_23.txt
obj: 4.0
bound: 4.0
gap: 0.0
time: 0.6956729888916016
preprocess_time: 1.292861
sepa_time: 1.3847250191830826e13
node: 1
formulation: LEFPV