instance: r_20_0.3_49.txt
obj: 2.0
bound: 2.0
gap: 0.0
time: 1.9265599250793457
preprocess_time: 0.953109
sepa_time: 0.0
node: 84
formulation: LEFPD