instance: r_20_0.4_69.txt
obj: 2.0
bound: 2.0
gap: 0.0
time: 3.5384950637817383
preprocess_time: 1.721976
sepa_time: 1.3861334437566877e13
node: 1
formulation: LEFPAV