instance: r_20_0.2_34.txt
obj: 11.0
bound: 9.999999999999904
gap: 0.09090909090827318
time: 217.72831797599792
preprocess_time: 0.040842
node: 71533
algo: ESFV