instance: r_20_0.4_69.txt
obj: 115.0
bound: 114.00002200195148
gap: 0.00869546085259584
time: 203.1205291748047
preprocess_time: 0.035003
sepa_time: 0.0
node: 119757
formulation: LEVFP