instance: r_20_0.4_69.txt
obj: 2.0
bound: 2.0
gap: 0.0
time: 3.993030071258545
preprocess_time: 3.718717
node: 0
algo: EFPV