instance: r_20_0.2_34.txt
obj: 11.0
bound: 10.000000000000002
gap: 0.09090909090909075
time: 41.184855937957764
preprocess_time: 0.057535
node: 11378
formulation: LEVFP