instance: r_20_0.2_34.txt
obj: 29.0
bound: 29.0
gap: 0.0
time: 0.0023560523986816406
preprocess_time: 1.283058
sepa_time: 0.0
node: 0
formulation: LEFPAV