instance: r_20_0.1_23.txt
obj: 44.0
bound: 44.0
gap: 0.0
time: 0.09756088256835938
preprocess_time: 1.303597
sepa_time: 0.0
node: 47
formulation: LEFPAI