instance: r_20_0.3_49.txt
obj: 84.0
bound: 75.00000000000004
gap: 0.10714285714285664
time: 7199.9644911289215
preprocess_time: 0.03756
sepa_time: 0.0
node: 3442775
formulation: EFP