instance: r_20_0.2_34.txt
obj: 3.0
bound: 2.0
gap: 0.3333333333222222
time: 0.5851540565490723
preprocess_time: 0.038458
node: 51
formulation: LEVFP