instance: r_20_0.3_49.txt
obj: 11.0
bound: 7.658731481624276
gap: 0.3037516834859408
time: 1847.0971720218658
preprocess_time: 65.669754
node: 14284
algo: EFPV2