instance: r_20_0.2_34.txt
obj: 0.0
bound: 0.0
gap: 0.0
time: 0.08756208419799805
preprocess_time: 0.062692
node: 0
algo: EVFP