instance: r_20_0.2_34.txt
obj: 3.0
bound: 2.0000000000000004
gap: 0.3333333333333332
time: 0.8016560077667236
preprocess_time: 0.037366
node: 15
formulation: LEFPV