instance: r_20_0.2_34.txt
obj: 0.0
bound: 0.0
gap: 0.0
time: 0.07846689224243164
preprocess_time: 0.062115
node: 0
algo: EVFP0