instance: r_20_0.2_34.txt
obj: 3.0
bound: 3.0
gap: 0.0
time: 4.159476041793823
preprocess_time: 1.206264
sepa_time: 0.0
node: 60
formulation: LEFP