instance: r_20_0.2_34.txt
obj: 3.0
bound: 2.0000000000000004
gap: 0.3333333333333332
time: 1.1371500492095947
preprocess_time: 0.04369
sepa_time: 0.0
node: 139
formulation: LEFPV2