instance: r_20_0.1_23.txt
obj: 10.0
bound: 9.000000000000188
gap: 0.09999999999998117
time: 0.9002978801727295
preprocess_time: 0.056758
node: 1307
formulation: LEFP