instance: r_20_0.1_23.txt
obj: 5.0
bound: 4.0
gap: 0.199999999996
time: 0.11617112159729004
preprocess_time: 0.012146
node: 0
algo: EDF