instance: r_20_0.3_49.txt
obj: 85.0
bound: 84.00000000000001
gap: 0.011764705882352774
time: 120.58075594902039
preprocess_time: 0.046585
sepa_time: 0.0
node: 27256
formulation: LEFPD