instance: r_20_0.3_49.txt
obj: 2.0
bound: 1.0
gap: 0.499999999975
time: 4.340636968612671
preprocess_time: 0.025315
node: 320
algo: EFP