instance: r_20_0.4_69.txt
obj: 12.0
bound: 10.0
gap: 0.16666666666666666
time: 3599.942207098007
preprocess_time: 0.06089
node: 238287
formulation: LEFP