instance: r_20_0.2_34.txt
obj: 3.0
bound: 3.0
gap: 0.0
time: 3.291584014892578
preprocess_time: 0.946396
sepa_time: 5.0778157902513766e13
node: 30
formulation: LEFPAV