instance: r_20_0.2_34.txt
obj: 11.0
bound: 9.9999999999999
gap: 0.09090909090827351
time: 156.672749042511
preprocess_time: 0.038794
node: 50270
algo: EFPLg