instance: r_20_0.4_69.txt
obj: 118.0
bound: 118.0
gap: 0.0
time: 377.70592999458313
preprocess_time: 0.045829
sepa_time: 0.0
node: 57565
formulation: LEFPD