instance: r_20_0.4_69.txt
obj: 2.0
bound: 0.9999999999999998
gap: 0.4999999999750001
time: 2.508476972579956
preprocess_time: 0.038803
node: 60
formulation: LEFPI