instance: r_20_0.4_69.txt
obj: 12.0
bound: 7.343191497690585
gap: 0.38806737518921736
time: 1800.8193190097809
preprocess_time: 0.059013
node: 31354
formulation: EVFP