instance: r_20_0.2_34.txt
obj: 11.0
bound: 9.999999999999904
gap: 0.09090909090827318
time: 212.29787302017212
preprocess_time: 3.49541
node: 64427
formulation: EFPV2