instance: r_20_0.3_49.txt
obj: 2.0
bound: 2.0
gap: 0.0
time: 1.0891828536987305
preprocess_time: 0.040954
sepa_time: 0.0
node: 27
formulation: LEFPV2