instance: r_20_0.1_23.txt
obj: 5.0
bound: 4.0
gap: 0.199999999996
time: 3.104857921600342
preprocess_time: 0.019468
node: 514
formulation: EF