instance: r_20_0.2_34.txt
obj: 3.0
bound: 3.0
gap: 0.0
time: 1.3158748149871826
preprocess_time: 1.260002
sepa_time: 0.0
node: 374
formulation: LEFP