instance: r_20_0.1_23.txt
org_node: 20
org_edge: 23
org_min_len: 0.26583821295197696
org_avg_len: 0.6013774526000782
org_max_len: 0.9478387600141464
dtf_node: 20
dtf_edge: 23
dtf_min_len: 0.26583821295197696
dtf_avg_len: 0.6013774526000782
dtf_max_len: 0.9478387600141464
sdb_node: 20
sdb_edge: 23
sdb_min_len: 0.26583821295197696
sdb_avg_len: 0.6013774526000782
sdb_max_len: 0.9478387600141464
dlt: 1.2027549052001565
algo: None