instance: r_20_0.3_49.txt
obj: 84.0
bound: 83.00000000000001
gap: 0.011904761904761736
time: 93.21553492546082
preprocess_time: 0.028874
sepa_time: 6.93447776251543e-310
node: 50166
formulation: LEVFP