instance: r_20_0.3_49.txt
obj: 14.0
bound: 13.0
gap: 0.07142857142806122
time: 0.04383707046508789
preprocess_time: 0.108515
node: 0
algo: SFD