instance: r_20_0.2_34.txt
obj: 3.0
bound: 3.0
gap: 0.0
time: 1.059000015258789
preprocess_time: 0.992168
sepa_time: 0.0
node: 89
formulation: LEFPI