instance: r_20_0.1_23.txt
obj: 44.0
bound: 42.0
gap: 0.045454545454545456
time: 7201.738430976868
preprocess_time: 0.042258
sepa_time: 0.0
node: 222304
formulation: EF