instance: r_20_0.2_34.txt
obj: 3.0
bound: 2.0000000000000004
gap: 0.3333333333333332
time: 44.71224904060364
preprocess_time: 0.025939
sepa_time: 1.0e-323
node: 1
formulation: EF