instance: r_20_0.3_49.txt
obj: 12.0
bound: 8.0
gap: 0.33333333333055554
time: 1801.128396987915
preprocess_time: 0.039348
node: 543
formulation: EF