instance: r_20_0.4_69.txt
obj: 0.0
bound: 0.0
gap: 0.0
time: 0.32764291763305664
preprocess_time: 0.02968
node: 0
algo: EVFP