instance: r_20_0.3_49.txt
obj: 84.0
bound: 84.0
gap: 0.0
time: 3941.0320961475372
preprocess_time: 1.308867
sepa_time: 0.0
node: 1194968
formulation: LEFPAD