instance: r_20_0.3_49.txt
obj: 84.0
bound: 76.0
gap: 0.09523809523809523
time: 7199.955565929413
preprocess_time: 0.047224
sepa_time: 0.0
node: 4382871
formulation: EFP