instance: r_20_0.2_34.txt
obj: 3.0
bound: 2.000000000000001
gap: 0.33333333333333304
time: 1.651047945022583
preprocess_time: 0.037896
node: 216
formulation: LEFP