instance: r_20_0.1_23.txt
obj: 44.0
bound: 44.0
gap: 0.0
time: 0.10648083686828613
preprocess_time: 0.034741
sepa_time: 6.90838821245423e-310
node: 1
formulation: LEVFP