instance: r_20_0.1_23.txt
obj: 4.0
bound: 4.0
gap: 0.0
time: 0.8957149982452393
preprocess_time: 1.70456
sepa_time: 2.769018121422436e13
node: 85
formulation: LEFPAV