instance: r_20_0.3_49.txt
obj: 11.0
bound: 8.342262516176692
gap: 0.24161249852719513
time: 1801.7279410362244
preprocess_time: 0.054652
node: 56674
formulation: LEVFP