instance: r_20_0.3_49.txt
obj: 43.0
bound: 43.0
gap: 0.0
time: 0.007164955139160156
preprocess_time: 1.286848
sepa_time: 0.0
node: 1
formulation: LEFPAI