instance: r_20_0.1_23.txt
obj: 4.0
bound: 4.0
gap: 0.0
time: 1.2148170471191406
preprocess_time: 1.23699
sepa_time: 1.216032138453943e13
node: 73
formulation: LEFPV2