instance: r_20_0.3_49.txt
obj: 11.0
bound: 9.688222910215242
gap: 0.11925246270662121
time: 1801.8287889957428
preprocess_time: 0.060851
node: 223194
algo: ERF