instance: r_20_0.2_34.txt
obj: 61.0
bound: 60.00000000000001
gap: 0.016393442622950703
time: 1.2672889232635498
preprocess_time: 0.046601
sepa_time: 0.0
node: 1373
formulation: LEFPV