instance: r_20_0.1_23.txt
obj: 4.0
bound: 4.0
gap: 0.0
time: 0.0550379753112793
preprocess_time: 1.005248
sepa_time: 0.0
node: 1
formulation: LEFPA