instance: r_20_0.1_23.txt
obj: 4.0
bound: 4.0
gap: 0.0
time: 0.2269599437713623
preprocess_time: 1.206122
sepa_time: 0.0
node: 18
formulation: LEFP