instance: r_20_0.4_69.txt
obj: 116.0
bound: 106.0
gap: 0.08620689655172414
time: 3599.9401500225067
preprocess_time: 0.067231
sepa_time: 0.0
node: 1236975
formulation: EFP