instance: r_20_0.1_23.txt
obj: 11.0
bound: 10.000000000000002
gap: 0.09090909090909075
time: 2.3457260131835938
preprocess_time: 0.056794
node: 1720
formulation: LEFPD