instance: r_20_0.2_34.txt
obj: 3.0
bound: 2.0000000000000004
gap: 0.3333333333222221
time: 0.6297268867492676
preprocess_time: 0.420559
node: 0
algo: EFPV