instance: r_20_0.4_69.txt
obj: 2.0
bound: 1.0
gap: 0.499999999975
time: 1.1366798877716064
preprocess_time: 0.018004
node: 0
algo: ERF