instance: r_20_0.1_23.txt
obj: 11.0
bound: 9.999999999999995
gap: 0.09090909090826495
time: 0.0760660171508789
preprocess_time: 0.04426
node: 137
formulation: LEFP