instance: r_20_0.3_49.txt
obj: 84.0
bound: 76.0
gap: 0.09523809523809523
time: 7199.956247091293
preprocess_time: 0.046787
sepa_time: 0.0
node: 4143940
formulation: EFP