instance: r_20_0.3_49.txt
obj: 2.0
bound: 2.0
gap: 0.0
time: 1.938438892364502
preprocess_time: 0.039518
node: 234
formulation: LEFPDB