instance: r_20_0.4_69.txt
obj: 12.0
bound: 9.000000000000014
gap: 0.2499999999999988
time: 3600.4477989673615
preprocess_time: 0.048648
node: 1520
formulation: EF