instance: r_20_0.4_69.txt
obj: 115.0
bound: 114.00000000000001
gap: 0.00869565217391292
time: 122.56326913833618
preprocess_time: 1.261411
sepa_time: 0.0
node: 59509
formulation: LEFPV2