instance: r_20_0.1_23.txt
obj: 4.0
bound: 4.0
gap: 0.0
time: 0.25823497772216797
preprocess_time: 0.034453
node: 49
formulation: EFPD