instance: r_20_0.4_69.txt
org_node: 20
org_edge: 69
org_min_len: 0.25296922161952495
org_avg_len: 0.6225446042681817
org_max_len: 0.9827397640132096
dtf_node: 20
dtf_edge: 69
dtf_min_len: 0.25296922161952495
dtf_avg_len: 0.6225446042681817
dtf_max_len: 0.9827397640132096
sdb_node: 20
sdb_edge: 69
sdb_min_len: 0.25296922161952495
sdb_avg_len: 0.6225446042681817
sdb_max_len: 0.9827397640132096
dlt: 1.2450892085363634
algo: None