instance: r_20_0.3_49.txt
obj: 11.0
bound: 9.061748052441429
gap: 0.1762047225037228
time: 1800.9217190742493
preprocess_time: 0.14936
node: 73201
algo: EFP