instance: r_20_0.2_34.txt
obj: 61.0
bound: 61.0
gap: 0.0
time: 1.0868020057678223
preprocess_time: 1.224752
sepa_time: 0.0
node: 1726
formulation: LEFP