instance: r_20_0.3_49.txt
obj: 84.0
bound: 83.00000294844044
gap: 0.011904726804280483
time: 128.69066095352173
preprocess_time: 0.035303
sepa_time: 1.6e-322
node: 71570
formulation: LEVFP