instance: r_20_0.3_49.txt
obj: 2.0
bound: 1.0
gap: 0.499999999975
time: 1.040783166885376
preprocess_time: 0.038695
node: 156
algo: SF