instance: r_20_0.3_49.txt
obj: 11.0
bound: 9.310198535494163
gap: 0.1536183149536796
time: 1800.939796924591
preprocess_time: 0.061397
node: 112117
algo: EFP0