instance: r_20_0.2_34.txt
obj: 62.0
bound: 57.0
gap: 0.08064516129032258
time: 7199.960225105286
preprocess_time: 0.04176
sepa_time: 0.0
node: 5222253
formulation: EFP