instance: r_20_0.2_34.txt
obj: 3.0
bound: 3.0
gap: 0.0
time: 44.58391499519348
preprocess_time: 0.011304
sepa_time: 0.0
node: 1
formulation: EF