instance: r_20_0.4_69.txt
obj: 2.0
bound: 1.0
gap: 0.499999999975
time: 4.455027103424072
preprocess_time: 0.039094
node: 470
formulation: LEFP