instance: r_20_0.3_49.txt
obj: 2.0
bound: 2.0
gap: 0.0
time: 0.20202207565307617
preprocess_time: 1.589189
sepa_time: 0.0
node: 1
formulation: LEFPA