instance: r_20_0.1_23.txt
obj: 12.0
bound: 11.0
gap: 0.08333333333263888
time: 0.6068570613861084
preprocess_time: 0.064006
node: 989
algo: RF