instance: r_20_0.2_34.txt
obj: 3.0
bound: 1.9999999999999998
gap: 0.3333333333222223
time: 1.3350419998168945
preprocess_time: 0.43723
node: 13
algo: EFPV