instance: r_20_0.2_34.txt
obj: 45.0
bound: 45.0
gap: 0.0
time: 3.7200510501861572
preprocess_time: 0.045674
sepa_time: 0.0
node: 2512
formulation: LEFPD