instance: r_20_0.2_34.txt
obj: 3.0
bound: 3.0
gap: 0.0
time: 5.662754058837891
preprocess_time: 0.024699
sepa_time: 1.5e-323
node: 50
formulation: LEVFP