instance: r_20_0.1_23.txt
obj: 4.0
bound: 4.0
gap: 0.0
time: 0.1040031909942627
preprocess_time: 0.027126
sepa_time: 5.0e-324
node: 1
formulation: LEVFP