instance: r_20_0.3_49.txt
obj: 11.0
bound: 8.999999999999986
gap: 0.18181818181653023
time: 1763.5077631473541
preprocess_time: 39.468003
node: 185418
algo: EFPV2