instance: r_20_0.4_69.txt
obj: 115.0
bound: 115.0
gap: 0.0
time: 203.7296450138092
preprocess_time: 1.270485
sepa_time: 0.0
node: 108387
formulation: LEFPAI