instance: r_20_0.1_23.txt
obj: 45.0
bound: 45.0
gap: 0.0
time: 0.14008688926696777
preprocess_time: 0.044939
sepa_time: 0.0
node: 105
formulation: LEFPD