instance: r_20_0.3_49.txt
obj: 2.0
bound: 2.0
gap: 0.0
time: 16.088520050048828
preprocess_time: 1210.842677
node: 0
formulation: EFPV2