instance: r_20_0.2_34.txt
obj: 11.0
bound: 9.99999999999993
gap: 0.09090909090827076
time: 518.3594930171967
preprocess_time: 0.044724
node: 72362
algo: EVFP0