instance: r_20_0.2_34.txt
obj: 3.0
bound: 1.9999999999999603
gap: 0.33333333332223547
time: 0.8837070465087891
preprocess_time: 0.029255
node: 333
formulation: LEFP