instance: r_20_0.2_34.txt
org_node: 20
org_edge: 34
org_min_len: 0.27087560603331007
org_avg_len: 0.6142704165081561
org_max_len: 0.9824660469310703
dtf_node: 26
dtf_edge: 40
dtf_min_len: 0.06816657129485601
dtf_avg_len: 0.5221298540319326
dtf_max_len: 1.671255587357936
sdb_node: 105
sdb_edge: 119
sdb_min_len: 0.13543780301665503
sdb_avg_len: 0.17550583328804464
sdb_max_len: 0.20253044078735227
dlt: 0.2027092374476915
formulation: None