instance: r_20_0.3_49.txt
obj: 2.0
bound: 2.0
gap: 0.0
time: 4.009042024612427
preprocess_time: 1.745603
node: 0
algo: EFPV