instance: r_20_0.1_23.txt
obj: 11.0
bound: 9.999999999999998
gap: 0.09090909090826463
time: 0.2347090244293213
preprocess_time: 0.044417
node: 973
formulation: LEFPI