instance: r_20_0.4_69.txt
obj: 12.0
bound: 7.395563881785557
gap: 0.3837030098480061
time: 1800.5389158725739
preprocess_time: 0.063871
node: 42395
algo: EVFP0