instance: r_20_0.1_23.txt
obj: 1.0
bound: 1.0
gap: 0.0
time: 0.07596802711486816
preprocess_time: 0.038801
node: 0
algo: EVFPV