instance: r_20_0.2_34.txt
obj: 3.0
bound: 3.0
gap: 0.0
time: 1.4007320404052734
preprocess_time: 1.226242
sepa_time: 1.3865340220419469e13
node: 117
formulation: LEFPV