instance: r_20_0.4_69.txt
obj: 12.0
bound: 8.402908639376005
gap: 0.29975761338283496
time: 1800.4393808841705
preprocess_time: 0.067867
node: 23718
algo: EFPD