instance: r_20_0.2_34.txt
obj: 3.0
bound: 2.0000000000000004
gap: 0.3333333333333332
time: 0.32387685775756836
preprocess_time: 0.039228
sepa_time: 0.0
node: 1
formulation: LEVFP