instance: r_20_0.4_69.txt
obj: 115.0
bound: 115.0
gap: 0.0
time: 181.99410700798035
preprocess_time: 0.992239
sepa_time: 9.230005571752814e13
node: 109092
formulation: LEFPAV