instance: r_20_0.2_34.txt
obj: 29.0
bound: 29.0
gap: 0.0
time: 0.0022881031036376953
preprocess_time: 1.719525
sepa_time: 0.0
node: 0
formulation: LEFPAV