instance: r_20_0.4_69.txt
obj: 2.0
bound: 0.9999999999999998
gap: 0.4999999999750001
time: 9.188317060470581
preprocess_time: 0.029058
node: 98
algo: EVFP