instance: r_20_0.1_23.txt
obj: 5.0
bound: 4.0
gap: 0.199999999996
time: 0.05063199996948242
preprocess_time: 0.066854
node: 0
formulation: EFPV