instance: r_20_0.1_23.txt
obj: 10.0
bound: 8.999999999999996
gap: 0.09999999999900036
time: 4.863443851470947
preprocess_time: 0.04634
node: 7557
formulation: EFP