instance: r_20_0.2_34.txt
obj: 3.0
bound: 3.0
gap: 0.0
time: 1.8578732013702393
preprocess_time: 1.71595
sepa_time: 4.45349647163775e11
node: 240
formulation: LEFPAV