instance: r_20_0.1_23.txt
obj: 43.999999995375
bound: 43.999999995375
gap: 0.0
time: 0.13675403594970703
preprocess_time: 1.409767
sepa_time: 0.0
node: 82
formulation: LEFPAD