instance: r_20_0.3_49.txt
obj: 2.0
bound: 1.0
gap: 0.499999999975
time: 1.604794979095459
preprocess_time: 0.024318
node: 156
algo: SF