instance: r_20_0.3_49.txt
obj: 2.0
bound: 2.0
gap: 0.0
time: 2.3803179264068604
preprocess_time: 1.019365
sepa_time: 0.0
node: 143
formulation: LEFPI