instance: r_20_0.1_23.txt
obj: 4.0
bound: 4.0
gap: 0.0
time: 0.21813702583312988
preprocess_time: 0.037143
sepa_time: 6.90061654939783e-310
node: 29
formulation: EVFP