instance: r_20_0.2_34.txt
obj: 11.0
bound: 9.999999999999906
gap: 0.09090909090827302
time: 1138.112468957901
preprocess_time: 0.055322
node: 139184
formulation: EVFP