instance: r_20_0.1_23.txt
obj: 10.0
bound: 8.999999999999991
gap: 0.09999999999900089
time: 140.9735610485077
preprocess_time: 0.047193
node: 24656
algo: EF