instance: r_20_0.2_34.txt
obj: 1.0
bound: 0.0
gap: 0.9999999999
time: 0.17521095275878906
preprocess_time: 0.024187
node: 0
algo: EVFPV