instance: r_20_0.3_49.txt
obj: 84.0
bound: 84.0
gap: 0.0
time: 126.32558798789978
preprocess_time: 1.303128
sepa_time: 0.0
node: 103329
formulation: LEFPAI