instance: r_20_0.2_34.txt
obj: 3.0
bound: 3.0
gap: 0.0
time: 1.4162499904632568
preprocess_time: 1.637365
sepa_time: 0.0
node: 308
formulation: LEFPAI