instance: r_20_0.3_49.txt
obj: 2.0
bound: 1.0
gap: 0.499999999975
time: 0.47886085510253906
preprocess_time: 0.016518
node: 30
algo: EFPLg