instance: r_20_0.4_69.txt
obj: 12.0
bound: 8.999555306225215
gap: 0.25003705781248176
time: 3602.399607181549
preprocess_time: 0.047414
node: 112522
formulation: LEFPD