instance: r_20_0.1_23.txt
obj: 10.0
bound: 9.0
gap: 0.099999999999
time: 2.791348934173584
preprocess_time: 0.076205
node: 1730
algo: F