instance: r_20_0.2_34.txt
obj: 3.0
bound: 3.0
gap: 0.0
time: 1.173797845840454
preprocess_time: 1.284474
sepa_time: 0.0
node: 136
formulation: LEFPAI