instance: r_20_0.2_34.txt
obj: 11.0
bound: 10.000000000000002
gap: 0.09090909090909075
time: 11.378425121307373
preprocess_time: 0.057236
node: 3450
formulation: EFP