instance: r_20_0.2_34.txt
obj: 11.0
bound: 10.000000000000002
gap: 0.09090909090909075
time: 36.87241005897522
preprocess_time: 0.061253
sepa_time: 0.0
node: 14006
formulation: LEFPV2