instance: r_20_0.2_34.txt
obj: 3.0
bound: 3.0
gap: 0.0
time: 0.6631510257720947
preprocess_time: 0.955184
sepa_time: 0.0
node: 112
formulation: LEFPV