instance: r_20_0.2_34.txt
obj: 11.0
bound: 9.99999999999996
gap: 0.09090909090826818
time: 88.95065689086914
preprocess_time: 0.208145
node: 16537
formulation: EFPV