instance: r_20_0.3_49.txt
obj: 2.0
bound: 1.0
gap: 0.499999999975
time: 1.6743569374084473
preprocess_time: 0.02573
node: 20
algo: RF