instance: r_20_0.4_69.txt
obj: 66.0
bound: 66.0
gap: 0.0
time: 0.009193181991577148
preprocess_time: 1.716936
sepa_time: 0.0
node: 1
formulation: LEFPAI