instance: r_20_0.4_69.txt
obj: 118.0
bound: 117.0
gap: 0.00847457627118644
time: 3599.9559960365295
preprocess_time: 0.045067
sepa_time: 0.0
node: 558293
formulation: LEFPD