instance: r_20_0.1_23.txt
obj: 4.0
bound: 4.0
gap: 0.0
time: 0.27274298667907715
preprocess_time: 0.037137
node: 1
formulation: LEFPV