instance: r_20_0.4_69.txt
obj: 0.0
bound: 0.0
gap: 0.0
time: 0.534757137298584
preprocess_time: 0.018274
node: 0
algo: EVFPV