instance: r_20_0.1_23.txt
obj: 10.0
bound: 9.0
gap: 0.099999999999
time: 0.5715699195861816
preprocess_time: 0.046542
node: 1011
formulation: EFPI