instance: r_20_0.3_49.txt
obj: 11.0
bound: 8.785714285714286
gap: 0.20129870129687125
time: 1725.6758859157562
preprocess_time: 77.338881
node: 110057
algo: EFPV2