instance: r_20_0.2_34.txt
obj: 11.0
bound: 9.999999999999943
gap: 0.09090909090826962
time: 114.47639179229736
preprocess_time: 0.069855
node: 38620
algo: ERF