instance: r_20_0.4_69.txt
obj: 12.0
bound: 8.749580455943455
gap: 0.27086829533578816
time: 1799.9490292072296
preprocess_time: 2.154348
node: 56581
formulation: EFPV