instance: r_20_0.3_49.txt
obj: 84.0
bound: 81.0
gap: 0.03571428571428571
time: 3599.9482979774475
preprocess_time: 0.057488
sepa_time: 0.0
node: 139221
formulation: EVFP