instance: r_20_0.3_49.txt
obj: 2.0
bound: 2.0
gap: 0.0
time: 9.032835006713867
preprocess_time: 500.827336
node: 0
algo: EFPV2