instance: r_20_0.2_34.txt
obj: 3.0
bound: 1.9999999999999862
gap: 0.3333333333222268
time: 27.194419145584106
preprocess_time: 0.011212
node: 24
algo: EF