instance: r_20_0.1_23.txt
obj: 4.0
bound: 4.0
gap: 0.0
time: 6.925598859786987
preprocess_time: 0.024346
node: 1
formulation: EF