instance: r_20_0.2_34.txt
obj: 3.0
bound: 2.0
gap: 0.3333333333222222
time: 2.1660139560699463
preprocess_time: 117.395621
node: 13
formulation: EFPV2