instance: r_20_0.1_23.txt
obj: 10.0
bound: 9.000000000000002
gap: 0.09999999999999983
time: 1.2406198978424072
preprocess_time: 0.04439
node: 910
formulation: EFP