instance: r_20_0.2_34.txt
obj: 3.0
bound: 3.0
gap: 0.0
time: 1.844071865081787
preprocess_time: 1.635523
sepa_time: 2.7694509922783527e13
node: 240
formulation: LEFPAV