instance: r_20_0.3_49.txt
obj: 2.0
bound: 1.0
gap: 0.499999999975
time: 0.26361584663391113
preprocess_time: 0.027541
node: 0
algo: ESF