instance: r_20_0.2_34.txt
obj: 11.0
bound: 9.999999999999902
gap: 0.09090909090827334
time: 178.84847402572632
preprocess_time: 0.137124
node: 44593
algo: RF