instance: r_20_0.2_34.txt
obj: 11.0
bound: 9.9999999999999
gap: 0.09090909090827351
time: 253.5817220211029
preprocess_time: 0.056172
node: 50270
formulation: EFPI