instance: r_20_0.4_69.txt
obj: 2.0
bound: 1.0
gap: 0.499999999975
time: 1.1983981132507324
preprocess_time: 0.027166
node: 0
algo: EFP0