instance: r_20_0.1_23.txt
obj: 4.0
bound: 4.0
gap: 0.0
time: 0.23544907569885254
preprocess_time: 1.243669
sepa_time: 0.0
node: 18
formulation: LEFP