instance: r_20_0.2_34.txt
obj: 61.0
bound: 61.0
gap: 0.0
time: 0.8391561508178711
preprocess_time: 0.982724
sepa_time: 0.0
node: 1151
formulation: LEFPAI