instance: r_20_0.4_69.txt
obj: 12.0
bound: 7.558333365960669
gap: 0.37013888616685975
time: 1801.274873971939
preprocess_time: 0.087414
node: 88475
algo: F0