instance: r_20_0.2_34.txt
obj: 62.0
bound: 60.00000000000011
gap: 0.03225806451612731
time: 7199.970142126083
preprocess_time: 0.031739
sepa_time: 6.9139669347348e-310
node: 850794
formulation: EVFP