instance: r_20_0.1_23.txt
obj: 44.0
bound: 44.0
gap: 0.0
time: 0.12973594665527344
preprocess_time: 1.249922
sepa_time: 0.0
node: 102
formulation: LEFPD