instance: r_20_0.1_23.txt
obj: 10.0
bound: 8.999999999999993
gap: 0.09999999999900071
time: 0.48110103607177734
preprocess_time: 0.061968
node: 1048
algo: ESF