instance: r_20_0.4_69.txt
org_node: 20
org_edge: 69
org_min_len: 0.25296922161952495
org_avg_len: 0.6225446042681817
org_max_len: 0.9827397640132096
dtf_node: 23
dtf_edge: 72
dtf_min_len: 0.0973332261886306
dtf_avg_len: 0.5966052457570075
dtf_max_len: 0.9827397640132096
sdb_node: 258
sdb_edge: 307
sdb_min_len: 0.10492880742873624
sdb_avg_len: 0.1399204485163013
sdb_max_len: 0.1545476449133286
dlt: 0.15563615106704543
formulation: None