instance: r_20_0.4_69.txt
obj: 12.0
bound: 8.295199613454411
gap: 0.308733365542893
time: 1801.7424108982086
preprocess_time: 0.057498
node: 47251
formulation: EFPI