instance: r_20_0.2_34.txt
obj: 3.0
bound: 1.9999999999999998
gap: 0.3333333333222223
time: 0.806732177734375
preprocess_time: 0.528816
node: 13
formulation: EFPV