instance: r_20_0.3_49.txt
obj: 2.0
bound: 1.0
gap: 0.499999999975
time: 1.4075369834899902
preprocess_time: 0.03898
node: 30
formulation: LEVFP