instance: r_20_0.2_34.txt
obj: 3.0
bound: 1.9999999999999862
gap: 0.3333333333222268
time: 33.90401291847229
preprocess_time: 0.019702
node: 24
formulation: EF