instance: r_20_0.2_34.txt
obj: 11.0
bound: 9.999999999999908
gap: 0.09090909090827286
time: 198.28061890602112
preprocess_time: 0.098684
node: 38397
algo: EFPV