instance: r_20_0.4_69.txt
org_node: 20
org_edge: 69
org_min_len: 0.25296922161952495
org_avg_len: 0.6225446042681817
org_max_len: 0.9827397640132096
dtf_node: 52
dtf_edge: 101
dtf_min_len: 0.054330280320811886
dtf_avg_len: 0.42530274945053975
dtf_max_len: 0.6225439817235774
sdb_node: 52
sdb_edge: 101
sdb_min_len: 0.054330280320811886
sdb_avg_len: 0.42530274945053975
sdb_max_len: 0.6225439817235774
dlt: 0.6225446042681817
algo: None