instance: r_20_0.4_69.txt
obj: 3.0
bound: 1.9999999999999996
gap: 0.33333333332222237
time: 0.16427206993103027
preprocess_time: 0.038645
node: 0
algo: SFD