instance: r_20_0.1_23.txt
obj: 4.0
bound: 4.0
gap: 0.0
time: 0.46892714500427246
preprocess_time: 0.029199
node: 888
formulation: EFP