instance: r_20_0.4_69.txt
obj: 68.0
bound: 0.0
gap: 1.0
time: 3600.128180027008
preprocess_time: 0.025516
sepa_time: 6.93463706391427e-310
node: 1
formulation: EF