instance: r_20_0.4_69.txt
obj: 12.0
bound: 11.000000000000002
gap: 0.08333333333333319
time: 2406.5793788433075
preprocess_time: 0.046483
sepa_time: 0.0
node: 202362
formulation: EVFP