instance: r_20_0.4_69.txt
obj: 13.0
bound: 7.343191497690585
gap: 0.4351391155589155
time: 1800.5829010009766
preprocess_time: 0.067198
node: 30596
algo: EVFP