instance: r_20_0.2_34.txt
obj: 11.0
bound: 9.999999999999902
gap: 0.09090909090827334
time: 171.76196885108948
preprocess_time: 0.045543
node: 37834
formulation: EFP