instance: r_20_0.2_34.txt
obj: 3.0
bound: 1.9999999999999993
gap: 0.3333333333222224
time: 0.5132858753204346
preprocess_time: 0.039049
node: 0
formulation: EVFP