instance: r_20_0.4_69.txt
obj: 2.0
bound: 2.0
gap: 0.0
time: 4.592129945755005
preprocess_time: 0.980838
sepa_time: 0.0
node: 101
formulation: LEFPAD