instance: r_20_0.1_23.txt
obj: 4.0
bound: 4.0
gap: 0.0
time: 0.24110889434814453
preprocess_time: 0.013441
node: 49
algo: EFPD