instance: r_20_0.2_34.txt
obj: 62.0
bound: 55.00000000000002
gap: 0.11290322580645126
time: 3601.929664850235
preprocess_time: 0.064807
sepa_time: 0.0
node: 22178
formulation: EF