instance: r_20_0.4_69.txt
obj: 12.0
bound: 7.4968706759291965
gap: 0.3752607770027731
time: 1800.7852301597595
preprocess_time: 0.071056
node: 30835
algo: SF