instance: r_20_0.1_23.txt
obj: 5.0
bound: 3.999999999999999
gap: 0.19999999999600018
time: 0.21914196014404297
preprocess_time: 0.019712
node: 229
algo: EVFPL