instance: r_20_0.2_34.txt
obj: 61.0
bound: 61.0
gap: 0.0
time: 0.6072561740875244
preprocess_time: 1.218808
sepa_time: 0.0
node: 1047
formulation: LEFP