instance: r_20_0.2_34.txt
obj: 11.0
bound: 10.000000000000002
gap: 0.09090909090909075
time: 154.79349994659424
preprocess_time: 0.04769
node: 4142
formulation: EF