instance: r_20_0.4_69.txt
obj: 115.0
bound: 115.0
gap: 0.0
time: 210.40193510055542
preprocess_time: 1.235677
sepa_time: 0.0
node: 130075
formulation: LEFPI