instance: r_20_0.2_34.txt
obj: 3.0
bound: 2.0
gap: 0.3333333333222222
time: 0.26103806495666504
preprocess_time: 0.023526
node: 0
algo: ERF