instance: r_20_0.2_34.txt
obj: 11.0
bound: 10.000000000000002
gap: 0.09090909090909075
time: 28.454360008239746
preprocess_time: 0.058873
node: 11172
formulation: LEFP