instance: r_20_0.2_34.txt
obj: 29.0
bound: 29.0
gap: 0.0
time: 0.01133584976196289
preprocess_time: 1.283632
sepa_time: 0.0
node: 1
formulation: LEFPAD