instance: r_20_0.2_34.txt
obj: 3.0
bound: 3.0
gap: 0.0
time: 46.94191098213196
preprocess_time: 0.013003
sepa_time: 5.0e-324
node: 1
formulation: EF