instance: r_20_0.1_23.txt
obj: 10.0
bound: 8.999999999999993
gap: 0.09999999999900071
time: 0.5004150867462158
preprocess_time: 0.054423
node: 590
algo: EVFPV