instance: r_20_0.2_34.txt
obj: 3.0
bound: 3.0
gap: 0.0
time: 3.5297739505767822
preprocess_time: 0.883335
sepa_time: 0.0
node: 60
formulation: LEFP