instance: r_20_0.3_49.txt
obj: 3.0
bound: 2.0000000000000004
gap: 0.3333333333222221
time: 989.1615879535675
preprocess_time: 0.012562
node: 1475
algo: EF