instance: r_20_0.2_34.txt
obj: 61.0
bound: 60.0
gap: 0.01639344262295082
time: 7199.961389064789
preprocess_time: 0.040707
sepa_time: 0.0
node: 1872691
formulation: EFP