instance: r_20_0.1_23.txt
obj: 5.0
bound: 4.0
gap: 0.199999999996
time: 0.0565800666809082
preprocess_time: 0.526155
node: 0
algo: EFPV2