instance: r_20_0.4_69.txt
obj: 2.0
bound: 0.9999999999999999
gap: 0.499999999975
time: 30.292365074157715
preprocess_time: 0.014754
node: 163
algo: EDF