instance: r_20_0.3_49.txt
obj: 11.0
bound: 8.524854443653782
gap: 0.22501323239306517
time: 1800.8510208129883
preprocess_time: 0.049528
node: 97370
algo: RF