instance: r_20_0.4_69.txt
obj: 2.0
bound: 1.0000000000000002
gap: 0.4999999999999999
time: 4.805006980895996
preprocess_time: 0.039494
sepa_time: 0.0
node: 109
formulation: LEFPD