instance: r_20_0.2_34.txt
obj: 3.0
bound: 3.0
gap: 0.0
time: 1.3568909168243408
preprocess_time: 1.605292
sepa_time: 8.763796571096683e13
node: 1
formulation: LEFPAV