instance: r_20_0.3_49.txt
obj: 2.0
bound: 2.0
gap: 0.0
time: 0.5823090076446533
preprocess_time: 0.031358
node: 1
formulation: LEFPI