instance: r_20_0.1_23.txt
org_node: 20
org_edge: 23
org_min_len: 0.26583821295197696
org_avg_len: 0.6013774526000782
org_max_len: 0.9478387600141464
dtf_node: 23
dtf_edge: 26
dtf_min_len: 0.006538992296008406
dtf_avg_len: 0.5319877465308385
dtf_max_len: 1.7763450786767956
sdb_node: 29
sdb_edge: 32
sdb_min_len: 0.006538992296008406
sdb_avg_len: 0.4322400440563062
sdb_max_len: 0.6013768512226256
dlt: 0.6013774526000782
algo: None