instance: r_20_0.3_49.txt
obj: 11.0
bound: 8.999999999999993
gap: 0.18181818181652956
time: 1801.3710000514984
preprocess_time: 0.098346
node: 118819
algo: F0