instance: r_20_0.4_69.txt
obj: 66.0
bound: 66.0
gap: 0.0
time: 0.0061588287353515625
preprocess_time: 1.725429
sepa_time: 0.0
node: 1
formulation: LEFPAV