instance: r_20_0.3_49.txt
obj: 0.0
bound: 0.0
gap: 0.0
time: 0.3218059539794922
preprocess_time: 0.018194
node: 0
algo: EVFPV