instance: r_20_0.1_23.txt
obj: 5.0
bound: 4.0
gap: 0.199999999996
time: 0.5187690258026123
preprocess_time: 0.042388
node: 0
algo: EFPV