instance: r_20_0.4_69.txt
obj: 16.0
bound: 7.000000000000001
gap: 0.5624999999964845
time: 1577.1224751472473
preprocess_time: 283.84581
node: 0
algo: EFPV2