instance: r_20_0.4_69.txt
obj: 2.0
bound: 0.9999999999999999
gap: 0.499999999975
time: 1.817615032196045
preprocess_time: 0.018502
node: 80
algo: ESF