instance: r_20_0.1_23.txt
obj: 11.0
bound: 9.999999999999984
gap: 0.09090909090826592
time: 4.053619861602783
preprocess_time: 0.057149
node: 2146
algo: EVFP