instance: r_20_0.3_49.txt
obj: 2.0
bound: 2.0
gap: 0.0
time: 2.4674270153045654
preprocess_time: 0.038956
node: 62
formulation: LEFPD