instance: r_20_0.3_49.txt
obj: 2.0
bound: 2.0
gap: 0.0
time: 7.225882053375244
preprocess_time: 511.762618
node: 0
algo: EFPV2