instance: r_20_0.2_34.txt
obj: 3.0
bound: 2.0
gap: 0.3333333333222222
time: 0.07745695114135742
preprocess_time: 0.016176
node: 0
algo: EVFPV