instance: r_20_0.3_49.txt
obj: 2.0
bound: 2.0
gap: 0.0
time: 0.8471369743347168
preprocess_time: 1.610821
sepa_time: 1.3839637005816393e13
node: 1
formulation: LEFPAV