instance: r_20_0.4_69.txt
obj: 2.0
bound: 2.0
gap: 0.0
time: 3.9824650287628174
preprocess_time: 3.243225
node: 0
formulation: EFPV