instance: r_20_0.3_49.txt
obj: 2.0
bound: 2.0
gap: 0.0
time: 0.21372413635253906
preprocess_time: 1.251015
sepa_time: 0.0
node: 1
formulation: LEFP