instance: r_20_0.2_34.txt
obj: 3.0
bound: 1.9999999999999851
gap: 0.3333333333222272
time: 2.164062976837158
preprocess_time: 0.029426
node: 396
formulation: LEFPD