instance: r_20_0.2_34.txt
obj: 3.0
bound: 3.0
gap: 0.0
time: 1.3940098285675049
preprocess_time: 1.729395
sepa_time: 0.0
node: 308
formulation: LEFPAI