instance: r_20_0.1_23.txt
obj: 44.0
bound: 44.0
gap: 0.0
time: 0.6864080429077148
preprocess_time: 1.623468
sepa_time: 1.8732977242824562e13
node: 1
formulation: LEFPAV