instance: r_20_0.3_49.txt
obj: 61.0
bound: 56.0
gap: 0.08196721311475409
time: 3599.950006008148
preprocess_time: 0.052556
sepa_time: 0.0
node: 1660136
formulation: EFP