instance: r_20_0.3_49.txt
obj: 2.0
bound: 1.0
gap: 0.499999999975
time: 1.5021209716796875
preprocess_time: 0.029151
node: 140
algo: EFP0