instance: r_20_0.2_34.txt
obj: 3.0
bound: 3.0
gap: 0.0
time: 1.337352991104126
preprocess_time: 0.027879
sepa_time: 0.0
node: 374
formulation: EFP