instance: r_20_0.4_69.txt
obj: 13.0
bound: 7.759438635481246
gap: 0.40312010495988015
time: 3606.7389681339264
preprocess_time: 0.061975
node: 158258
formulation: EFP