instance: r_20_0.1_23.txt
obj: 4.0
bound: 4.0
gap: 0.0
time: 0.4881868362426758
preprocess_time: 0.029531
node: 461
formulation: LEFPDB