instance: r_20_0.2_34.txt
obj: 3.0
bound: 1.9999999999999603
gap: 0.33333333332223547
time: 0.8876361846923828
preprocess_time: 0.029597
node: 333
formulation: EFP