instance: r_20_0.3_49.txt
obj: 0.0
bound: 0.0
gap: 0.0
time: 0.1958308219909668
preprocess_time: 0.041976
node: 0
algo: EVFP