instance: r_20_0.4_69.txt
obj: 116.0
bound: 104.00000000000004
gap: 0.1034482758620686
time: 7199.946012020111
preprocess_time: 0.058191
sepa_time: 0.0
node: 2780237
formulation: EFP