instance: r_20_0.3_49.txt
obj: 84.0
bound: 84.0
gap: 0.0
time: 139.11514592170715
preprocess_time: 1.605055
sepa_time: 0.0
node: 92789
formulation: LEFPAI