instance: r_20_0.1_23.txt
obj: 10.0
bound: 9.0
gap: 0.099999999999
time: 1.2444870471954346
preprocess_time: 0.040293
node: 676
algo: EFPD