instance: r_20_0.1_23.txt
obj: 44.0
bound: 44.0
gap: 0.0
time: 0.05505204200744629
preprocess_time: 0.987075
sepa_time: 0.0
node: 34
formulation: LEFPI