instance: r_20_0.3_49.txt
org_node: 20
org_edge: 49
org_min_len: 0.2563159329488794
org_avg_len: 0.5997113277811869
org_max_len: 0.9906862647862591
dtf_node: 20
dtf_edge: 49
dtf_min_len: 0.2563159329488794
dtf_avg_len: 0.5997113277811869
dtf_max_len: 0.9906862647862591
sdb_node: 20
sdb_edge: 49
sdb_min_len: 0.2563159329488794
sdb_avg_len: 0.5997113277811869
sdb_max_len: 0.9906862647862591
dlt: 1.1994226555623737
formulation: None