instance: r_20_0.3_49.txt
obj: 84.0
bound: 83.00000000000001
gap: 0.011904761904761736
time: 134.41327691078186
preprocess_time: 0.044892
sepa_time: 0.0
node: 86172
formulation: LEFPV