instance: r_20_0.1_23.txt
obj: 4.0
bound: 4.0
gap: 0.0
time: 5.578088998794556
preprocess_time: 0.011982
sepa_time: 6.9199877847983e-310
node: 1
formulation: EF