instance: r_20_0.1_23.txt
obj: 4.0
bound: 4.0
gap: 0.0
time: 6.908764839172363
preprocess_time: 0.02638
sepa_time: 6.89840334927837e-310
node: 1
formulation: EF