instance: r_20_0.1_23.txt
obj: 44.0
bound: 44.0
gap: 0.0
time: 0.059676170349121094
preprocess_time: 0.034564
sepa_time: 0.0
node: 1
formulation: LEVFP