instance: r_20_0.1_23.txt
obj: 5.0
bound: 3.9999999999999996
gap: 0.1999999999960001
time: 0.10358595848083496
preprocess_time: 0.015331
node: 55
algo: EVFP0