instance: r_20_0.4_69.txt
obj: 2.0
bound: 2.0
gap: 0.0
time: 0.687014102935791
preprocess_time: 0.038787
node: 1
formulation: LEVFP