instance: r_20_0.4_69.txt
obj: 12.0
bound: 7.9021016822380306
gap: 0.34149152647731834
time: 3604.6028871536255
preprocess_time: 0.059918
node: 51221
formulation: LEVFP