instance: r_20_0.1_23.txt
obj: 4.0
bound: 4.0
gap: 0.0
time: 0.10399317741394043
preprocess_time: 0.027099
sepa_time: 6.9040542456657e-310
node: 1
formulation: LEVFP