instance: r_20_0.3_49.txt
obj: 3.0
bound: 2.0
gap: 0.3333333333222222
time: 0.11819601058959961
preprocess_time: 0.039133
node: 0
algo: SFD