instance: r_20_0.2_34.txt
obj: 3.0
bound: 2.000000000000001
gap: 0.33333333333333304
time: 1.6209437847137451
preprocess_time: 0.037153
node: 216
formulation: EFP