instance: r_20_0.1_23.txt
obj: 4.0
bound: 4.0
gap: 0.0
time: 0.49451112747192383
preprocess_time: 0.954804
sepa_time: 1.387107925020944e13
node: 1
formulation: LEFPAV