instance: r_20_0.1_23.txt
obj: 10.0
bound: 8.999999999999995
gap: 0.09999999999900053
time: 0.9974191188812256
preprocess_time: 0.075707
node: 1288
algo: SF