instance: r_20_0.3_49.txt
obj: 61.0
bound: 54.0
gap: 0.11475409836065574
time: 3602.94721698761
preprocess_time: 0.066607
sepa_time: 0.0
node: 12789
formulation: EF