instance: r_20_0.1_23.txt
obj: 4.0
bound: 4.0
gap: 0.0
time: 0.1040658950805664
preprocess_time: 0.037414
node: 1
formulation: LEVFP