instance: r_20_0.3_49.txt
obj: 2.0
bound: 2.0
gap: 0.0
time: 2.2723140716552734
preprocess_time: 0.967741
sepa_time: 0.0
node: 3
formulation: LEFPV2