instance: r_20_0.2_34.txt
obj: 11.0
bound: 9.999999999999904
gap: 0.09090909090827318
time: 208.51447820663452
preprocess_time: 0.057913
node: 78430
algo: ERF