instance: r_20_0.3_49.txt
obj: 2.0
bound: 2.0
gap: 0.0
time: 1.382267951965332
preprocess_time: 0.93896
sepa_time: 1.3847235640481533e13
node: 28
formulation: LEFPAV