instance: r_20_0.3_49.txt
obj: 11.0
bound: 10.000000000000002
gap: 0.09090909090909075
time: 696.3545548915863
preprocess_time: 0.058868
node: 114623
formulation: LEFPV