instance: r_20_0.4_69.txt
obj: 12.0
bound: 7.47288934249103
gap: 0.37725922145593704
time: 1800.799097776413
preprocess_time: 0.071373
node: 43711
formulation: LEVFP