instance: r_20_0.3_49.txt
obj: 2.0
bound: 2.0
gap: 0.0
time: 2.270132064819336
preprocess_time: 0.038461
node: 1
formulation: LEFPD