instance: r_20_0.2_34.txt
obj: 3.0
bound: 3.0
gap: 0.0
time: 1.0498051643371582
preprocess_time: 1.406188
sepa_time: 0.0
node: 114
formulation: LEFPAD