instance: r_20_0.3_49.txt
obj: 12.0
bound: 7.999999999999998
gap: 0.3333333333305557
time: 1800.5542018413544
preprocess_time: 0.037737
node: 570
algo: EF