instance: r_20_0.3_49.txt
obj: 10.99999949017279
bound: 9.446653909118242
gap: 0.14121324118498002
time: 1800.393308877945
preprocess_time: 0.060224
node: 56199
algo: EFPD