instance: r_20_0.3_49.txt
obj: 11.0
bound: 8.293100951523938
gap: 0.2460817316774049
time: 1801.9125051498413
preprocess_time: 0.035305
node: 55657
formulation: EVFP