instance: r_20_0.1_23.txt
obj: 5.0
bound: 4.0
gap: 0.199999999996
time: 0.04292798042297363
preprocess_time: 0.012586
node: 0
algo: ERF