instance: r_20_0.4_69.txt
obj: 2.0
bound: 0.9999999999999999
gap: 0.499999999975
time: 46.566564083099365
preprocess_time: 0.020243
node: 163
algo: EFPD