instance: r_20_0.3_49.txt
obj: 0.0
bound: 0.0
gap: 0.0
time: 0.1348741054534912
preprocess_time: 0.086662
node: 0
algo: EVFP0