instance: r_20_0.1_23.txt
obj: 4.0
bound: 4.0
gap: 0.0
time: 0.28656506538391113
preprocess_time: 0.036933
node: 81
formulation: LEFPD