instance: r_20_0.2_34.txt
obj: 61.0
bound: 61.0
gap: 0.0
time: 0.3904728889465332
preprocess_time: 1.29957
sepa_time: 0.0
node: 580
formulation: LEFPA