instance: r_20_0.1_23.txt
obj: 4.0
bound: 4.0
gap: 0.0
time: 0.30452513694763184
preprocess_time: 0.03686
sepa_time: 0.0
node: 1
formulation: LEFPV2