instance: r_20_0.3_49.txt
obj: 84.0
bound: 84.0
gap: 0.0
time: 117.24619889259338
preprocess_time: 0.025704
sepa_time: 0.0
node: 71578
formulation: LEVFP