instance: r_20_0.2_34.txt
obj: 3.0
bound: 2.0000000000000013
gap: 0.33333333333333287
time: 2.759990930557251
preprocess_time: 0.037869
node: 517
formulation: LEFPD