instance: r_20_0.1_23.txt
org_node: 20
org_edge: 23
org_min_len: 0.26583821295197696
org_avg_len: 0.6013774526000782
org_max_len: 0.9478387600141464
dtf_node: 19
dtf_edge: 22
dtf_min_len: 0.0673838520485105
dtf_avg_len: 0.6287127913546274
dtf_max_len: 1.7763450786767956
sdb_node: 76
sdb_edge: 79
sdb_min_len: 0.13291910647598848
sdb_avg_len: 0.1750845748076178
sdb_max_len: 0.19737167540853284
dlt: 0.19845455935802583
formulation: None