instance: r_20_0.2_34.txt
obj: 61.0
bound: 61.0
gap: 0.0
time: 1.8580679893493652
preprocess_time: 0.034796
sepa_time: 6.9099976868649e-310
node: 1928
formulation: LEVFP