instance: r_20_0.4_69.txt
obj: 115.0
bound: 114.0000291448829
gap: 0.00869539874014868
time: 214.1352219581604
preprocess_time: 1.241555
sepa_time: 0.0
node: 106754
formulation: LEFP