instance: r_20_0.4_69.txt
obj: 12.0
bound: 8.733567535252153
gap: 0.2722027053933856
time: 1799.6164219379425
preprocess_time: 1.835239
node: 55764
algo: EFPV