instance: r_20_0.2_34.txt
obj: 62.0
bound: 60.0
gap: 0.03225806451612903
time: 3599.960881948471
preprocess_time: 0.042374
sepa_time: 6.91028945427596e-310
node: 456913
formulation: EVFP