instance: r_20_0.4_69.txt
obj: 12.0
bound: 8.763537701013403
gap: 0.26970519157996886
time: 1801.6948189735413
preprocess_time: 0.075662
node: 102930
algo: ESFV