instance: r_20_0.1_23.txt
obj: 10.0
bound: 9.000000000000188
gap: 0.09999999999998117
time: 0.8925819396972656
preprocess_time: 0.056889
sepa_time: 0.0
node: 1307
formulation: LEFPV2