instance: r_20_0.1_23.txt
obj: 4.0
bound: 4.0
gap: 0.0
time: 0.865441083908081
preprocess_time: 1.296451
sepa_time: 1.3858451522373377e13
node: 85
formulation: LEFPAV