instance: r_20_0.3_49.txt
obj: 11.0
bound: 9.321049207838884
gap: 0.1526318901950775
time: 1801.9796679019928
preprocess_time: 0.045041
node: 118521
algo: ESFV