instance: r_20_0.3_49.txt
obj: 84.0
bound: 81.0
gap: 0.03571428571428571
time: 3599.9448590278625
preprocess_time: 0.058711
sepa_time: 0.0
node: 144684
formulation: EVFP