instance: r_20_0.2_34.txt
obj: 44.0
bound: 43.00000000000001
gap: 0.022727272727272565
time: 3.745306968688965
preprocess_time: 0.04578
sepa_time: 0.0
node: 3378
formulation: LEFPI