instance: r_20_0.2_34.txt
obj: 61.0
bound: 61.0
gap: 0.0
time: 1.8451781272888184
preprocess_time: 0.035782
sepa_time: 0.0
node: 1928
formulation: LEVFP