instance: r_20_0.2_34.txt
obj: 11.0
bound: 10.000000000000002
gap: 0.09090909090909075
time: 9.9603590965271
preprocess_time: 0.057672
sepa_time: 6.0e-322
node: 1867
formulation: EVFP