instance: r_20_0.1_23.txt
obj: 4.0
bound: 4.0
gap: 0.0
time: 0.4661288261413574
preprocess_time: 0.028679
node: 888
formulation: LEFP