instance: r_20_0.4_69.txt
obj: 12.0
bound: 7.7644741102394885
gap: 0.3529604908104346
time: 3605.9948699474335
preprocess_time: 0.060395
node: 160388
formulation: LEFP