instance: r_20_0.2_34.txt
obj: 44.0
bound: 43.000000000000036
gap: 0.02272727272727192
time: 0.8772518634796143
preprocess_time: 0.04577
sepa_time: 0.0
node: 637
formulation: LEVFP