instance: r_20_0.1_23.txt
obj: 44.0
bound: 44.0
gap: 0.0
time: 0.059947967529296875
preprocess_time: 0.043985
sepa_time: 6.92748355851667e-310
node: 1
formulation: LEVFP