instance: r_20_0.1_23.txt
obj: 44.0
bound: 44.0
gap: 0.0
time: 0.10572409629821777
preprocess_time: 0.035432
sepa_time: 0.0
node: 1
formulation: LEVFP