instance: r_20_0.2_34.txt
obj: 11.0
bound: 9.999999999999902
gap: 0.09090909090827334
time: 158.32781791687012
preprocess_time: 0.063075
node: 37834
algo: EFP