instance: r_20_0.3_49.txt
obj: 11.0
bound: 8.561248341192831
gap: 0.22170469625318165
time: 1801.0523970127106
preprocess_time: 0.065724
node: 48004
algo: SF