instance: r_20_0.2_34.txt
obj: 11.0
bound: 9.9999999999999
gap: 0.09090909090827351
time: 259.44080805778503
preprocess_time: 0.076773
node: 54875
algo: RF