instance: r_20_0.1_23.txt
obj: 10.0
bound: 10.0
gap: 0.0
time: 1.6548199653625488
preprocess_time: 0.062627
node: 1368
algo: EFP