instance: r_20_0.4_69.txt
obj: 12.0
bound: 8.423995350688037
gap: 0.2980003874401803
time: 1801.1023309230804
preprocess_time: 0.040021
node: 53043
algo: EFPLg