instance: r_20_0.3_49.txt
obj: 84.0
bound: 84.0
gap: 0.0
time: 139.2466139793396
preprocess_time: 1.262718
sepa_time: 0.0
node: 105985
formulation: LEFP