instance: r_20_0.4_69.txt
obj: 2.0
bound: 2.0
gap: 0.0
time: 2.742074966430664
preprocess_time: 1.717304
sepa_time: 0.0
node: 1
formulation: LEFPA