instance: r_20_0.2_34.txt
obj: 11.0
bound: 9.99999999999991
gap: 0.0909090909082727
time: 1199.7677688598633
preprocess_time: 0.039601
node: 124614
algo: EDF