instance: r_20_0.3_49.txt
obj: 84.0
bound: 84.0
gap: 0.0
time: 96.11844491958618
preprocess_time: 0.893008
sepa_time: 0.0
node: 70207
formulation: LEFP