instance: r_20_0.3_49.txt
obj: 2.0
bound: 2.0
gap: 0.0
time: 19.944024085998535
preprocess_time: 0.01508
node: 294
algo: EDF