instance: r_20_0.2_34.txt
obj: 3.0
bound: 3.0
gap: 0.0
time: 3.5238258838653564
preprocess_time: 0.021716
sepa_time: 0.0
node: 60
formulation: EFP