instance: r_20_0.4_69.txt
obj: 12.0
bound: 10.0
gap: 0.16666666666666666
time: 3599.9411561489105
preprocess_time: 0.05964
node: 312296
formulation: LEFPI