instance: r_20_0.4_69.txt
obj: 2.0
bound: 1.0
gap: 0.499999999975
time: 4.468868970870972
preprocess_time: 0.039798
node: 470
formulation: EFP