instance: r_20_0.3_49.txt
obj: 2.0
bound: 2.0
gap: 0.0
time: 36.893266916275024
preprocess_time: 0.031793
node: 294
algo: EFPD