instance: r_20_0.1_23.txt
obj: 10.0
bound: 9.0
gap: 0.099999999999
time: 0.3821389675140381
preprocess_time: 0.105545
node: 466
formulation: EFPV