instance: r_20_0.1_23.txt
obj: 10.0
bound: 10.0
gap: 0.0
time: 2.420544147491455
preprocess_time: 0.113463
node: 968
algo: RF