instance: r_20_0.4_69.txt
obj: 116.0
bound: 104.00000000000006
gap: 0.10344827586206848
time: 7199.957370042801
preprocess_time: 0.045322
sepa_time: 0.0
node: 2936616
formulation: EFP