instance: r_20_0.3_49.txt
obj: 3.0
bound: 2.0000000000000004
gap: 0.3333333333222221
time: 1365.2512049674988
preprocess_time: 0.022301
node: 1475
formulation: EF