instance: r_20_0.4_69.txt
obj: 2.0
bound: 2.0
gap: 0.0
time: 1.084197998046875
preprocess_time: 1.210191
sepa_time: 0.0
node: 1
formulation: LEFP