instance: r_20_0.2_34.txt
obj: 11.0
bound: 9.999999999999922
gap: 0.09090909090827157
time: 376.51239705085754
preprocess_time: 0.079155
node: 59206
algo: F