instance: r_20_0.4_69.txt
obj: 115.0
bound: 115.0
gap: 0.0
time: 208.82914400100708
preprocess_time: 0.034601
sepa_time: NaN
node: 119758
formulation: LEVFP