instance: r_20_0.3_49.txt
org_node: 20
org_edge: 49
org_min_len: 0.2563159329488794
org_avg_len: 0.5997113277811869
org_max_len: 0.9906862647862591
dtf_node: 46
dtf_edge: 75
dtf_min_len: 0.007363526704200374
dtf_avg_len: 0.39181140081704197
dtf_max_len: 0.599710728069859
sdb_node: 46
sdb_edge: 75
sdb_min_len: 0.007363526704200374
sdb_avg_len: 0.39181140081704197
sdb_max_len: 0.599710728069859
dlt: 0.5997113277811869
algo: None