instance: r_20_0.4_69.txt
obj: 12.0
bound: 8.402908639376005
gap: 0.29975761338283496
time: 1800.387629032135
preprocess_time: 0.039032
node: 24262
algo: EDF