instance: r_20_0.1_23.txt
obj: 44.0
bound: 44.0
gap: 0.0
time: 0.6393578052520752
preprocess_time: 1.239675
sepa_time: 3.2288278578897406e13
node: 1
formulation: LEFPV