instance: r_20_0.3_49.txt
obj: 11.0
bound: 8.600002968101505
gap: 0.2181815483524252
time: 1800.604199886322
preprocess_time: 0.079893
node: 78587
algo: SF