instance: r_20_0.1_23.txt
obj: 4.0
bound: 2.9999999999999996
gap: 0.2499999999937501
time: 0.383958101272583
preprocess_time: 0.029292
node: 96
formulation: LEFPI