instance: r_20_0.3_49.txt
obj: 11.0
bound: 10.000000000000002
gap: 0.09090909090909075
time: 176.31231212615967
preprocess_time: 0.058074
node: 26783
formulation: EFP