instance: r_20_0.3_49.txt
obj: 2.0
bound: 1.0000000000000004
gap: 0.4999999999999998
time: 1.5680491924285889
preprocess_time: 0.038934
sepa_time: 0.0
node: 1
formulation: LEFPD