instance: r_20_0.3_49.txt
obj: 11.0
bound: 8.499344190200304
gap: 0.22733234634336025
time: 1800.7435848712921
preprocess_time: 0.07125
node: 76974
algo: EVFPL