instance: r_20_0.3_49.txt
obj: 11.0
bound: 10.000000000000002
gap: 0.09090909090909075
time: 682.1427938938141
preprocess_time: 0.056648
sepa_time: 0.0
node: 114623
formulation: LEFPV2