instance: r_20_0.4_69.txt
obj: 0.0
bound: 0.0
gap: 0.0
time: 0.2301011085510254
preprocess_time: 0.043434
node: 0
algo: EVFP