instance: r_20_0.2_34.txt
obj: 62.0
bound: 55.00000000000002
gap: 0.11290322580645126
time: 7216.0507600307465
preprocess_time: 0.052844
sepa_time: 0.0
node: 40814
formulation: EF