instance: r_20_0.4_69.txt
obj: 13.0
bound: 8.010301700608048
gap: 0.3838229461041207
time: 3602.971640110016
preprocess_time: 0.060687
node: 139080
formulation: LEFPI