instance: r_20_0.2_34.txt
obj: 62.0
bound: 57.0
gap: 0.08064516129032258
time: 7199.9619970321655
preprocess_time: 0.04051
sepa_time: 0.0
node: 4974741
formulation: EFP