instance: r_20_0.1_23.txt
obj: 11.0
bound: 9.99999999999993
gap: 0.09090909090827076
time: 2.072256088256836
preprocess_time: 0.052806
node: 2137
algo: F0