instance: r_20_0.1_23.txt
obj: 34.0
bound: 34.0
gap: 0.0
time: 0.22575616836547852
preprocess_time: 0.045403
sepa_time: 0.0
node: 257
formulation: LEVFP