instance: r_20_0.1_23.txt
obj: 0.0
bound: 0.0
gap: 0.0
time: 0.0187530517578125
preprocess_time: 0.055006
node: 0
algo: EVFP