instance: r_20_0.1_23.txt
obj: 4.0
bound: 3.0
gap: 0.24999999999375
time: 2.8207058906555176
preprocess_time: 0.021226
node: 210
formulation: EF