instance: r_20_0.4_69.txt
obj: 2.0
bound: 1.0000000000000004
gap: 0.4999999999749998
time: 5.4408769607543945
preprocess_time: 0.017446
node: 170
algo: EVFPL