instance: r_20_0.1_23.txt
obj: 4.0
bound: 4.0
gap: 0.0
time: 0.26653099060058594
preprocess_time: 0.038668
sepa_time: 0.0
node: 118
formulation: LEFPV