instance: r_20_0.1_23.txt
obj: 10.0
bound: 10.0
gap: 0.0
time: 0.33069896697998047
preprocess_time: 0.04526
sepa_time: 6.9084434109725e-310
node: 71
formulation: EVFP