instance: r_20_0.4_69.txt
obj: 80.0
bound: 78.0
gap: 0.025
time: 3599.9439380168915
preprocess_time: 0.057207
sepa_time: 0.0
node: 1055293
formulation: LEFPV2