instance: r_20_0.2_34.txt
obj: 11.0
bound: 8.299999999999999
gap: 0.24545454545231415
time: 1801.74582695961
preprocess_time: 0.034078
node: 11760
formulation: EF