instance: r_20_0.3_49.txt
obj: 2.0
bound: 2.0
gap: 0.0
time: 2.271327018737793
preprocess_time: 0.961062
sepa_time: 0.0
node: 3
formulation: LEFPV