instance: r_20_0.2_34.txt
obj: 62.0
bound: 58.0
gap: 0.06451612903225806
time: 3599.9500999450684
preprocess_time: 0.052242
sepa_time: 0.0
node: 1787578
formulation: EFP