instance: r_20_0.4_69.txt
obj: 15.0
bound: 8.000023704520467
gap: 0.46666508636219106
time: 3602.2193717956543
preprocess_time: 0.047787
node: 340
formulation: EF