instance: r_20_0.4_69.txt
obj: 2.0
bound: 1.0
gap: 0.499999999975
time: 7.18544602394104
preprocess_time: 0.016557
node: 20
algo: EFPD