instance: r_20_0.1_23.txt
obj: 34.0
bound: 33.0
gap: 0.029411764705882353
time: 3600.7888429164886
preprocess_time: 0.051099
sepa_time: 5.0e-324
node: 343021
formulation: EF