instance: r_20_0.3_49.txt
obj: 2.0
bound: 1.0000000000000004
gap: 0.4999999999999998
time: 0.3755459785461426
preprocess_time: 0.030956
sepa_time: 0.0
node: 1
formulation: EVFP