instance: r_20_0.3_49.txt
obj: 84.0
bound: 78.00000000000004
gap: 0.07142857142857093
time: 7199.967077970505
preprocess_time: 0.034607
sepa_time: 0.0
node: 3460318
formulation: EFP