instance: r_20_0.4_69.txt
obj: 9.0
bound: 1.9855072463768122
gap: 0.7793880837272499
time: 1801.0066118240356
preprocess_time: 0.011091
node: 1
algo: EF