instance: r_20_0.3_49.txt
obj: 2.0
bound: 1.0000000000000002
gap: 0.4999999999749999
time: 1.442600965499878
preprocess_time: 0.021452
node: 31
algo: ERF