instance: r_20_0.3_49.txt
obj: 2.0
bound: 2.0
gap: 0.0
time: 2.5512828826904297
preprocess_time: 1.624249
sepa_time: 1.3862281761323236e13
node: 11
formulation: LEFPAV