instance: r_20_0.4_69.txt
obj: 115.0
bound: 115.0
gap: 0.0
time: 257.8410439491272
preprocess_time: 1.62247
sepa_time: 0.0
node: 66695
formulation: LEFPAD