instance: r_20_0.3_49.txt
obj: 11.0
bound: 8.27066029870995
gap: 0.2481217910241125
time: 1801.403720855713
preprocess_time: 0.086196
node: 60037
algo: RF