instance: r_20_0.1_23.txt
obj: 10.0
bound: 9.0
gap: 0.099999999999
time: 1.1847879886627197
preprocess_time: 0.061642
node: 199
algo: EFPV