instance: r_20_0.4_69.txt
obj: 11.999999499999902
bound: 8.395833333333334
gap: 0.3003471930675133
time: 1520.9640300273895
preprocess_time: 281.196972
node: 52906
algo: EFPV2