instance: r_20_0.1_23.txt
obj: 10.0
bound: 10.0
gap: 0.0
time: 3.2554938793182373
preprocess_time: 0.046506
node: 415
formulation: EF