instance: r_20_0.2_34.txt
obj: 3.0
bound: 2.0
gap: 0.3333333333222222
time: 0.21936488151550293
preprocess_time: 0.024457
node: 0
algo: EFP0