instance: r_20_0.2_34.txt
obj: 3.0
bound: 1.9999999999999996
gap: 0.33333333332222237
time: 0.40857696533203125
preprocess_time: 0.025988
node: 0
algo: EVFP0