instance: r_20_0.3_49.txt
obj: 2.0
bound: 2.0
gap: 0.0
time: 1.0810308456420898
preprocess_time: 0.03882
sepa_time: 0.0
node: 27
formulation: LEFPV