instance: r_20_0.4_69.txt
obj: 2.0
bound: 2.0
gap: 0.0
time: 1.8431830406188965
preprocess_time: 0.949305
sepa_time: 1.3841716341218258e13
node: 1
formulation: LEFPAV