instance: r_20_0.3_49.txt
obj: 2.0
bound: 1.0
gap: 0.499999999975
time: 2.146182060241699
preprocess_time: 0.025781
node: 230
formulation: EVFP