instance: r_20_0.2_34.txt
obj: 61.0
bound: 60.00000000000012
gap: 0.01639344262294884
time: 2.006527900695801
preprocess_time: 0.045468
sepa_time: 0.0
node: 2175
formulation: LEFP