instance: r_20_0.2_34.txt
org_node: 20
org_edge: 34
org_min_len: 0.27087560603331007
org_avg_len: 0.6142704165081561
org_max_len: 0.9824660469310703
dtf_node: 33
dtf_edge: 47
dtf_min_len: 0.011133912276551694
dtf_avg_len: 0.4443658332186661
dtf_max_len: 1.671255587357936
sdb_node: 39
sdb_edge: 53
sdb_min_len: 0.011133912276551694
sdb_avg_len: 0.3940602671939114
sdb_max_len: 0.6142698022377395
dlt: 0.6142704165081561
algo: None