instance: r_20_0.4_69.txt
obj: 2.0
bound: 1.0
gap: 0.499999999975
time: 2.0950889587402344
preprocess_time: 0.024633
node: 80
algo: EFPLg