instance: r_20_0.2_34.txt
obj: 3.0
bound: 2.0
gap: 0.3333333333222222
time: 0.8157269954681396
preprocess_time: 0.406662
node: 14
algo: EFPV