instance: r_20_0.4_69.txt
obj: 115.0
bound: 115.0
gap: 0.0
time: 136.85434293746948
preprocess_time: 0.952515
sepa_time: 0.0
node: 90212
formulation: LEFP