instance: r_20_0.2_34.txt
obj: 44.0
bound: 43.000000000000014
gap: 0.022727272727272405
time: 2.5937118530273438
preprocess_time: 0.046496
sepa_time: 0.0
node: 2532
formulation: LEFPV2