instance: r_20_0.3_49.txt
obj: 3.0
bound: 2.0
gap: 0.3333333333222222
time: 0.9240920543670654
preprocess_time: 0.028651
node: 0
algo: ESFV