instance: r_20_0.2_34.txt
obj: 11.0
bound: 9.999999999999913
gap: 0.09090909090827237
time: 200.13561606407166
preprocess_time: 5.93559
node: 48701
algo: EFPV2