instance: r_20_0.1_23.txt
obj: 4.0
bound: 4.0
gap: 0.0
time: 6.988990068435669
preprocess_time: 0.015078
sepa_time: 6.9437668659249e-310
node: 1
formulation: EF