instance: r_20_0.3_49.txt
obj: 3.0
bound: 1.9999999999999996
gap: 0.33333333332222237
time: 1562.3797588348389
preprocess_time: 0.025258
node: 1493
formulation: EF