instance: r_20_0.1_23.txt
obj: 4.0
bound: 4.0
gap: 0.0
time: 0.10230112075805664
preprocess_time: 0.037325
sepa_time: 0.0
node: 1
formulation: LEVFP