instance: r_20_0.1_23.txt
obj: 10.000000533401208
bound: 9.015358113452288
gap: 0.098464236741813
time: 2.8905770778656006
preprocess_time: 0.059608
node: 1473
algo: EVFP0