instance: r_20_0.1_23.txt
obj: 5.0
bound: 5.0
gap: 0.0
time: 0.00776982307434082
preprocess_time: 0.036583
node: 0
algo: SFD