instance: r_20_0.4_69.txt
obj: 2.0
bound: 1.0
gap: 0.499999999975
time: 4.0182578563690186
preprocess_time: 0.026655
node: 49
algo: EVFP0