instance: r_20_0.4_69.txt
obj: 83.0
bound: 81.0
gap: 0.024096385542168676
time: 3599.9435391426086
preprocess_time: 0.057947
sepa_time: 0.0
node: 312506
formulation: LEFPD