instance: r_20_0.3_49.txt
obj: 11.0
bound: 9.999999999999915
gap: 0.09090909090827222
time: 3224.685961008072
preprocess_time: 0.059447
node: 188474
formulation: LEFPD