instance: r_20_0.3_49.txt
obj: 11.0
bound: 9.010068759592679
gap: 0.18090284003538462
time: 1800.857558965683
preprocess_time: 0.586531
node: 85899
algo: EFPV