instance: r_20_0.4_69.txt
obj: 2.0
bound: 2.0
gap: 0.0
time: 2.8378660678863525
preprocess_time: 0.031245
node: 0
formulation: LEFPD