instance: r_20_0.3_49.txt
obj: 11.0
bound: 10.000000000000002
gap: 0.09090909090909075
time: 898.0747117996216
preprocess_time: 0.046374
node: 42905
formulation: LEVFP