instance: r_20_0.4_69.txt
obj: 115.0
bound: 115.0
gap: 0.0
time: 186.40802693367004
preprocess_time: 1.615304
sepa_time: 1.475865010839566e14
node: 95718
formulation: LEFPAV