instance: r_20_0.2_34.txt
obj: 61.0
bound: 61.0
gap: 0.0
time: 1.1374359130859375
preprocess_time: 1.620825
sepa_time: 1.3850813498563018e13
node: 828
formulation: LEFPAV