instance: r_20_0.1_23.txt
obj: 10.0
bound: 8.999999999999904
gap: 0.09999999999900959
time: 223.02251315116882
preprocess_time: 0.035255
node: 54324
formulation: EF