instance: r_20_0.1_23.txt
obj: 11.0
bound: 10.000000000000002
gap: 0.0909090909082643
time: 0.14864897727966309
preprocess_time: 0.042377
node: 20
formulation: LEFPD