instance: r_20_0.2_34.txt
obj: 12.0
bound: 11.0
gap: 0.08333333333263888
time: 1.670823097229004
preprocess_time: 0.045608
node: 1292
formulation: LEFP