instance: r_20_0.4_69.txt
obj: 115.0
bound: 115.0
gap: 0.0
time: 231.5512511730194
preprocess_time: 0.945018
sepa_time: 0.0
node: 67379
formulation: LEFPAD