instance: r_20_0.2_34.txt
obj: 61.0
bound: 61.0
gap: 0.0
time: 1.8268041610717773
preprocess_time: 0.045932
sepa_time: 6.9508574932652e-310
node: 1928
formulation: LEVFP