instance: r_20_0.1_23.txt
obj: 10.0
bound: 10.0
gap: 0.0
time: 0.26865696907043457
preprocess_time: 0.064631
node: 40
algo: RF