instance: r_20_0.3_49.txt
obj: 2.0
bound: 2.0
gap: 0.0
time: 1.1506438255310059
preprocess_time: 0.992196
sepa_time: 0.0
node: 74
formulation: LEFPA