instance: r_20_0.3_49.txt
obj: 84.0
bound: 84.0
gap: 0.0
time: 240.08808994293213
preprocess_time: 1.621492
sepa_time: 1.3849213752094324e13
node: 172807
formulation: LEFPAV