instance: r_20_0.4_69.txt
obj: 2.0
bound: 2.0
gap: 0.0
time: 0.9598419666290283
preprocess_time: 1.60196
sepa_time: 0.0
node: 1
formulation: LEFPA