instance: r_20_0.1_23.txt
obj: 34.0
bound: 34.0
gap: 0.0
time: 0.30754709243774414
preprocess_time: 0.044128
sepa_time: 0.0
node: 734
formulation: LEFPV