instance: r_20_0.3_49.txt
obj: 0.0
bound: 0.0
gap: 0.0
time: 0.18504691123962402
preprocess_time: 0.026438
node: 0
algo: EVFP