instance: r_20_0.1_23.txt
obj: 44.0
bound: 41.0
gap: 0.06818181818181818
time: 7199.963976860046
preprocess_time: 0.037361
sepa_time: 0.0
node: 5012317
formulation: EFP