instance: r_20_0.3_49.txt
obj: 84.0
bound: 84.0
gap: 0.0
time: 985.7207868099213
preprocess_time: 0.941949
sepa_time: 1.3338641561790805e14
node: 931875
formulation: LEFPAV