instance: treeB.700.105
obj: 141.0
bound: 141.0
gap: 0.0
time: 292.197860956192
preprocess_time: 0.223997
sepa_time: 6.94808543901485e-310
node: 2569
formulation: LEVFP