instance: treeB.150.22
obj: 32.0
bound: 32.0
gap: 0.0
time: 0.41567492485046387
preprocess_time: 1.360282
sepa_time: 0.0
node: 1
formulation: LEFPAI