instance: treeB.200.40
obj: 460.0
bound: 460.0
gap: 0.0
time: 203.63716197013855
preprocess_time: 1.053092
sepa_time: 0.0
node: 124730
formulation: LEFPA