instance: treeB.200.30
obj: 308.0
bound: 308.0
gap: 0.0
time: 0.005012989044189453
preprocess_time: 1.753027
sepa_time: 0.0
node: 0
formulation: LEFPAI