instance: treeB.200.40
obj: 460.0
bound: 460.0
gap: 0.0
time: 54.05704212188721
preprocess_time: 1.355195
sepa_time: 0.0
node: 24886
formulation: LEFPAI