instance: treeB.400.20
obj: 108.0
bound: 108.0
gap: 0.0
time: 3.6384708881378174
preprocess_time: 1.401434
sepa_time: 0.0
node: 655
formulation: LEFPAI