instance: treeB.300.30
obj: 58.0
bound: 58.0
gap: 0.0
time: 8.155753135681152
preprocess_time: 0.981735
sepa_time: 0.0
node: 695
formulation: LEFPAD