instance: treeB.600.30
obj: 1247.0
bound: 1140.0
gap: 0.08580593424218123
time: 7197.892269849777
preprocess_time: 2.134557
sepa_time: 0.0
node: 348460
formulation: EFP