instance: treeB.250.25
obj: 55.0
bound: 55.0
gap: 0.0
time: 4.732635021209717
preprocess_time: 1.104069
sepa_time: 0.0
node: 433
formulation: LEFPAD