instance: treeB.150.30
obj: 345.0
bound: 316.0
gap: 0.08405797101449275
time: 7199.744837999344
preprocess_time: 0.266735
sepa_time: 0.0
node: 1600207
formulation: EFP