instance: treeB.500.50
obj: 1074.0
bound: 1072.0
gap: 0.00186219739292365
time: 7198.704236030579
preprocess_time: 1.299384
sepa_time: 0.0
node: 2336847
formulation: LEFP