instance: treeB.300.30
obj: 58.0
bound: 58.0
gap: 0.0
time: 5.060057163238525
preprocess_time: 0.919956
sepa_time: 0.0
node: 522
formulation: LEFP