instance: treeB.250.25
obj: 55.0
bound: 55.0
gap: 0.0
time: 1.548586130142212
preprocess_time: 0.983444
sepa_time: 5.099172431378889e13
node: 221
formulation: LEFPAV