instance: treeB.350.70
obj: 63.99999999526
bound: 63.00000000000015
gap: 0.015624999927092362
time: 7199.002310991287
preprocess_time: 1.002416
sepa_time: 0.0
node: 864868
formulation: LEFP