instance: treeB.500.75
obj: 122.0
bound: 122.0
gap: 0.0
time: 198.61777687072754
preprocess_time: 1.077867
sepa_time: 0.0
node: 18570
formulation: LEFPAI