instance: treeB.250.25
org_node: 250
org_edge: 274
org_min_len: 1.0004059396972875
org_avg_len: 1.5012891805865225
org_max_len: 1.9999078285092091
dtf_node: 250
dtf_edge: 274
dtf_min_len: 1.0004059396972875
dtf_avg_len: 1.5012891805865225
dtf_max_len: 1.9999078285092091
sdb_node: 250
sdb_edge: 274
sdb_min_len: 1.0004059396972875
sdb_avg_len: 1.5012891805865225
sdb_max_len: 1.9999078285092091
dlt: 3.002578361173045
formulation: None