instance: treeB.300.30
obj: 58.0
bound: 58.0
gap: 0.0
time: 13.15258502960205
preprocess_time: 0.040571
sepa_time: 5.0e-324
node: 726
formulation: LEVFP