instance: treeB.700.70
obj: 142.0
bound: 142.0
gap: 0.0
time: 49.10393500328064
preprocess_time: 0.212602
sepa_time: 4.0e-322
node: 735
formulation: LEVFP