instance: treeB.400.20
obj: 671.0
bound: 671.0
gap: 0.0
time: 0.015435934066772461
preprocess_time: 1.346216
sepa_time: 0.0
node: 0
formulation: LEFPAD