instance: treeB.300.45
obj: 61.0
bound: 61.0
gap: 0.0
time: 70.98170781135559
preprocess_time: 0.04171
sepa_time: 0.0
node: 5258
formulation: EFP