instance: treeB.500.25
obj: 140.0
bound: 139.00000000000043
gap: 0.007142857142854097
time: 7198.195026874542
preprocess_time: 1.809785
sepa_time: 0.0
node: 1839246
formulation: LEFPAD