instance: treeB.300.60
obj: 58.0
bound: 57.000000000000064
gap: 0.017241379310343724
time: 7199.018709897995
preprocess_time: 0.988824
sepa_time: 1.3393385934352675e14
node: 1268578
formulation: LEFPAV