instance: treeB.400.20
obj: 839.0
bound: 767.0
gap: 0.08581644815256258
time: 7198.670577049255
preprocess_time: 1.353803
sepa_time: 0.0
node: 730065
formulation: EFP