instance: treeB.150.30
obj: 343.0
bound: 343.0
gap: 0.0
time: 7048.464284181595
preprocess_time: 1.338646
sepa_time: 0.0
node: 4191380
formulation: LEFPAI