instance: treeB.200.20
obj: 434.0
bound: 434.0
gap: 0.0
time: 1926.7498879432678
preprocess_time: 1.369366
sepa_time: 0.0
node: 726974
formulation: LEFPAD