instance: treeB.700.35
obj: 1445.0
bound: 1439.0
gap: 0.004152249134948097
time: 7198.6599950790405
preprocess_time: 1.34526
sepa_time: 0.0
node: 4604199
formulation: LEFP