instance: treeB.250.37
obj: 557.0
bound: 557.0
gap: 0.0
time: 624.4863519668579
preprocess_time: 0.992764
sepa_time: 1.3842199804211832e13
node: 456288
formulation: LEFPAV