instance: treeB.400.60
obj: 79.0
bound: 79.0
gap: 0.0
time: 98.62013983726501
preprocess_time: 0.075902
sepa_time: 1.63e-322
node: 1237
formulation: LEVFP