instance: treeB.500.25
obj: 848.0
bound: 848.0
gap: 0.0
time: 0.007314920425415039
preprocess_time: 1.788866
sepa_time: 0.0
node: 0
formulation: LEFPAI