instance: treeB.700.70
obj: 188.0
bound: 187.00006291176933
gap: 0.0053188142990992894
time: 52.56903290748596
preprocess_time: 1.467428
sepa_time: 1.7094276586362394e14
node: 3238
formulation: LEFPAV