instance: treeB.500.50
obj: 131.0
bound: 128.0
gap: 0.022900763358778626
time: 7198.131922006607
preprocess_time: 1.876288
sepa_time: 0.0
node: 302549
formulation: LEFPAD