instance: treeB.700.70
obj: 142.0
bound: 139.0000000000001
gap: 0.02112676056337948
time: 7199.791546821594
preprocess_time: 0.219919
sepa_time: 0.0
node: 766476
formulation: EFP