instance: treeB.350.52
obj: 68.0
bound: 68.0
gap: 0.0
time: 7.387807130813599
preprocess_time: 1.387936
sepa_time: 0.0
node: 768
formulation: LEFPA