instance: treeB.300.15
obj: 631.0
bound: 569.0
gap: 0.098256735340729
time: 7199.098681926727
preprocess_time: 0.917615
sepa_time: 0.0
node: 1115233
formulation: EFP