instance: treeB.700.105
obj: 141.0
bound: 141.0
gap: 0.0
time: 73.21688890457153
preprocess_time: 0.22343
sepa_time: 0.0
node: 640
formulation: EFP