instance: treeB.200.20
obj: 45.0
bound: 45.0
gap: 0.0
time: 1.018707036972046
preprocess_time: 0.983581
sepa_time: 8.767693925352786e13
node: 1
formulation: LEFPAV