instance: treeB.250.25
obj: 55.0
bound: 55.0
gap: 0.0
time: 2.2339539527893066
preprocess_time: 1.041085
sepa_time: 0.0
node: 165
formulation: LEFP