instance: treeB.700.105
obj: 1562.0
bound: 1544.0
gap: 0.011523687580025609
time: 7199.875817060471
preprocess_time: 0.136354
sepa_time: 6.9454168117775e-310
node: 2443144
formulation: LEVFP