instance: treeB.500.25
obj: 140.0
bound: 139.00000000000043
gap: 0.007142857142854097
time: 7198.020350933075
preprocess_time: 1.986278
sepa_time: 0.0
node: 1634333
formulation: LEFPAD