instance: treeB.150.22
obj: 332.0
bound: 332.0
gap: 0.0
time: 21.239965200424194
preprocess_time: 0.948787
sepa_time: 1.3843142738511838e13
node: 10384
formulation: LEFPAV