instance: treeB.700.70
obj: 188.0
bound: 188.0
gap: 0.0
time: 156.55800795555115
preprocess_time: 1.971236
sepa_time: 0.0
node: 15411
formulation: LEFPA