instance: treeB.300.60
obj: 58.0
bound: 57.00000000000004
gap: 0.017241379310344092
time: 7199.959200143814
preprocess_time: 0.044426
sepa_time: 0.0
node: 879078
formulation: EFP