instance: treeB.300.15
obj: 524.0
bound: 524.0
gap: 0.0
time: 0.0033409595489501953
preprocess_time: 1.37244
sepa_time: 0.0
node: 0
formulation: LEFPA