instance: treeB.200.20
obj: 434.0
bound: 434.0
gap: 0.0
time: 13.46402382850647
preprocess_time: 1.330925
sepa_time: 0.0
node: 6309
formulation: LEFPAD