instance: treeB.500.75
obj: 122.0
bound: 121.0
gap: 0.00819672131147541
time: 7198.514424085617
preprocess_time: 1.491801
sepa_time: 0.0
node: 520135
formulation: LEFPAD