instance: treeB.300.15
obj: 80.0
bound: 80.0
gap: 0.0
time: 0.9045698642730713
preprocess_time: 1.332701
sepa_time: 0.0
node: 420
formulation: LEFPA