instance: treeB.300.30
obj: 75.0
bound: 75.0
gap: 0.0
time: 46.99847197532654
preprocess_time: 1.392007
sepa_time: 0.0
node: 5481
formulation: LEFPAD