instance: treeB.300.60
obj: 689.0
bound: 685.0
gap: 0.005805515239477504
time: 7198.6290900707245
preprocess_time: 1.371703
sepa_time: 0.0
node: 1952256
formulation: LEFPAI