instance: treeB.600.30
obj: 127.0
bound: 127.0
gap: 0.0
time: 4.911444902420044
preprocess_time: 0.163223
sepa_time: 0.0
node: 1
formulation: LEVFP