instance: treeB.200.20
obj: 45.0
bound: 45.0
gap: 0.0
time: 0.9178688526153564
preprocess_time: 1.126626
sepa_time: 0.0
node: 1
formulation: LEFPA