instance: treeB.600.90
obj: 153.0
bound: 152.0
gap: 0.006535947712418301
time: 7198.063930034637
preprocess_time: 1.938795
sepa_time: 0.0
node: 764913
formulation: LEFPAI