instance: treeB.600.30
obj: 164.0
bound: 164.0
gap: 0.0
time: 5.411965847015381
preprocess_time: 1.874501
sepa_time: 0.0
node: 605
formulation: LEFPAD