instance: treeB.300.60
obj: 58.0
bound: 57.0
gap: 0.017241379310344827
time: 7199.961227893829
preprocess_time: 0.043373
sepa_time: 1.2102008135e-314
node: 165253
formulation: LEVFP