instance: treeB.100.20
org_node: 100
org_edge: 119
org_min_len: 1.0505883295248812
org_avg_len: 1.5078534175184066
org_max_len: 1.9992824684127266
dtf_node: 100
dtf_edge: 119
dtf_min_len: 1.0505883295248812
dtf_avg_len: 1.5078534175184066
dtf_max_len: 1.9992824684127266
sdb_node: 100
sdb_edge: 119
sdb_min_len: 1.0505883295248812
sdb_avg_len: 1.5078534175184066
sdb_max_len: 1.9992824684127266
dlt: 3.0157068350368132
formulation: None