instance: treeB.300.45
obj: 61.0
bound: 61.0
gap: 0.0
time: 13.799849033355713
preprocess_time: 1.068561
sepa_time: 2.0288623345999622e14
node: 649
formulation: LEFPAV