instance: treeB.500.50
obj: 131.0
bound: 130.0
gap: 0.007633587786259542
time: 7198.147421121597
preprocess_time: 1.858778
sepa_time: 0.0
node: 1056196
formulation: LEFPA