instance: treeB.700.35
obj: 190.0
bound: 190.0
gap: 0.0
time: 4.753399848937988
preprocess_time: 1.258339
sepa_time: 0.0
node: 606
formulation: LEFPAI