instance: treeB.250.50
obj: 52.0
bound: 52.0
gap: 0.0
time: 6.285589933395386
preprocess_time: 0.99814
sepa_time: 6.450741000109996e13
node: 949
formulation: LEFPAV