instance: treeB.400.40
obj: 85.0
bound: 84.00000000000011
gap: 0.011764705882351604
time: 7198.29639005661
preprocess_time: 1.711021
sepa_time: 0.0
node: 644989
formulation: LEFPAD