instance: treeB.100.20
obj: 19.0
bound: 19.0
gap: 0.0
time: 0.7362809181213379
preprocess_time: 1.014511
sepa_time: 0.0
node: 18
formulation: LEFP