instance: treeB.500.75
obj: 122.0
bound: 121.000043413979
gap: 0.008196365459188523
time: 400.4523890018463
preprocess_time: 1.851704
sepa_time: 0.0
node: 61420
formulation: LEFPA