instance: treeB.600.60
obj: 982.0
bound: 982.0
gap: 0.0
time: 0.011731863021850586
preprocess_time: 2.078912
sepa_time: 0.0
node: 0
formulation: LEFPAI