instance: treeB.200.30
obj: 308.0
bound: 308.0
gap: 0.0
time: 0.003432035446166992
preprocess_time: 1.744617
sepa_time: 0.0
node: 0
formulation: LEFPAV