instance: treeB.200.20
obj: 46.0
bound: 46.0
gap: 0.0
time: 159.67366480827332
preprocess_time: 1.741862
sepa_time: 0.0
node: 73386
formulation: LEFPAI