instance: treeB.700.35
obj: 190.0
bound: 190.0
gap: 0.0
time: 4.1040239334106445
preprocess_time: 1.912179
sepa_time: 2.3057937236050742e13
node: 613
formulation: LEFPAV