instance: treeB.300.45
obj: 77.0
bound: 76.0000000000002
gap: 0.012987012987010403
time: 7198.209580183029
preprocess_time: 1.794804
sepa_time: 0.0
node: 1843392
formulation: LEFPA