instance: treeB.600.30
obj: 1241.0000000005589
bound: 1235.0
gap: 0.0048348106370315735
time: 7199.926696062088
preprocess_time: 0.076219
sepa_time: 0.0
node: 4938695
formulation: LEVFP