instance: treeB.400.60
obj: 79.0
bound: 79.0
gap: 0.0
time: 420.93746399879456
preprocess_time: 0.076477
sepa_time: 0.0
node: 33008
formulation: EFP