instance: treeB.700.105
obj: 1562.0
bound: 1546.0
gap: 0.010243277848911651
time: 7199.049603939056
preprocess_time: 0.953338
sepa_time: 0.0
node: 3355570
formulation: LEFP