instance: treeB.250.25
obj: 535.0
bound: 535.0
gap: 0.0
time: 158.4251570701599
preprocess_time: 1.377704
sepa_time: 0.0
node: 37272
formulation: LEFPAD