instance: treeB.150.22
obj: 332.0
bound: 332.0
gap: 0.0
time: 93.68765211105347
preprocess_time: 0.03816
sepa_time: 6.91045345327863e-310
node: 53890
formulation: LEVFP