instance: treeB.300.30
obj: 645.0
bound: 644.0000000000008
gap: 0.001550387596897991
time: 7198.651444911957
preprocess_time: 1.34934
sepa_time: 0.0
node: 4031024
formulation: LEFPAI