instance: treeB.200.30
obj: 40.0
bound: 40.0
gap: 0.0
time: 2.531498908996582
preprocess_time: 1.066876
sepa_time: 0.0
node: 271
formulation: LEFPA