instance: treeB.200.40
obj: 39.0
bound: 39.0
gap: 0.0
time: 1.9191899299621582
preprocess_time: 1.066493
sepa_time: 0.0
node: 54
formulation: LEFPAD