instance: treeB.500.75
obj: 763.0
bound: 763.0
gap: 0.0
time: 0.008320093154907227
preprocess_time: 1.39961
sepa_time: 0.0
node: 0
formulation: LEFPAI