instance: treeB.400.20
obj: 108.0
bound: 108.0
gap: 0.0
time: 2.9446299076080322
preprocess_time: 1.419098
sepa_time: 0.0
node: 596
formulation: LEFPAD