instance: treeB.350.70
obj: 64.0
bound: 64.0
gap: 0.0
time: 944.5149309635162
preprocess_time: 1.037351
sepa_time: 0.0
node: 13451
formulation: LEFPAD