instance: treeB.350.70
obj: 810.0
bound: 727.0
gap: 0.10246913580246914
time: 7198.666926860809
preprocess_time: 1.352409
sepa_time: 0.0
node: 472827
formulation: EFP