instance: treeB.500.25
obj: 140.0
bound: 140.0
gap: 0.0
time: 370.1130340099335
preprocess_time: 1.795191
sepa_time: 0.0
node: 228352
formulation: LEFPAI