instance: treeB.100.10
obj: 20.0
bound: 20.0
gap: 0.0
time: 0.24291419982910156
preprocess_time: 1.12429
sepa_time: 0.0
node: 1
formulation: LEFPA