instance: treeB.350.52
org_node: 350
org_edge: 401
org_min_len: 1.001151067448112
org_avg_len: 1.4947331180589507
org_max_len: 1.9969454749325635
dtf_node: 263
dtf_edge: 314
dtf_min_len: 1.001151067448112
dtf_avg_len: 1.908878918285477
dtf_max_len: 6.260623683196265
sdb_node: 1700
sdb_edge: 1751
sdb_min_len: 0.2815615674523472
sdb_avg_len: 0.34231181058917176
sdb_max_len: 0.3735766259039805
dlt: 0.3736832795147377
formulation: None