instance: treeB.300.45
obj: 451.0
bound: 451.0
gap: 0.0
time: 0.003412008285522461
preprocess_time: 1.337935
sepa_time: 0.0
node: 0
formulation: LEFPAV