instance: treeB.600.60
obj: 130.0
bound: 130.0
gap: 0.0
time: 171.39279198646545
preprocess_time: 1.908666
sepa_time: 0.0
node: 4204
formulation: LEFPAD