instance: treeB.600.60
obj: 1289.0
bound: 1285.0
gap: 0.0031031807602792862
time: 7198.758022069931
preprocess_time: 1.242968
sepa_time: 0.0
node: 3333458
formulation: LEFPAI