instance: treeB.300.45
obj: 77.0
bound: 76.00000000000014
gap: 0.012987012987011142
time: 7198.020484924316
preprocess_time: 1.984399
sepa_time: 0.0
node: 1696048
formulation: LEFPA