instance: treeB.250.37
obj: 557.0
bound: 556.0
gap: 0.0017953321364452424
time: 7198.475750207901
preprocess_time: 1.525041
sepa_time: 0.0
node: 4571398
formulation: LEFPAI