instance: treeB.700.35
obj: 1462.0
bound: 1326.0
gap: 0.09302325581395349
time: 7196.5018990039825
preprocess_time: 3.529983
sepa_time: 0.0
node: 250701
formulation: EFP