instance: treeB.600.30
obj: 164.0
bound: 164.0
gap: 0.0
time: 3.269832134246826
preprocess_time: 1.48678
sepa_time: 0.0
node: 642
formulation: LEFPAI