instance: treeB.300.45
obj: 77.0
bound: 76.00000599446378
gap: 0.012986935136834066
time: 1566.9318392276764
preprocess_time: 1.333515
sepa_time: 0.0
node: 436249
formulation: LEFPAI