instance: treeB.500.25
obj: 140.0
bound: 140.0
gap: 0.0
time: 382.9326219558716
preprocess_time: 1.850374
sepa_time: 0.0
node: 228352
formulation: LEFPAI