instance: treeB.400.40
obj: 862.0
bound: 855.0
gap: 0.008120649651972157
time: 7198.26456618309
preprocess_time: 1.737972
sepa_time: 0.0
node: 388925
formulation: LEFPAD