instance: treeB.100.15
obj: 220.0
bound: 220.0
gap: 0.0
time: 18.336868047714233
preprocess_time: 0.037011
sepa_time: 8.4e-323
node: 13090
formulation: LEVFP