instance: treeB.500.75
obj: 122.0
bound: 122.0
gap: 0.0
time: 213.25274515151978
preprocess_time: 1.85175
sepa_time: 0.0
node: 18570
formulation: LEFPAI