instance: treeB.250.37
obj: 54.0
bound: 54.0
gap: 0.0
time: 4.4329140186309814
preprocess_time: 1.033206
sepa_time: 1.2455658814444111e14
node: 1123
formulation: LEFPAV