instance: treeB.300.45
obj: 61.0
bound: 60.00000000000012
gap: 0.01639344262294884
time: 7198.32964015007
preprocess_time: 1.671338
sepa_time: 0.0
node: 1644640
formulation: LEFPAI