instance: treeB.150.15
org_node: 150
org_edge: 164
org_min_len: 1.0035456890877823
org_avg_len: 1.5339658308635862
org_max_len: 1.9992824684127266
dtf_node: 150
dtf_edge: 164
dtf_min_len: 1.0035456890877823
dtf_avg_len: 1.5339658308635862
dtf_max_len: 1.9992824684127266
sdb_node: 150
sdb_edge: 164
sdb_min_len: 1.0035456890877823
sdb_avg_len: 1.5339658308635862
sdb_max_len: 1.9992824684127266
dlt: 3.0679316617271724
formulation: None