instance: treeB.400.20
obj: 108.0
bound: 108.0
gap: 0.0
time: 3.5345299243927
preprocess_time: 1.360718
sepa_time: 0.0
node: 655
formulation: LEFPAI