instance: treeB.200.40
obj: 39.0
bound: 39.0
gap: 0.0
time: 2.535534143447876
preprocess_time: 1.071329
sepa_time: 0.0
node: 1
formulation: LEFPAD