instance: treeB.500.75
obj: 1113.0
bound: 1110.0
gap: 0.0026954177897574125
time: 7198.981056928635
preprocess_time: 1.021024
sepa_time: 0.0
node: 2944848
formulation: LEFP