instance: treeB.350.70
obj: 804.0
bound: 803.0
gap: 0.0012437810945273632
time: 7198.639630079269
preprocess_time: 1.361239
sepa_time: 0.0
node: 1667253
formulation: LEFPAI