instance: treeB.200.30
obj: 443.0
bound: 442.0
gap: 0.002257336343115124
time: 7199.959125995636
preprocess_time: 0.042738
sepa_time: 0.0
node: 4156699
formulation: LEVFP