instance: treeB.250.25
obj: 535.0
bound: 535.0
gap: 0.0
time: 5.169395923614502
preprocess_time: 1.279778
sepa_time: 0.0
node: 2430
formulation: LEFP