instance: treeB.200.10
obj: 59.0
bound: 59.0
gap: 0.0
time: 2.3863940238952637
preprocess_time: 1.924886
sepa_time: 0.0
node: 2313
formulation: LEFPA