instance: treeB.700.70
obj: 188.0
bound: 188.0
gap: 0.0
time: 141.2323398590088
preprocess_time: 1.137787
sepa_time: 0.0
node: 15411
formulation: LEFPA