instance: treeB.700.70
obj: 142.0
bound: 142.0
gap: 0.0
time: 29.660226106643677
preprocess_time: 0.222717
sepa_time: 0.0
node: 660
formulation: EFP