instance: treeB.600.90
obj: 153.0
bound: 152.0
gap: 0.006535947712418301
time: 7198.503719091415
preprocess_time: 1.504117
sepa_time: 0.0
node: 771385
formulation: LEFPAI