instance: treeB.400.40
obj: 862.0
bound: 860.0
gap: 0.002320185614849188
time: 7198.2203052043915
preprocess_time: 1.780414
sepa_time: 0.0
node: 2651682
formulation: LEFPAI