instance: treeB.200.30
obj: 443.0
bound: 443.0
gap: 0.0
time: 3683.7736020088196
preprocess_time: 1.321981
sepa_time: 0.0
node: 1720202
formulation: LEFPA