instance: treeB.700.35
obj: 152.0
bound: 152.0
gap: 0.0
time: 8.588681936264038
preprocess_time: 1.846178
sepa_time: 0.0
node: 1869
formulation: LEFPAD