instance: treeB.250.37
obj: 54.0
bound: 54.0
gap: 0.0
time: 11.016173124313354
preprocess_time: 1.33855
sepa_time: 0.0
node: 1581
formulation: LEFPA