instance: treeB.350.70
obj: 805.0
bound: 801.0
gap: 0.004968944099378882
time: 7198.755712032318
preprocess_time: 1.24832
sepa_time: 0.0
node: 3397236
formulation: LEFP