instance: treeB.200.20
obj: 59.0
bound: 59.0
gap: 0.0
time: 2149.9570429325104
preprocess_time: 1.294489
sepa_time: 0.0
node: 1121831
formulation: LEFPAD