instance: treeB.600.60
obj: 982.0
bound: 982.0
gap: 0.0
time: 0.03365015983581543
preprocess_time: 1.846566
sepa_time: 0.0
node: 0
formulation: LEFPAD