instance: treeB.600.30
obj: 164.0
bound: 164.0
gap: 0.0
time: 3.2592849731445312
preprocess_time: 1.885422
sepa_time: 0.0
node: 642
formulation: LEFPAI