instance: treeB.300.60
obj: 689.0
bound: 687.0000000000011
gap: 0.0029027576197371016
time: 7199.011512994766
preprocess_time: 0.98982
sepa_time: 1.8446740762290285e13
node: 2749079
formulation: LEFPAV