instance: treeB.300.30
obj: 490.0
bound: 490.0
gap: 0.0
time: 0.005151987075805664
preprocess_time: 1.754451
sepa_time: 0.0
node: 0
formulation: LEFPAI