instance: treeB.200.20
obj: 59.0
bound: 59.0
gap: 0.0
time: 18.406760931015015
preprocess_time: 1.309413
sepa_time: 0.0
node: 10279
formulation: LEFPA