instance: treeB.500.25
obj: 140.0
bound: 139.00000000000043
gap: 0.007142857142854097
time: 7198.95001912117
preprocess_time: 1.052881
sepa_time: 0.0
node: 1766430
formulation: LEFPAD