instance: treeB.500.75
obj: 102.0
bound: 99.0
gap: 0.029411764705882353
time: 7198.206892967224
preprocess_time: 1.804986
sepa_time: 0.0
node: 345503
formulation: LEFPAD