instance: treeB.100.10
obj: 214.0
bound: 214.0
gap: 0.0
time: 0.15500807762145996
preprocess_time: 1.351563
sepa_time: 0.0
node: 93
formulation: LEFPA