instance: treeB.200.20
obj: 329.0
bound: 329.0
gap: 0.0
time: 0.003086090087890625
preprocess_time: 1.311468
sepa_time: 0.0
node: 0
formulation: LEFPA