instance: treeB.300.45
obj: 61.0
bound: 61.0
gap: 0.0
time: 49.37338900566101
preprocess_time: 0.048849
sepa_time: 6.94766966967125e-310
node: 649
formulation: LEVFP