instance: treeB.200.20
obj: 329.0
bound: 329.0
gap: 0.0
time: 0.012018203735351562
preprocess_time: 1.756564
sepa_time: 0.0
node: 0
formulation: LEFPAD