instance: treeB.150.30
obj: 32.0
bound: 32.0
gap: 0.0
time: 97.88313603401184
preprocess_time: 1.068878
sepa_time: 0.0
node: 25203
formulation: LEFPAI