instance: treeB.350.52
obj: 68.0
bound: 68.0
gap: 0.0
time: 26.122629165649414
preprocess_time: 1.361826
sepa_time: 0.0
node: 1445
formulation: LEFPAD