instance: treeB.400.40
obj: 83.0
bound: 82.0
gap: 0.012048192771084338
time: 7199.9506850242615
preprocess_time: 0.053023
sepa_time: 0.0
node: 1539754
formulation: EFP