instance: treeB.100.20
obj: 230.0
bound: 230.0
gap: 0.0
time: 4.900213003158569
preprocess_time: 1.025415
sepa_time: 0.0
node: 5761
formulation: LEFPA