instance: treeB.350.52
obj: 68.0
bound: 68.0
gap: 0.0
time: 1.9755938053131104
preprocess_time: 0.987781
sepa_time: 7.864807852879814e13
node: 1
formulation: LEFPAV