instance: treeB.300.45
obj: 677.0
bound: 602.0
gap: 0.11078286558345643
time: 7199.011687040329
preprocess_time: 1.005351
sepa_time: 0.0
node: 765016
formulation: EFP