instance: treeB.600.30
obj: 127.0
bound: 127.0
gap: 0.0
time: 172.2626190185547
preprocess_time: 1.418823
sepa_time: 0.0
node: 11489
formulation: LEFP