instance: treeB.200.20
obj: 45.0
bound: 45.0
gap: 0.0
time: 5811.962624788284
preprocess_time: 1.300888
sepa_time: 0.0
node: 2357483
formulation: LEFP