instance: treeB.300.30
obj: 490.0
bound: 490.0
gap: 0.0
time: 0.0041980743408203125
preprocess_time: 1.381369
sepa_time: 0.0
node: 0
formulation: LEFPAI