instance: treeB.500.75
org_node: 500
org_edge: 574
org_min_len: 1.001151067448112
org_avg_len: 1.491299407903732
org_max_len: 1.9993735655001792
dtf_node: 361
dtf_edge: 435
dtf_min_len: 1.0025652593585772
dtf_avg_len: 1.9678295635327412
dtf_max_len: 7.6208088307286905
sdb_node: 2436
sdb_edge: 2510
sdb_min_len: 0.28089718419087306
sdb_avg_len: 0.34103819128953944
sdb_max_len: 0.37234459292550265
dlt: 0.372824851975933
formulation: None