instance: treeB.300.45
obj: 61.0
bound: 60.0
gap: 0.01639344262295082
time: 7198.763139009476
preprocess_time: 1.244707
sepa_time: 0.0
node: 708871
formulation: LEFP