instance: treeB.200.10
obj: 59.0
bound: 59.0
gap: 0.0
time: 2.281022071838379
preprocess_time: 1.31137
sepa_time: 0.0
node: 2313
formulation: LEFPA