instance: treeB.200.20
obj: 46.0
bound: 46.0
gap: 0.0
time: 3.3759210109710693
preprocess_time: 1.446969
sepa_time: 0.0
node: 1635
formulation: LEFPAI