instance: treeB.200.20
obj: 45.0
bound: 45.0
gap: 0.0
time: 2091.719941854477
preprocess_time: 0.039746
sepa_time: 0.0
node: 911203
formulation: EFP