instance: treeB.700.105
obj: 177.0
bound: 174.0
gap: 0.01694915254237288
time: 7197.992995977402
preprocess_time: 2.010286
sepa_time: 0.0
node: 534842
formulation: LEFPAI