instance: treeB.200.30
obj: 447.0
bound: 400.0
gap: 0.10514541387024609
time: 7199.573693037033
preprocess_time: 0.438892
sepa_time: 0.0
node: 1364186
formulation: EFP