instance: treeB.400.20
obj: 82.0
bound: 82.0
gap: 0.0
time: 1.9900648593902588
preprocess_time: 1.298593
sepa_time: 0.0
node: 1
formulation: LEFP