instance: treeB.500.50
obj: 1081.0
bound: 1073.0
gap: 0.0074005550416281225
time: 7198.219533920288
preprocess_time: 1.783944
sepa_time: 0.0
node: 634556
formulation: LEFPAD