instance: treeB.500.75
obj: 100.0
bound: 100.0
gap: 0.0
time: 80.12200498580933
preprocess_time: 0.120916
sepa_time: 3.2e-322
node: 2269
formulation: LEVFP