instance: treeB.200.10
obj: 44.0
bound: 44.0
gap: 0.0
time: 0.454287052154541
preprocess_time: 1.383678
sepa_time: 0.0
node: 1
formulation: LEFP