instance: treeB.350.35
obj: 748.0
bound: 747.0000000000002
gap: 0.0013368983957216213
time: 7199.0226130485535
preprocess_time: 0.978814
sepa_time: 1.3842199804211836e13
node: 3854395
formulation: LEFPAV