instance: treeB.200.10
obj: 44.0
bound: 44.0
gap: 0.0
time: 0.7987790107727051
preprocess_time: 1.80061
sepa_time: 1.384594005071196e13
node: 1
formulation: LEFPAV