instance: treeB.500.75
obj: 122.0
bound: 121.00003513583411
gap: 0.008196433312835158
time: 992.6871390342712
preprocess_time: 1.960997
sepa_time: 2.4483921789842525e14
node: 174770
formulation: LEFPAV