instance: treeB.400.60
obj: 893.0
bound: 889.0
gap: 0.004479283314669653
time: 7198.7127730846405
preprocess_time: 1.290481
sepa_time: 0.0
node: 4081050
formulation: LEFP