instance: treeB.500.50
obj: 107.0
bound: 104.0
gap: 0.028037383177570093
time: 7198.243741989136
preprocess_time: 1.764867
sepa_time: 1.1093659422854486e14
node: 1426104
formulation: LEFPAV