instance: treeB.300.30
obj: 59.0
bound: 59.0
gap: 0.0
time: 15.400686979293823
preprocess_time: 1.651246
sepa_time: 5.5353299891055914e13
node: 725
formulation: LEFPAV