instance: treeB.500.50
obj: 764.0
bound: 764.0
gap: 0.0
time: 0.009202003479003906
preprocess_time: 1.811116
sepa_time: 0.0
node: 0
formulation: LEFPAI