instance: treeB.350.52
obj: 68.0
bound: 68.0
gap: 0.0
time: 4.512310028076172
preprocess_time: 0.960154
sepa_time: 0.0
node: 299
formulation: LEFP