instance: treeB.300.30
obj: 490.0
bound: 490.0
gap: 0.0
time: 0.015164852142333984
preprocess_time: 1.762483
sepa_time: 0.0
node: 0
formulation: LEFPAD