instance: treeB.700.35
obj: 152.0
bound: 152.0
gap: 0.0
time: 8.222450017929077
preprocess_time: 2.036819
sepa_time: 0.0
node: 1092
formulation: LEFPA