instance: treeB.200.30
obj: 48.0
bound: 48.0
gap: 0.0
time: 9.00948190689087
preprocess_time: 1.757039
sepa_time: 0.0
node: 667
formulation: LEFPA