instance: treeB.150.15
obj: 321.0
bound: 289.0
gap: 0.09968847352024922
time: 7199.78283905983
preprocess_time: 0.225418
sepa_time: 0.0
node: 1806303
formulation: EFP