instance: treeB.500.50
obj: 107.0
bound: 107.0
gap: 0.0
time: 1804.9593980312347
preprocess_time: 1.355656
sepa_time: 0.0
node: 472760
formulation: LEFPA