instance: treeB.400.40
obj: 83.0
bound: 81.0
gap: 0.024096385542168676
time: 7198.757755041122
preprocess_time: 1.249183
sepa_time: 0.0
node: 1239664
formulation: LEFP