instance: treeB.350.52
obj: 68.0
bound: 68.0
gap: 0.0
time: 4.513818025588989
preprocess_time: 0.053072
sepa_time: 0.0
node: 299
formulation: EFP