instance: treeB.500.75
obj: 100.0
bound: 99.00000000000011
gap: 0.009999999999998864
time: 7198.525233030319
preprocess_time: 1.484524
sepa_time: 0.0
node: 760981
formulation: LEFP