instance: treeB.200.20
obj: 435.0
bound: 435.0
gap: 0.0
time: 943.562826871872
preprocess_time: 1.731348
sepa_time: 0.0
node: 295516
formulation: LEFPAD