instance: treeB.600.90
obj: 153.0
bound: 151.0
gap: 0.013071895424836602
time: 7197.927101135254
preprocess_time: 2.081935
sepa_time: 1.2644498250740086e14
node: 737273
formulation: LEFPAV