instance: treeB.200.10
obj: 421.0
bound: 380.0
gap: 0.09738717339667459
time: 7199.6580691337585
preprocess_time: 0.350891
sepa_time: 0.0
node: 2005129
formulation: EFP