instance: treeB.400.20
obj: 671.0
bound: 671.0
gap: 0.0
time: 0.004189014434814453
preprocess_time: 1.346109
sepa_time: 0.0
node: 0
formulation: LEFPAV