instance: treeB.400.60
obj: 79.0
bound: 76.0
gap: 0.0379746835443038
time: 7198.987895965576
preprocess_time: 1.016699
sepa_time: 0.0
node: 896102
formulation: LEFP