instance: treeB.400.20
obj: 108.0
bound: 108.0
gap: 0.0
time: 3.1882779598236084
preprocess_time: 1.410686
sepa_time: 1.844905984792017e14
node: 665
formulation: LEFPAV