instance: treeB.150.22
obj: 32.0
bound: 32.0
gap: 0.0
time: 0.3194258213043213
preprocess_time: 0.978962
sepa_time: 0.0
node: 1
formulation: LEFPA