instance: treeB.700.35
obj: 1445.0
bound: 1437.0
gap: 0.005536332179930796
time: 7199.838608980179
preprocess_time: 0.168088
sepa_time: 1.0e-323
node: 3738410
formulation: LEVFP