instance: treeB.300.45
obj: 665.0
bound: 664.0
gap: 0.0015037593984962407
time: 7199.948502063751
preprocess_time: 0.05467
sepa_time: 5.0e-324
node: 2669696
formulation: LEVFP