instance: treeB.400.60
obj: 567.0
bound: 567.0
gap: 0.0
time: 0.003899097442626953
preprocess_time: 1.094021
sepa_time: 0.0
node: 0
formulation: LEFPA