instance: treeB.200.40
obj: 460.0
bound: 460.0
gap: 0.0
time: 1230.3948020935059
preprocess_time: 1.250354
sepa_time: 0.0
node: 600645
formulation: LEFP