instance: treeB.300.45
obj: 665.0
bound: 665.0
gap: 0.0
time: 3702.152092933655
preprocess_time: 1.413603
sepa_time: 0.0
node: 1553227
formulation: LEFPAI