instance: treeB.700.105
obj: 177.0
bound: 173.0
gap: 0.022598870056497175
time: 7198.710124015808
preprocess_time: 1.298612
sepa_time: 0.0
node: 150172
formulation: LEFPAD