instance: treeB.400.20
obj: 108.0
bound: 108.0
gap: 0.0
time: 3.2005178928375244
preprocess_time: 1.350372
sepa_time: 0.0
node: 596
formulation: LEFPAD