instance: treeB.700.35
obj: 190.0
bound: 190.0
gap: 0.0
time: 6.3313188552856445
preprocess_time: 1.586451
sepa_time: 0.0
node: 597
formulation: LEFPAD