instance: treeB.150.15
obj: 319.0
bound: 319.0
gap: 0.0
time: 0.9009699821472168
preprocess_time: 0.950936
sepa_time: 1.3842199804211791e13
node: 493
formulation: LEFPAV