instance: treeB.400.20
obj: 108.0
bound: 108.0
gap: 0.0
time: 2.6072299480438232
preprocess_time: 1.176173
sepa_time: 0.0
node: 650
formulation: LEFPA