instance: treeB.200.30
obj: 40.0
bound: 40.0
gap: 0.0
time: 96.77471899986267
preprocess_time: 0.040918
sepa_time: 0.0
node: 12450
formulation: EFP