instance: treeB.200.20
obj: 45.0
bound: 45.0
gap: 0.0
time: 0.3077521324157715
preprocess_time: 0.964006
sepa_time: 0.0
node: 1
formulation: LEFPA