instance: treeB.400.20
obj: 82.0
bound: 82.0
gap: 0.0
time: 26.10501003265381
preprocess_time: 0.975927
sepa_time: 0.0
node: 946
formulation: LEFP