instance: treeB.200.30
obj: 48.0
bound: 48.0
gap: 0.0
time: 12.961275100708008
preprocess_time: 1.895584
sepa_time: 0.0
node: 1017
formulation: LEFPAI