instance: treeB.200.10
obj: 416.0
bound: 416.0
gap: 0.0
time: 4.995435953140259
preprocess_time: 1.736269
sepa_time: 0.0
node: 3729
formulation: LEFPAD