instance: treeB.500.50
obj: 107.0
bound: 103.0
gap: 0.037383177570093455
time: 7198.260313034058
preprocess_time: 1.748445
sepa_time: 0.0
node: 490525
formulation: LEFPAD