instance: treeB.200.20
obj: 46.0
bound: 46.0
gap: 0.0
time: 1.52754807472229
preprocess_time: 1.714815
sepa_time: 6.922301560940739e13
node: 1
formulation: LEFPAV