instance: treeB.150.15
obj: 30.0
bound: 30.0
gap: 0.0
time: 0.38507795333862305
preprocess_time: 0.979991
sepa_time: 0.0
node: 1
formulation: LEFPAI