instance: treeB.250.25
obj: 55.0
bound: 55.0
gap: 0.0
time: 1.6953051090240479
preprocess_time: 1.035658
sepa_time: 0.0
node: 31
formulation: LEFPAD