instance: treeB.600.30
obj: 164.0
bound: 164.0
gap: 0.0
time: 2.8810408115386963
preprocess_time: 1.408713
sepa_time: 0.0
node: 642
formulation: LEFPAI