instance: treeB.400.40
obj: 859.0
bound: 859.0
gap: 0.0
time: 5648.065842866898
preprocess_time: 1.299714
sepa_time: 0.0
node: 1832173
formulation: LEFP