instance: treeB.600.30
obj: 1241.0
bound: 1237.0
gap: 0.0032232070910556
time: 7198.639881849289
preprocess_time: 1.364522
sepa_time: 0.0
node: 4499195
formulation: LEFP