instance: treeB.700.70
obj: 188.0
bound: 188.0
gap: 0.0
time: 137.914165019989
preprocess_time: 2.14219
sepa_time: 0.0
node: 14325
formulation: LEFPAI