instance: treeB.400.60
obj: 893.0
bound: 888.0
gap: 0.005599104143337066
time: 7199.938117027283
preprocess_time: 0.065335
sepa_time: 6.94048291265096e-310
node: 4417871
formulation: LEVFP