instance: treeB.200.40
obj: 39.0
bound: 39.0
gap: 0.0
time: 1.7117700576782227
preprocess_time: 0.956486
sepa_time: 6.4563869433559836e13
node: 1
formulation: LEFPAV