instance: treeB.150.15
obj: 319.0
bound: 319.0
gap: 0.0
time: 1.2811849117279053
preprocess_time: 1.325215
sepa_time: 0.0
node: 632
formulation: LEFPAI