instance: treeB.700.70
obj: 1130.0
bound: 1130.0
gap: 0.0
time: 0.012523889541625977
preprocess_time: 1.880711
sepa_time: 0.0
node: 0
formulation: LEFPAI