instance: treeB.500.75
obj: 100.0
bound: 100.0
gap: 0.0
time: 88.16018199920654
preprocess_time: 0.092725
sepa_time: 0.0
node: 2269
formulation: LEVFP