instance: treeB.200.30
obj: 445.0
bound: 408.0
gap: 0.08314606741573034
time: 7199.636591911316
preprocess_time: 0.373723
sepa_time: 0.0
node: 1158502
formulation: EFP