instance: treeB.500.25
obj: 1033.0
bound: 1031.0
gap: 0.001936108422071636
time: 7199.013324022293
preprocess_time: 0.988785
sepa_time: 0.0
node: 4187359
formulation: LEFP