instance: treeB.500.25
obj: 848.0
bound: 848.0
gap: 0.0
time: 0.003470897674560547
preprocess_time: 1.080555
sepa_time: 0.0
node: 0
formulation: LEFPA