instance: treeB.500.50
obj: 131.0
bound: 128.0
gap: 0.022900763358778626
time: 7198.533192873001
preprocess_time: 1.47638
sepa_time: 0.0
node: 305048
formulation: LEFPAD