instance: treeB.350.35
obj: 69.99999955337529
bound: 69.99999955337529
gap: 0.0
time: 28.76572012901306
preprocess_time: 1.096662
sepa_time: 0.0
node: 1269
formulation: LEFPAD