instance: treeB.600.90
obj: 945.0
bound: 945.0
gap: 0.0
time: 0.013162851333618164
preprocess_time: 1.957013
sepa_time: 0.0
node: 0
formulation: LEFPAI