instance: treeB.500.25
obj: 110.0
bound: 110.0
gap: 0.0
time: 2.9969849586486816
preprocess_time: 1.298541
sepa_time: 0.0
node: 747
formulation: LEFPAI