instance: treeB.100.20
obj: 230.0
bound: 230.0
gap: 0.0
time: 6.942774057388306
preprocess_time: 0.959391
sepa_time: 1.3842199804211775e13
node: 11217
formulation: LEFPAV