instance: treeB.150.30
obj: 32.0
bound: 32.0
gap: 0.0
time: 13.724876880645752
preprocess_time: 1.118513
sepa_time: 0.0
node: 993
formulation: LEFPA