instance: treeB.500.50
obj: 107.0
bound: 104.0
gap: 0.028037383177570093
time: 7198.190314054489
preprocess_time: 1.811696
sepa_time: 0.0
node: 1054973
formulation: LEFPAI