instance: treeB.200.20
obj: 45.0
bound: 45.0
gap: 0.0
time: 2.787217140197754
preprocess_time: 1.317492
sepa_time: 0.0
node: 833
formulation: LEFPAI