instance: treeB.700.105
obj: 1079.0
bound: 1079.0
gap: 0.0
time: 0.033531904220581055
preprocess_time: 1.284527
sepa_time: 0.0
node: 0
formulation: LEFPAD