instance: treeB.300.45
obj: 672.0
bound: 612.0
gap: 0.08928571428571429
time: 7199.0226311683655
preprocess_time: 0.993687
sepa_time: 0.0
node: 597035
formulation: EFP