instance: treeB.150.22
obj: 332.0
bound: 332.0
gap: 0.0
time: 11.274524927139282
preprocess_time: 1.010708
sepa_time: 0.0
node: 8078
formulation: LEFPA