instance: treeB.600.30
obj: 1240.0
bound: 1240.0
gap: 0.0
time: 1039.0570590496063
preprocess_time: 1.211287
sepa_time: 1.3842199804211816e13
node: 650289
formulation: LEFPAV