instance: treeB.150.22
obj: 32.0
bound: 32.0
gap: 0.0
time: 2.329000949859619
preprocess_time: 0.026799
sepa_time: 0.0
node: 21
formulation: LEVFP