instance: treeB.300.15
obj: 80.0
bound: 80.0
gap: 0.0
time: 2.7060608863830566
preprocess_time: 1.300489
sepa_time: 0.0
node: 489
formulation: LEFPAD