instance: treeB.200.30
obj: 40.0
bound: 40.0
gap: 0.0
time: 93.57867503166199
preprocess_time: 0.035828
sepa_time: 0.0
node: 12450
formulation: EFP