instance: treeB.100.20
obj: 19.0
bound: 19.0
gap: 0.0
time: 0.9196550846099854
preprocess_time: 1.32521
sepa_time: 0.0
node: 1
formulation: LEFPAD