instance: treeB.250.37
obj: 54.0
bound: 54.0
gap: 0.0
time: 12.658153057098389
preprocess_time: 1.049561
sepa_time: 0.0
node: 816
formulation: LEFPAI