instance: treeB.300.60
obj: 689.0
bound: 685.0
gap: 0.005805515239477504
time: 7199.947467088699
preprocess_time: 0.055434
sepa_time: 4.45e-322
node: 2225878
formulation: LEVFP