instance: treeB.700.35
obj: 150.0
bound: 149.0000000000001
gap: 0.006666666666665909
time: 7199.758871078491
preprocess_time: 0.253551
sepa_time: 0.0
node: 1512495
formulation: EFP