instance: treeB.350.70
obj: 804.0
bound: 802.0
gap: 0.0024875621890547263
time: 7199.008198022842
preprocess_time: 0.99318
sepa_time: 1.3842199804211867e13
node: 4171384
formulation: LEFPAV