instance: treeB.300.30
obj: 58.0
bound: 57.0
gap: 0.017241379310344827
time: 7199.95988202095
preprocess_time: 0.055415
sepa_time: 0.0
node: 1424159
formulation: EFP