instance: treeB.100.20
obj: 230.0
bound: 230.0
gap: 0.0
time: 11.909435987472534
preprocess_time: 1.251247
sepa_time: 0.0
node: 12492
formulation: LEFP