instance: treeB.300.15
obj: 623.0
bound: 622.0000025738703
gap: 0.0016051323051840336
time: 37.53801989555359
preprocess_time: 1.253121
sepa_time: 0.0
node: 30490
formulation: LEFP