instance: treeB.300.45
obj: 665.0
bound: 665.0
gap: 0.0
time: 2736.5414440631866
preprocess_time: 1.251515
sepa_time: 0.0
node: 933383
formulation: LEFP