instance: treeB.300.15
obj: 524.0
bound: 524.0
gap: 0.0
time: 0.0031890869140625
preprocess_time: 1.914007
sepa_time: 0.0
node: 0
formulation: LEFPAV