instance: treeB.600.30
obj: 164.0
bound: 164.0
gap: 0.0
time: 3.242496967315674
preprocess_time: 1.423555
sepa_time: 5.993262619994587e13
node: 870
formulation: LEFPAV