instance: treeB.500.50
obj: 105.0
bound: 100.0
gap: 0.047619047619047616
time: 7199.918259143829
preprocess_time: 0.089923
sepa_time: 0.0
node: 942439
formulation: EFP