instance: treeB.700.70
obj: 142.0
bound: 141.0
gap: 0.007042253521126761
time: 7198.543275117874
preprocess_time: 1.472068
sepa_time: 0.0
node: 837074
formulation: LEFP