instance: treeB.200.30
obj: 41.0
bound: 41.0
gap: 0.0
time: 15.211984872817993
preprocess_time: 1.253713
sepa_time: 0.0
node: 2847
formulation: LEFPAD