instance: treeB.250.37
obj: 557.0
bound: 557.0
gap: 0.0
time: 2469.829103946686
preprocess_time: 1.061668
sepa_time: 0.0
node: 742845
formulation: LEFPAD