instance: treeB.350.52
obj: 68.0
bound: 68.0
gap: 0.0
time: 28.4148690700531
preprocess_time: 0.053387
sepa_time: 0.0
node: 820
formulation: LEVFP