instance: treeB.300.30
obj: 58.0
bound: 58.0
gap: 0.0
time: 1.363670825958252
preprocess_time: 1.315601
sepa_time: 0.0
node: 52
formulation: LEFPA