instance: treeB.350.35
org_node: 350
org_edge: 384
org_min_len: 1.001151067448112
org_avg_len: 1.4956470484627855
org_max_len: 1.9969454749325635
dtf_node: 271
dtf_edge: 305
dtf_min_len: 1.001151067448112
dtf_avg_len: 1.883044152818718
dtf_max_len: 6.518041470719018
sdb_node: 1643
sdb_edge: 1677
sdb_min_len: 0.2816457399619954
sdb_avg_len: 0.3424737427607096
sdb_max_len: 0.3738734968641305
dlt: 0.3739117621156964
formulation: None