instance: treeB.200.10
obj: 416.0
bound: 416.0
gap: 0.0
time: 1.9063811302185059
preprocess_time: 1.733304
sepa_time: 1.3842199804212018e13
node: 888
formulation: LEFPAV