instance: treeB.500.25
obj: 1043.0
bound: 932.0
gap: 0.10642377756471716
time: 7198.134865999222
preprocess_time: 1.888788
sepa_time: 0.0
node: 507339
formulation: EFP