instance: treeB.250.25
obj: 535.0
bound: 535.0
gap: 0.0
time: 4.576340913772583
preprocess_time: 1.006932
sepa_time: 0.45590600000000003
node: 4192
formulation: LEFPAV