instance: treeB.150.30
obj: 343.0
bound: 343.0
gap: 0.0
time: 444.46637082099915
preprocess_time: 1.015514
sepa_time: 1.384219980421184e13
node: 385956
formulation: LEFPAV