instance: treeB.300.30
obj: 57.99999905891284
bound: 57.99999905891284
gap: 0.0
time: 18.794290781021118
preprocess_time: 0.967122
sepa_time: 0.0
node: 655
formulation: LEFPAI