instance: treeB.200.30
obj: 40.0
bound: 40.0
gap: 0.0
time: 6.755373001098633
preprocess_time: 0.036789
sepa_time: 6.92903657629025e-310
node: 582
formulation: LEVFP