instance: treeB.350.70
obj: 64.0
bound: 64.0
gap: 0.0
time: 910.2009809017181
preprocess_time: 0.051224
sepa_time: 6.9330191135545e-310
node: 10934
formulation: LEVFP