instance: treeB.350.52
obj: 778.0
bound: 776.0
gap: 0.002570694087403599
time: 7199.017473936081
preprocess_time: 0.983783
sepa_time: 1.3842199804211836e13
node: 1951057
formulation: LEFPAV