instance: treeB.200.20
obj: 434.0
bound: 434.0
gap: 0.0
time: 1949.6950957775116
preprocess_time: 1.349038
sepa_time: 0.0
node: 1484336
formulation: LEFPAI