instance: treeB.300.30
obj: 653.0
bound: 587.0
gap: 0.10107197549770292
time: 7199.037348985672
preprocess_time: 0.977451
sepa_time: 0.0
node: 848337
formulation: EFP