instance: treeB.150.30
obj: 343.0
bound: 343.0
gap: 0.0
time: 5342.078133106232
preprocess_time: 0.038742
sepa_time: 0.0
node: 3505655
formulation: LEVFP