instance: treeB.600.30
obj: 1057.0
bound: 1057.0
gap: 0.0
time: 0.008292198181152344
preprocess_time: 1.39413
sepa_time: 0.0
node: 0
formulation: LEFPAI