instance: treeB.700.70
obj: 142.0
bound: 142.0
gap: 0.0
time: 46.68062090873718
preprocess_time: 0.21269
sepa_time: 0.0
node: 735
formulation: LEVFP