instance: treeB.150.30
obj: 32.0
bound: 32.0
gap: 0.0
time: 33.222657918930054
preprocess_time: 0.026756
sepa_time: 0.0
node: 7881
formulation: EFP