instance: treeB.250.25
obj: 535.0
bound: 535.0
gap: 0.0
time: 18.310319900512695
preprocess_time: 1.344048
sepa_time: 0.0
node: 10917
formulation: LEFPAI