instance: treeB.300.15
obj: 80.0
bound: 80.0
gap: 0.0
time: 1.7417221069335938
preprocess_time: 1.317068
sepa_time: 0.0
node: 854
formulation: LEFPAI