instance: treeB.100.15
obj: 220.0
bound: 220.0
gap: 0.0
time: 7.167854070663452
preprocess_time: 1.330644
sepa_time: 0.0
node: 6398
formulation: LEFPAI