instance: treeB.200.20
obj: 329.0
bound: 329.0
gap: 0.0
time: 0.004542112350463867
preprocess_time: 1.744441
sepa_time: 0.0
node: 0
formulation: LEFPAI