instance: treeB.700.105
obj: 177.0
bound: 174.0
gap: 0.01694915254237288
time: 7198.011528968811
preprocess_time: 2.000075
sepa_time: 0.0
node: 611532
formulation: LEFPA