instance: treeB.500.50
obj: 131.0
bound: 130.0
gap: 0.007633587786259542
time: 7198.91498708725
preprocess_time: 1.089084
sepa_time: 0.0
node: 1076534
formulation: LEFPA