instance: treeB.300.45
obj: 61.0
bound: 61.0
gap: 0.0
time: 298.661169052124
preprocess_time: 1.017849
sepa_time: 0.0
node: 20777
formulation: LEFPA