instance: treeB.200.30
obj: 40.0
bound: 40.0
gap: 0.0
time: 7.21945595741272
preprocess_time: 0.040986
sepa_time: 2.96e-322
node: 582
formulation: LEVFP