instance: treeB.200.20
obj: 45.0
bound: 45.0
gap: 0.0
time: 0.6417388916015625
preprocess_time: 1.043025
sepa_time: 0.0
node: 1
formulation: LEFPAD