instance: treeB.400.20
obj: 108.0
bound: 108.0
gap: 0.0
time: 3.744900941848755
preprocess_time: 1.350402
sepa_time: 1.7063994376128544e14
node: 665
formulation: LEFPAV