instance: treeB.250.25
obj: 535.0
bound: 535.0
gap: 0.0
time: 80.05713295936584
preprocess_time: 1.511747
sepa_time: 0.0
node: 68890
formulation: LEFPA