instance: treeB.250.37
obj: 556.9999999999999
bound: 556.9999999999999
gap: 0.0
time: 2305.924679994583
preprocess_time: 1.343319
sepa_time: 0.0
node: 1596302
formulation: LEFPAI