instance: treeB.700.35
obj: 190.0
bound: 190.0
gap: 0.0
time: 4.298865079879761
preprocess_time: 1.521794
sepa_time: 2.305793725323079e13
node: 613
formulation: LEFPAV