instance: treeB.250.25
obj: 537.0
bound: 496.0
gap: 0.07635009310986965
time: 7199.248789072037
preprocess_time: 0.768604
sepa_time: 0.0
node: 930493
formulation: EFP