instance: treeB.150.22
obj: 32.0
bound: 32.0
gap: 0.0
time: 0.9034678936004639
preprocess_time: 0.962537
sepa_time: 0.0
node: 1
formulation: LEFP