instance: treeB.300.30
obj: 58.0
bound: 58.0
gap: 0.0
time: 3.4680240154266357
preprocess_time: 0.990449
sepa_time: 5.995711242697565e13
node: 674
formulation: LEFPAV