instance: treeB.400.40
obj: 607.0
bound: 607.0
gap: 0.0
time: 0.005644083023071289
preprocess_time: 1.784318
sepa_time: 0.0
node: 0
formulation: LEFPAV