instance: treeB.100.15
org_node: 100
org_edge: 114
org_min_len: 1.0021553783514263
org_avg_len: 1.4794948581917238
org_max_len: 1.9853213789438122
dtf_node: 100
dtf_edge: 114
dtf_min_len: 1.0021553783514263
dtf_avg_len: 1.4794948581917238
dtf_max_len: 1.9853213789438122
sdb_node: 100
sdb_edge: 114
sdb_min_len: 1.0021553783514263
sdb_avg_len: 1.4794948581917238
sdb_max_len: 1.9853213789438122
dlt: 2.9589897163834475
formulation: None