instance: treeB.350.70
obj: 64.0
bound: 64.0
gap: 0.0
time: 297.61346983909607
preprocess_time: 1.410872
sepa_time: 0.0
node: 10443
formulation: LEFPAI