instance: treeB.600.30
obj: 164.0
bound: 164.0
gap: 0.0
time: 2.5527892112731934
preprocess_time: 1.466955
sepa_time: 0.0
node: 675
formulation: LEFPA