instance: treeB.600.60
obj: 160.0
bound: 160.0
gap: 0.0
time: 186.90007710456848
preprocess_time: 1.594862
sepa_time: 0.0
node: 58607
formulation: LEFPA