instance: treeB.300.30
obj: 59.0
bound: 59.0
gap: 0.0
time: 34.358052015304565
preprocess_time: 1.732248
sepa_time: 0.0
node: 6618
formulation: LEFPAI