instance: treeB.700.105
obj: 177.0
bound: 174.0
gap: 0.01694915254237288
time: 7198.454679965973
preprocess_time: 1.547576
sepa_time: 0.0
node: 524549
formulation: LEFPAI