instance: treeB.400.40
obj: 859.0
bound: 858.0000072216258
gap: 0.0011641359468850233
time: 5385.75251698494
preprocess_time: 1.275539
sepa_time: 0.0
node: 1831991
formulation: LEFP