instance: treeB.100.15
obj: 220.0
bound: 220.0
gap: 0.0
time: 13.21945595741272
preprocess_time: 0.976655
sepa_time: 0.0
node: 4601
formulation: LEFPAD