instance: treeB.250.37
org_node: 250
org_edge: 286
org_min_len: 1.0126521501658532
org_avg_len: 1.5335973515823107
org_max_len: 1.98423584931659
dtf_node: 250
dtf_edge: 286
dtf_min_len: 1.0126521501658532
dtf_avg_len: 1.5335973515823107
dtf_max_len: 1.98423584931659
sdb_node: 250
sdb_edge: 286
sdb_min_len: 1.0126521501658532
sdb_avg_len: 1.5335973515823107
sdb_max_len: 1.98423584931659
dlt: 3.0671947031646214
formulation: None