instance: treeB.300.45
obj: 61.0
bound: 61.0
gap: 0.0
time: 117.82342100143433
preprocess_time: 1.362118
sepa_time: 0.0
node: 13340
formulation: LEFPAI