instance: treeB.500.25
obj: 1033.0
bound: 1029.0
gap: 0.003872216844143272
time: 7199.916706085205
preprocess_time: 0.086633
sepa_time: -6.429544178200115e-166
node: 5707041
formulation: LEVFP