instance: treeB.350.35
obj: 70.0
bound: 70.0
gap: 0.0
time: 12.513740062713623
preprocess_time: 1.065801
sepa_time: 0.0
node: 627
formulation: LEFPAI