instance: treeB.350.35
obj: 70.0
bound: 70.0
gap: 0.0
time: 13.33260202407837
preprocess_time: 1.029434
sepa_time: 0.0
node: 707
formulation: LEFPAD