instance: treeB.500.50
obj: 1074.0
bound: 1071.0
gap: 0.002793296089385475
time: 7199.919173002243
preprocess_time: 0.085165
sepa_time: 6.92340409040034e-310
node: 1713049
formulation: LEVFP