instance: treeB.300.30
obj: 645.0
bound: 644.0000000000006
gap: 0.0015503875968983435
time: 7198.7059371471405
preprocess_time: 1.296442
sepa_time: 0.0
node: 4777713
formulation: LEFP