instance: treeB.200.20
obj: 45.0
bound: 45.0
gap: 0.0
time: 1.3827500343322754
preprocess_time: 0.041231
sepa_time: 0.0
node: 1
formulation: EFP