instance: treeB.200.10
obj: 44.0
bound: 44.0
gap: 0.0
time: 45.54488277435303
preprocess_time: 0.039978
sepa_time: 0.0
node: 12993
formulation: EFP