instance: treeB.100.20
obj: 230.0
bound: 230.0
gap: 0.0
time: 50.58008098602295
preprocess_time: 0.037869
sepa_time: 2.5e-323
node: 40831
formulation: LEVFP