instance: treeB.100.15
obj: 223.0
bound: 206.0
gap: 0.07623318385650224
time: 7199.904208183289
preprocess_time: 0.10236
sepa_time: 0.0
node: 2193921
formulation: EFP