instance: treeB.200.20
obj: 434.0
bound: 434.0
gap: 0.0
time: 2063.477205991745
preprocess_time: 1.325604
sepa_time: 0.0
node: 1532168
formulation: LEFPA