instance: treeB.100.15
obj: 220.0
bound: 220.0
gap: 0.0
time: 3.6165409088134766
preprocess_time: 0.977689
sepa_time: 0.0
node: 4411
formulation: LEFPA