instance: treeB.700.70
obj: 1508.0
bound: 1502.0
gap: 0.003978779840848806
time: 7198.6801199913025
preprocess_time: 1.324962
sepa_time: 0.0
node: 3730657
formulation: LEFP