instance: treeB.250.25
obj: 55.0
bound: 55.0
gap: 0.0
time: 2.1890311241149902
preprocess_time: 0.03825
sepa_time: 0.0
node: 165
formulation: EFP