instance: treeB.100.20
obj: 19.0
bound: 19.0
gap: 0.0
time: 1.1860179901123047
preprocess_time: 0.999798
sepa_time: 1.1528303304827467e14
node: 121
formulation: LEFPAV