instance: treeB.500.25
obj: 140.0
bound: 140.0
gap: 0.0
time: 365.9946720600128
preprocess_time: 1.069002
sepa_time: 0.0
node: 228352
formulation: LEFPAI