instance: treeB.150.15
obj: 30.0
bound: 30.0
gap: 0.0
time: 0.3497779369354248
preprocess_time: 0.98004
sepa_time: 0.0
node: 1
formulation: LEFPAD