instance: treeB.600.60
obj: 1300.0
bound: 1178.0
gap: 0.09384615384615384
time: 7197.108512163162
preprocess_time: 2.93268
sepa_time: 0.0
node: 271510
formulation: EFP