instance: treeB.100.10
obj: 20.0
bound: 20.0
gap: 0.0
time: 0.2606699466705322
preprocess_time: 0.026792
sepa_time: 0.0
node: 1
formulation: EFP