instance: treeB.500.25
obj: 110.0
bound: 110.0
gap: 0.0
time: 7.52742600440979
preprocess_time: 1.872462
sepa_time: 0.0
node: 618
formulation: LEFPAI