instance: treeB.700.70
obj: 1130.0
bound: 1130.0
gap: 0.0
time: 0.005854129791259766
preprocess_time: 1.376057
sepa_time: 0.0
node: 0
formulation: LEFPA