instance: treeB.250.37
obj: 557.0
bound: 554.0
gap: 0.005385996409335727
time: 7198.6324009895325
preprocess_time: 1.370017
sepa_time: 0.0
node: 1310586
formulation: LEFPAD