instance: treeB.150.30
obj: 31.0
bound: 31.0
gap: 0.0
time: 0.8792979717254639
preprocess_time: 1.137359
sepa_time: 0.0
node: 28
formulation: LEFPA