instance: treeB.400.40
obj: 83.0
bound: 81.0
gap: 0.024096385542168676
time: 7199.0283579826355
preprocess_time: 0.978413
sepa_time: 0.0
node: 1423456
formulation: LEFP