instance: treeB.100.20
obj: 19.0
bound: 19.0
gap: 0.0
time: 2.6032419204711914
preprocess_time: 1.039067
sepa_time: 0.0
node: 411
formulation: LEFPAI