instance: treeB.600.90
obj: 1333.0
bound: 1322.0
gap: 0.008252063015753939
time: 7199.932500123978
preprocess_time: 0.070579
sepa_time: 0.0
node: 2642001
formulation: LEVFP