instance: treeB.350.52
obj: 778.0
bound: 774.0
gap: 0.005141388174807198
time: 7198.908077001572
preprocess_time: 1.092977
sepa_time: 0.0
node: 1828207
formulation: LEFPAI