instance: treeB.250.37
obj: 557.0
bound: 556.0000000000008
gap: 0.0017953321364438137
time: 7198.578784227371
preprocess_time: 1.424243
sepa_time: 0.0
node: 4804966
formulation: LEFPA