instance: treeB.150.30
obj: 31.0
bound: 31.0
gap: 0.0
time: 0.9260730743408203
preprocess_time: 1.340639
sepa_time: 0.0
node: 1
formulation: LEFPAI