instance: treeB.400.40
obj: 858.9999952259515
bound: 857.0
gap: 0.0023282831630579773
time: 7200.178422927856
preprocess_time: 0.065124
sepa_time: 5.0e-324
node: 3321318
formulation: LEVFP