instance: treeB.500.50
obj: 105.0
bound: 104.000075693712
gap: 0.009523088631314229
time: 2114.784765958786
preprocess_time: 0.088978
sepa_time: 0.0
node: 106565
formulation: LEVFP