instance: treeB.500.50
obj: 764.0
bound: 764.0
gap: 0.0
time: 0.006677150726318359
preprocess_time: 1.073008
sepa_time: 0.0
node: 0
formulation: LEFPAI