instance: treeB.600.90
obj: 126.0
bound: 126.0
gap: 0.0
time: 429.2668559551239
preprocess_time: 1.86588
sepa_time: 0.0
node: 27540
formulation: LEFPA