instance: treeB.350.35
obj: 748.0
bound: 748.0
gap: 0.0
time: 5109.893552064896
preprocess_time: 1.048461
sepa_time: 0.0
node: 2265705
formulation: LEFPAI