instance: treeB.150.22
obj: 32.0
bound: 32.0
gap: 0.0
time: 1.2709710597991943
preprocess_time: 1.111725
sepa_time: 0.0
node: 1
formulation: LEFPAI