instance: treeB.500.50
obj: 764.0
bound: 764.0
gap: 0.0
time: 0.005760908126831055
preprocess_time: 1.381885
sepa_time: 0.0
node: 0
formulation: LEFPA