instance: treeB.300.30
obj: 58.0
bound: 58.0
gap: 0.0
time: 10.102070093154907
preprocess_time: 1.414952
sepa_time: 0.0
node: 691
formulation: LEFPAD