instance: treeB.250.37
obj: 557.0
bound: 556.0
gap: 0.0017953321364452424
time: 7199.951539993286
preprocess_time: 0.05072
sepa_time: 0.0
node: 4055918
formulation: LEVFP