instance: treeB.400.60
obj: 94.0
bound: 93.0
gap: 0.010638297872340425
time: 7198.520518064499
preprocess_time: 1.484757
sepa_time: 0.0
node: 1342579
formulation: LEFPA