instance: treeB.250.50
obj: 577.0
bound: 575.0
gap: 0.0034662045060658577
time: 7198.546949863434
preprocess_time: 1.45369
sepa_time: 0.0
node: 2427473
formulation: LEFPAI