instance: treeB.500.50
obj: 131.0
bound: 129.0
gap: 0.015267175572519083
time: 7198.152649879456
preprocess_time: 1.849311
sepa_time: 0.0
node: 1508359
formulation: LEFPAI