instance: treeB.300.45
obj: 667.0
bound: 666.0000000000003
gap: 0.0014992503748120823
time: 7198.276103973389
preprocess_time: 1.725793
sepa_time: 1.3842199804212041e13
node: 2311834
formulation: LEFPAV