instance: treeB.700.35
obj: 152.0
bound: 152.0
gap: 0.0
time: 66.72534108161926
preprocess_time: 1.94614
sepa_time: 0.0
node: 12444
formulation: LEFPAD