instance: treeB.250.37
org_node: 250
org_edge: 286
org_min_len: 1.0126521501658532
org_avg_len: 1.5335973515823107
org_max_len: 1.98423584931659
dtf_node: 193
dtf_edge: 229
dtf_min_len: 1.0126521501658532
dtf_avg_len: 1.915322456561314
dtf_max_len: 7.089621846466152
sdb_node: 1226
sdb_edge: 1262
sdb_min_len: 0.2877076645032717
sdb_avg_len: 0.34755058839345726
sdb_max_len: 0.38318631132762504
dlt: 0.3833993378955777
formulation: None