instance: treeB.500.75
obj: 100.0
bound: 98.0
gap: 0.02
time: 7199.887081861496
preprocess_time: 0.11851
sepa_time: 0.0
node: 751730
formulation: EFP