instance: treeB.300.45
obj: 77.0
bound: 76.00000599446378
gap: 0.012986935136834066
time: 1596.0151958465576
preprocess_time: 1.390639
sepa_time: 0.0
node: 436249
formulation: LEFPAI