instance: treeB.250.50
obj: 577.0
bound: 576.0
gap: 0.0017331022530329288
time: 7198.65242600441
preprocess_time: 1.348582
sepa_time: 0.0
node: 3550051
formulation: LEFPAI