instance: treeB.200.10
obj: 44.0
bound: 44.0
gap: 0.0
time: 44.59606599807739
preprocess_time: 1.045095
sepa_time: 0.0
node: 13427
formulation: LEFP