instance: treeB.100.10
obj: 216.0
bound: 201.00000000000006
gap: 0.06944444444444418
time: 7199.911988973618
preprocess_time: 0.093907
sepa_time: 0.0
node: 2628677
formulation: EFP