instance: treeB.600.30
obj: 127.0
bound: 127.0
gap: 0.0
time: 11.869215965270996
preprocess_time: 0.113419
sepa_time: 0.0
node: 793
formulation: EFP