instance: treeB.350.52
obj: 778.0
bound: 771.0
gap: 0.008997429305912597
time: 7198.894061088562
preprocess_time: 1.107709
sepa_time: 0.0
node: 613924
formulation: LEFPAD