instance: treeB.400.60
obj: 79.0
bound: 79.0
gap: 0.0
time: 13.50200891494751
preprocess_time: 1.332789
sepa_time: 0.0
node: 712
formulation: LEFPAI