instance: treeB.150.22
obj: 32.0
bound: 32.0
gap: 0.0
time: 1.432939052581787
preprocess_time: 0.95552
sepa_time: 0.0
node: 19
formulation: LEFPAD