instance: treeB.600.30
obj: 1057.0
bound: 1057.0
gap: 0.0
time: 0.005726814270019531
preprocess_time: 1.433376
sepa_time: 0.0
node: 0
formulation: LEFPAV