instance: treeB.300.45
org_node: 300
org_edge: 344
org_min_len: 1.0122654033755079
org_avg_len: 1.501543335347977
org_max_len: 1.9969454749325635
dtf_node: 224
dtf_edge: 268
dtf_min_len: 1.0172432593483727
dtf_avg_len: 1.927354131939196
dtf_max_len: 6.276914005941521
sdb_node: 1461
sdb_edge: 1505
sdb_min_len: 0.2816457399619954
sdb_avg_len: 0.3432099052223958
sdb_max_len: 0.3739748867622663
dlt: 0.37538583383699425
formulation: None