instance: treeB.300.45
obj: 665.0
bound: 665.0
gap: 0.0
time: 3833.384439945221
preprocess_time: 1.372196
sepa_time: 0.0
node: 1308440
formulation: LEFP