instance: treeB.150.22
obj: 332.0
bound: 332.0
gap: 0.0
time: 14.170451879501343
preprocess_time: 1.068292
sepa_time: 0.0
node: 11178
formulation: LEFPAI