instance: treeB.500.25
org_node: 500
org_edge: 524
org_min_len: 1.0026757226028857
org_avg_len: 1.5197882800118425
org_max_len: 1.9995724168774514
dtf_node: 379
dtf_edge: 403
dtf_min_len: 1.0026757226028857
dtf_avg_len: 1.9761018826952998
dtf_max_len: 8.648126873117548
sdb_node: 2272
sdb_edge: 2296
sdb_min_len: 0.28518925375147064
sdb_avg_len: 0.3468506353337138
sdb_max_len: 0.37992567083574036
dlt: 0.37994707000296063
formulation: None