instance: treeB.300.45
obj: 451.0
bound: 451.0
gap: 0.0
time: 0.006907939910888672
preprocess_time: 1.783374
sepa_time: 0.0
node: 0
formulation: LEFPAI