instance: treeB.350.35
obj: 70.0
bound: 70.0
gap: 0.0
time: 7.105916976928711
preprocess_time: 1.354531
sepa_time: 0.0
node: 1901
formulation: LEFPA