instance: treeB.300.30
obj: 75.0
bound: 75.0
gap: 0.0
time: 49.6324999332428
preprocess_time: 1.320079
sepa_time: 0.0
node: 5481
formulation: LEFPAD