instance: treeB.300.45
obj: 77.0
bound: 76.0000000000002
gap: 0.012987012987010403
time: 7198.670805931091
preprocess_time: 1.333628
sepa_time: 0.0
node: 1845989
formulation: LEFPA