instance: treeB.400.40
obj: 607.0
bound: 607.0
gap: 0.0
time: 0.005357027053833008
preprocess_time: 1.361503
sepa_time: 0.0
node: 0
formulation: LEFPAV