instance: treeB.300.30
obj: 59.0
bound: 59.0
gap: 0.0
time: 60.01626992225647
preprocess_time: 1.654569
sepa_time: 0.0
node: 9220
formulation: LEFPAD