instance: treeB.200.20
obj: 59.0
bound: 59.0
gap: 0.0
time: 16.788643836975098
preprocess_time: 1.302324
sepa_time: 0.0
node: 10279
formulation: LEFPA