instance: treeB.300.30
obj: 58.0
bound: 58.0
gap: 0.0
time: 14.606685876846313
preprocess_time: 0.05665
sepa_time: NaN
node: 726
formulation: LEVFP