instance: treeB.300.30
obj: 653.0
bound: 587.0
gap: 0.10107197549770292
time: 7199.054999828339
preprocess_time: 0.96039
sepa_time: 0.0
node: 909354
formulation: EFP