instance: treeB.200.30
obj: 40.0
bound: 40.0
gap: 0.0
time: 2.167382001876831
preprocess_time: 0.032808
sepa_time: 0.0
node: 1
formulation: EFP