instance: treeB.200.20
obj: 45.0
bound: 45.0
gap: 0.0
time: 4.947228908538818
preprocess_time: 0.032051
sepa_time: 0.0
node: 643
formulation: LEVFP