instance: treeB.700.105
obj: 141.0
bound: 135.0
gap: 0.0425531914893617
time: 7199.822318077087
preprocess_time: 0.190383
sepa_time: 0.0
node: 278547
formulation: EFP