instance: treeB.700.35
obj: 150.0
bound: 150.0
gap: 0.0
time: 19.870914936065674
preprocess_time: 0.21259
sepa_time: 6.92963439932405e-310
node: 678
formulation: LEVFP