instance: treeB.400.60
obj: 94.0
bound: 91.0
gap: 0.031914893617021274
time: 7197.950460910797
preprocess_time: 2.057718
sepa_time: 0.0
node: 325297
formulation: LEFPAD