instance: treeB.250.25
obj: 535.0
bound: 535.0
gap: 0.0
time: 10.565505027770996
preprocess_time: 1.326064
sepa_time: 0.0
node: 9459
formulation: LEFPAI