instance: treeB.100.15
obj: 21.0
bound: 21.0
gap: 0.0
time: 0.7673020362854004
preprocess_time: 0.96748
sepa_time: 3.226155558014441e13
node: 1
formulation: LEFPAV