instance: treeB.250.37
obj: 54.0
bound: 54.0
gap: 0.0
time: 1.628321886062622
preprocess_time: 0.039299
sepa_time: 0.0
node: 1
formulation: EFP