instance: treeB.200.10
obj: 415.0
bound: 415.0
gap: 0.0
time: 1.9404189586639404
preprocess_time: 1.270834
sepa_time: 0.0
node: 739
formulation: LEFP