instance: treeB.700.105
obj: 140.9999999958353
bound: 140.9999999958353
gap: 0.0
time: 282.23880910873413
preprocess_time: 1.930353
sepa_time: 0.0
node: 14457
formulation: LEFPA