instance: treeB.200.20
obj: 59.0
bound: 59.0
gap: 0.0
time: 122.93137907981873
preprocess_time: 1.857443
sepa_time: 7.38037447920555e13
node: 102824
formulation: LEFPAV