instance: treeB.700.35
obj: 151.99999975514277
bound: 151.99999975514277
gap: 0.0
time: 16.590092182159424
preprocess_time: 1.893012
sepa_time: 7.380101170679688e13
node: 2579
formulation: LEFPAV