instance: treeB.700.70
org_node: 700
org_edge: 769
org_min_len: 1.001564335933399
org_avg_len: 1.4976174739037238
org_max_len: 1.9999766211030285
dtf_node: 700
dtf_edge: 769
dtf_min_len: 1.001564335933399
dtf_avg_len: 1.4976174739037238
dtf_max_len: 1.9999766211030285
sdb_node: 700
sdb_edge: 769
sdb_min_len: 1.001564335933399
sdb_avg_len: 1.4976174739037238
sdb_max_len: 1.9999766211030285
dlt: 2.9952349478074476
formulation: None