instance: treeB.150.15
obj: 319.0
bound: 319.0
gap: 0.0
time: 2.2699530124664307
preprocess_time: 0.039723
sepa_time: 6.90518252867177e-310
node: 1540
formulation: LEVFP