instance: treeB.700.35
obj: 1226.0
bound: 1226.0
gap: 0.0
time: 0.009307146072387695
preprocess_time: 1.849079
sepa_time: 0.0
node: 0
formulation: LEFPAI