instance: treeB.350.70
obj: 804.0
bound: 799.0
gap: 0.006218905472636816
time: 7198.656810045242
preprocess_time: 1.346186
sepa_time: 0.0
node: 211138
formulation: LEFPAD