instance: treeB.700.105
obj: 141.0
bound: 141.0
gap: 0.0
time: 299.6861720085144
preprocess_time: 0.221898
sepa_time: 0.0
node: 2569
formulation: LEVFP