instance: treeB.150.22
obj: 332.0
bound: 332.0
gap: 0.0
time: 75.48871397972107
preprocess_time: 1.238334
sepa_time: 0.0
node: 43099
formulation: LEFP