instance: treeB.150.15
obj: 30.0
bound: 30.0
gap: 0.0
time: 0.10355091094970703
preprocess_time: 0.952279
sepa_time: 0.0
node: 1
formulation: LEFPAV