instance: treeB.100.20
obj: 230.0
bound: 230.0
gap: 0.0
time: 74.41493487358093
preprocess_time: 1.328962
sepa_time: 0.0
node: 13962
formulation: LEFPAD