instance: treeB.300.15
obj: 64.0
bound: 64.0
gap: 0.0
time: 9.252043008804321
preprocess_time: 1.254631
sepa_time: 0.0
node: 593
formulation: LEFP