instance: treeB.200.30
obj: 443.0
bound: 442.00000216645134
gap: 0.0022573314527057826
time: 6775.966894865036
preprocess_time: 1.226438
sepa_time: 0.0
node: 4126775
formulation: LEFP