instance: treeB.700.35
obj: 1226.0
bound: 1226.0
gap: 0.0
time: 0.009502887725830078
preprocess_time: 2.070634
sepa_time: 0.0
node: 0
formulation: LEFPAI