instance: treeB.400.40
obj: 85.0
bound: 85.0
gap: 0.0
time: 314.40890192985535
preprocess_time: 1.757483
sepa_time: 0.0
node: 55682
formulation: LEFPA