instance: treeB.200.10
obj: 44.0
bound: 44.0
gap: 0.0
time: 1.2306339740753174
preprocess_time: 0.034471
sepa_time: 6.94405698840644e-310
node: 1
formulation: LEVFP