instance: treeB.400.60
obj: 79.0
bound: 79.0
gap: 0.0
time: 101.09148001670837
preprocess_time: 0.147512
sepa_time: 1.0e-323
node: 1237
formulation: LEVFP