instance: treeB.300.30
obj: 59.0
bound: 59.0
gap: 0.0
time: 74.00648784637451
preprocess_time: 1.648273
sepa_time: 0.0
node: 10804
formulation: LEFPA