instance: treeB.350.70
obj: 64.0
bound: 64.0
gap: 0.0
time: 2502.3263421058655
preprocess_time: 1.06405
sepa_time: 0.0
node: 33313
formulation: LEFPAD