instance: treeB.200.10
obj: 44.0
bound: 44.0
gap: 0.0
time: 46.98043394088745
preprocess_time: 0.041842
sepa_time: 0.0
node: 12993
formulation: EFP