instance: treeB.350.70
obj: 804.0
bound: 799.0
gap: 0.006218905472636816
time: 7199.9416217803955
preprocess_time: 0.062807
sepa_time: 6.9195962448901e-310
node: 3037324
formulation: LEVFP