instance: treeB.200.40
obj: 39.0
bound: 39.0
gap: 0.0
time: 4.935065984725952
preprocess_time: 0.973216
sepa_time: 0.0
node: 592
formulation: LEFPAI