instance: treeB.600.90
obj: 153.0
bound: 152.0
gap: 0.006535947712418301
time: 7198.755380153656
preprocess_time: 1.246417
sepa_time: 0.0
node: 801428
formulation: LEFPAI