instance: treeB.700.105
obj: 141.0
bound: 141.0
gap: 0.0
time: 294.1255838871002
preprocess_time: 0.230242
sepa_time: 6.930163463287e-310
node: 2569
formulation: LEVFP