instance: treeB.600.30
obj: 131.0
bound: 131.0
gap: 0.0
time: 4580.656446933746
preprocess_time: 1.903607
sepa_time: 0.0
node: 740210
formulation: LEFPAD