instance: treeB.350.35
obj: 70.0
bound: 70.0
gap: 0.0
time: 14.293344974517822
preprocess_time: 0.054636
sepa_time: 0.0
node: 695
formulation: EFP