instance: treeB.600.60
obj: 160.0
bound: 160.0
gap: 0.0
time: 401.98408794403076
preprocess_time: 1.538611
sepa_time: 8.303117559018538e13
node: 139558
formulation: LEFPAV