instance: treeB.300.30
obj: 58.0
bound: 58.0
gap: 0.0
time: 8.793279886245728
preprocess_time: 1.018464
sepa_time: 0.0
node: 665
formulation: LEFPA