instance: treeB.400.20
obj: 82.0
bound: 82.0
gap: 0.0
time: 142.70519089698792
preprocess_time: 0.074577
sepa_time: 0.0
node: 25095
formulation: EFP