instance: treeB.700.35
obj: 152.0
bound: 152.0
gap: 0.0
time: 34.43085503578186
preprocess_time: 1.943105
sepa_time: 0.0
node: 10935
formulation: LEFPAI