instance: treeB.250.25
obj: 535.0
bound: 535.0
gap: 0.0
time: 8.386993885040283
preprocess_time: 1.35177
sepa_time: 0.0
node: 2115
formulation: LEFPAD