instance: treeB.150.30
obj: 343.0
bound: 343.0
gap: 0.0
time: 5604.845895051956
preprocess_time: 1.383736
sepa_time: 0.0
node: 3295862
formulation: LEFPA