instance: treeB.350.35
obj: 70.0
bound: 70.0
gap: 0.0
time: 5.379136800765991
preprocess_time: 0.997514
sepa_time: 9.687234856649977e13
node: 1285
formulation: LEFPAV