instance: treeB.200.30
obj: 443.0
bound: 442.0
gap: 0.002257336343115124
time: 7199.958637952805
preprocess_time: 0.043542
sepa_time: 4.05e-322
node: 4335438
formulation: LEVFP