instance: treeB.200.20
obj: 434.0
bound: 434.0
gap: 0.0
time: 20.370672941207886
preprocess_time: 1.323331
sepa_time: 0.0
node: 13955
formulation: LEFPAI