instance: treeB.200.40
obj: 465.0
bound: 423.0
gap: 0.09032258064516129
time: 7199.636484861374
preprocess_time: 0.375188
sepa_time: 0.0
node: 1321268
formulation: EFP