instance: treeB.600.90
obj: 126.0
bound: 126.0
gap: 0.0
time: 283.9613001346588
preprocess_time: 1.850665
sepa_time: 0.0
node: 14148
formulation: LEFPAI