instance: treeB.250.50
obj: 577.0
bound: 571.0
gap: 0.010398613518197574
time: 7198.664907217026
preprocess_time: 1.337626
sepa_time: 0.0
node: 538683
formulation: LEFPAD