instance: treeB.600.30
obj: 164.0
bound: 164.0
gap: 0.0
time: 5.493999004364014
preprocess_time: 1.540518
sepa_time: 0.0
node: 605
formulation: LEFPAD