instance: treeB.700.105
obj: 1079.0
bound: 1079.0
gap: 0.0
time: 0.009499073028564453
preprocess_time: 1.876945
sepa_time: 0.0
node: 0
formulation: LEFPAV