instance: treeB.600.30
obj: 164.0
bound: 164.0
gap: 0.0
time: 2.7155921459198
preprocess_time: 1.229518
sepa_time: 0.0
node: 675
formulation: LEFPA