instance: treeB.700.70
obj: 148.0
bound: 147.0000000000001
gap: 0.006756756756755989
time: 7198.123193025589
preprocess_time: 1.887782
sepa_time: 0.0
node: 476357
formulation: LEFPAD