instance: treeB.200.10
obj: 59.0
bound: 59.0
gap: 0.0
time: 2.746378183364868
preprocess_time: 1.306873
sepa_time: 0.0
node: 851
formulation: LEFPAD