instance: treeB.300.45
obj: 451.0
bound: 451.0
gap: 0.0
time: 0.00578618049621582
preprocess_time: 1.313898
sepa_time: 0.0
node: 0
formulation: LEFPAI