instance: treeB.350.35
obj: 752.0
bound: 683.0
gap: 0.09175531914893617
time: 7198.871902227402
preprocess_time: 1.145493
sepa_time: 0.0
node: 563546
formulation: EFP