instance: treeB.400.20
obj: 108.0
bound: 108.0
gap: 0.0
time: 2.591442823410034
preprocess_time: 1.37906
sepa_time: 0.0
node: 650
formulation: LEFPA