instance: treeB.300.60
obj: 689.0
bound: 686.0
gap: 0.0043541364296081275
time: 7198.665311098099
preprocess_time: 1.337017
sepa_time: 0.0
node: 2133032
formulation: LEFPA