instance: treeB.150.30
obj: 31.0
bound: 31.0
gap: 0.0
time: 1.7852118015289307
preprocess_time: 1.375938
sepa_time: 0.0
node: 106
formulation: LEFPAD