instance: treeB.400.60
obj: 893.0
bound: 889.0
gap: 0.004479283314669653
time: 7198.887876987457
preprocess_time: 1.115858
sepa_time: 0.0
node: 4345826
formulation: LEFP