instance: treeB.250.50
org_node: 250
org_edge: 299
org_min_len: 1.0126521501658532
org_avg_len: 1.529221150207236
org_max_len: 1.98423584931659
dtf_node: 250
dtf_edge: 299
dtf_min_len: 1.0126521501658532
dtf_avg_len: 1.529221150207236
dtf_max_len: 1.98423584931659
sdb_node: 250
sdb_edge: 299
sdb_min_len: 1.0126521501658532
sdb_avg_len: 1.529221150207236
sdb_max_len: 1.98423584931659
dlt: 3.058442300414472
formulation: None