instance: treeB.250.50
obj: 52.0
bound: 52.0
gap: 0.0
time: 9.348453998565674
preprocess_time: 1.341573
sepa_time: 0.0
node: 1095
formulation: LEFPA