instance: treeB.300.45
obj: 77.0
bound: 76.00000000000013
gap: 0.012987012987011326
time: 7198.603253126144
preprocess_time: 1.4005
sepa_time: 0.0
node: 570590
formulation: LEFPAD