instance: treeB.100.20
obj: 19.0
bound: 19.0
gap: 0.0
time: 1.162003993988037
preprocess_time: 1.321947
sepa_time: 0.0
node: 1
formulation: LEFPAI