instance: treeB.200.30
obj: 308.0
bound: 308.0
gap: 0.0
time: 0.0032050609588623047
preprocess_time: 1.320534
sepa_time: 0.0
node: 0
formulation: LEFPA