instance: treeB.500.75
obj: 102.0
bound: 101.0
gap: 0.00980392156862745
time: 7198.198626041412
preprocess_time: 1.811529
sepa_time: 0.0
node: 804458
formulation: LEFPA