instance: treeB.350.35
obj: 70.0
bound: 70.0
gap: 0.0
time: 31.377140045166016
preprocess_time: 0.052639
sepa_time: 0.0
node: 679
formulation: LEVFP