instance: treeB.700.35
obj: 150.0
bound: 150.0
gap: 0.0
time: 17.000866889953613
preprocess_time: 1.420104
sepa_time: 0.0
node: 744
formulation: LEFP