instance: treeB.200.40
obj: 38.999999998444444
bound: 38.999999998444444
gap: 0.0
time: 2.452491044998169
preprocess_time: 0.043257
sepa_time: 0.0
node: 129
formulation: EFP