instance: treeB.600.60
obj: 130.0
bound: 130.0
gap: 0.0
time: 7.277915000915527
preprocess_time: 1.465526
sepa_time: 0.0
node: 695
formulation: LEFPA