instance: treeB.350.70
obj: 64.0
bound: 64.0
gap: 0.0
time: 202.92944884300232
preprocess_time: 0.998052
sepa_time: 1.8661484610502238e14
node: 10416
formulation: LEFPAV