instance: treeB.300.15
obj: 80.0
bound: 80.0
gap: 0.0
time: 1.9671940803527832
preprocess_time: 1.31927
sepa_time: 0.0
node: 854
formulation: LEFPAI