instance: treeB.200.10
obj: 59.0
bound: 59.0
gap: 0.0
time: 1.9919159412384033
preprocess_time: 1.738895
sepa_time: 0.0
node: 708
formulation: LEFPAI