instance: treeB.400.60
obj: 94.0
bound: 92.0
gap: 0.02127659574468085
time: 7198.038849115372
preprocess_time: 1.962048
sepa_time: 0.0
node: 867921
formulation: LEFPAI