instance: treeB.100.10
obj: 214.0
bound: 214.0
gap: 0.0
time: 0.8530449867248535
preprocess_time: 1.334475
sepa_time: 0.0
node: 1726
formulation: LEFP