instance: treeB.500.25
obj: 140.0
bound: 139.0000182588158
gap: 0.0071427267227442874
time: 948.8992428779602
preprocess_time: 1.808852
sepa_time: 0.0
node: 563985
formulation: LEFPA