instance: treeB.400.40
obj: 107.0
bound: 107.0
gap: 0.0
time: 320.49333000183105
preprocess_time: 1.396236
sepa_time: 0.0
node: 57836
formulation: LEFPAI