instance: treeB.200.30
obj: 308.0
bound: 308.0
gap: 0.0
time: 0.005014181137084961
preprocess_time: 1.363742
sepa_time: 0.0
node: 0
formulation: LEFPAI