instance: treeB.600.30
obj: 1057.0
bound: 1057.0
gap: 0.0
time: 0.006306886672973633
preprocess_time: 1.345237
sepa_time: 0.0
node: 0
formulation: LEFPAI