instance: treeB.100.20
obj: 231.0
bound: 214.0
gap: 0.0735930735930736
time: 7199.9015600681305
preprocess_time: 0.104164
sepa_time: 0.0
node: 2553877
formulation: EFP