instance: treeB.350.35
org_node: 350
org_edge: 384
org_min_len: 1.001151067448112
org_avg_len: 1.4956470484627855
org_max_len: 1.9969454749325635
dtf_node: 350
dtf_edge: 384
dtf_min_len: 1.001151067448112
dtf_avg_len: 1.4956470484627855
dtf_max_len: 1.9969454749325635
sdb_node: 350
sdb_edge: 384
sdb_min_len: 1.001151067448112
sdb_avg_len: 1.4956470484627855
sdb_max_len: 1.9969454749325635
dlt: 2.991294096925571
formulation: None