instance: treeB.200.10
obj: 44.0
bound: 44.0
gap: 0.0
time: 0.37532496452331543
preprocess_time: 0.032736
sepa_time: 0.0
node: 1
formulation: EFP