instance: treeB.600.90
obj: 122.0
bound: 118.0
gap: 0.03278688524590164
time: 7199.837130069733
preprocess_time: 0.176219
sepa_time: 0.0
node: 406130
formulation: EFP