instance: treeB.700.35
org_node: 700
org_edge: 734
org_min_len: 1.001564335933399
org_avg_len: 1.4998709646316792
org_max_len: 1.9999766211030285
dtf_node: 572
dtf_edge: 606
dtf_min_len: 1.001564335933399
dtf_avg_len: 1.8166753928047075
dtf_max_len: 8.485043878947629
sdb_node: 3196
sdb_edge: 3230
sdb_min_len: 0.28155750607556357
sdb_avg_len: 0.340837550476674
sdb_max_len: 0.37495730555940243
dlt: 0.3749677411579198
formulation: None