instance: treeB.300.15
obj: 524.0
bound: 524.0
gap: 0.0
time: 0.004805088043212891
preprocess_time: 1.759817
sepa_time: 0.0
node: 0
formulation: LEFPAI