instance: treeB.300.15
obj: 64.0
bound: 64.0
gap: 0.0
time: 6.220103025436401
preprocess_time: 0.058632
sepa_time: 0.0
node: 1298
formulation: EFP