instance: treeB.100.15
obj: 21.0
bound: 21.0
gap: 0.0
time: 3400.6101751327515
preprocess_time: 0.018718
sepa_time: 0.0
node: 1689
formulation: EF