instance: treeB.150.30
org_node: 150
org_edge: 179
org_min_len: 1.0093154568842464
org_avg_len: 1.496363337457331
org_max_len: 1.98423584931659
dtf_node: 150
dtf_edge: 179
dtf_min_len: 1.0093154568842464
dtf_avg_len: 1.496363337457331
dtf_max_len: 1.98423584931659
sdb_node: 150
sdb_edge: 179
sdb_min_len: 1.0093154568842464
sdb_avg_len: 1.496363337457331
sdb_max_len: 1.98423584931659
dlt: 2.992726674914662
formulation: None