instance: treeB.150.15
obj: 30.0
bound: 30.0
gap: 0.0
time: 0.692389965057373
preprocess_time: 1.067905
sepa_time: 0.0
node: 1
formulation: LEFPA