instance: treeB.150.22
org_node: 150
org_edge: 171
org_min_len: 1.0021553783514263
org_avg_len: 1.478738595092769
org_max_len: 1.98423584931659
dtf_node: 107
dtf_edge: 128
dtf_min_len: 1.0021553783514263
dtf_avg_len: 1.9755023418817452
dtf_max_len: 5.729874035072884
sdb_node: 728
sdb_edge: 749
sdb_min_len: 0.2779684701473337
sdb_avg_len: 0.3376025363963473
sdb_max_len: 0.36939230959912484
dlt: 0.36968464877319224
formulation: None