instance: treeB.200.30
obj: 40.0
bound: 40.0
gap: 0.0
time: 6.679889917373657
preprocess_time: 0.034532
sepa_time: 0.0
node: 582
formulation: LEVFP