instance: treeB.350.52
obj: 778.0
bound: 772.0
gap: 0.007712082262210797
time: 7199.941620826721
preprocess_time: 0.061664
sepa_time: 0.0
node: 2375770
formulation: LEVFP