instance: treeB.250.50
obj: 52.0
bound: 52.0
gap: 0.0
time: 16.50255584716797
preprocess_time: 0.03706
sepa_time: 5.0e-324
node: 603
formulation: LEVFP