instance: treeB.200.30
obj: 443.0
bound: 442.00000000000057
gap: 0.002257336343113841
time: 7198.778635978699
preprocess_time: 1.223296
sepa_time: 0.0
node: 4418210
formulation: LEFP