instance: treeB.300.30
obj: 645.0
bound: 645.0
gap: 0.0
time: 242.54730892181396
preprocess_time: 0.985575
sepa_time: 1.3842199804211822e13
node: 192420
formulation: LEFPAV