instance: treeB.100.20
obj: 230.0
bound: 230.0
gap: 0.0
time: 13.752306938171387
preprocess_time: 1.334813
sepa_time: 0.0
node: 10729
formulation: LEFPA