instance: treeB.150.22
org_node: 150
org_edge: 171
org_min_len: 1.0021553783514263
org_avg_len: 1.478738595092769
org_max_len: 1.98423584931659
dtf_node: 150
dtf_edge: 171
dtf_min_len: 1.0021553783514263
dtf_avg_len: 1.478738595092769
dtf_max_len: 1.98423584931659
sdb_node: 150
sdb_edge: 171
sdb_min_len: 1.0021553783514263
sdb_avg_len: 1.478738595092769
sdb_max_len: 1.98423584931659
dlt: 2.957477190185538
formulation: None