instance: treeB.600.90
obj: 945.0
bound: 945.0
gap: 0.0
time: 0.036489009857177734
preprocess_time: 1.463586
sepa_time: 0.0
node: 0
formulation: LEFPAD