instance: treeB.300.45
obj: 61.0
bound: 61.0
gap: 0.0
time: 10.701889991760254
preprocess_time: 1.033222
sepa_time: 0.0
node: 669
formulation: LEFPA