instance: treeB.250.50
obj: 577.0
bound: 574.0
gap: 0.005199306759098787
time: 7199.017856836319
preprocess_time: 0.984011
sepa_time: 0.0
node: 755403
formulation: LEFPAD