instance: treeB.200.40
obj: 460.0
bound: 460.0
gap: 0.0
time: 476.20406103134155
preprocess_time: 1.32303
sepa_time: 0.0
node: 240517
formulation: LEFPA