instance: treeB.150.22
obj: 32.0
bound: 32.0
gap: 0.0
time: 0.9084179401397705
preprocess_time: 0.025952
sepa_time: 0.0
node: 1
formulation: EFP