instance: treeB.400.60
obj: 79.0
bound: 76.0
gap: 0.0379746835443038
time: 7199.935726881027
preprocess_time: 0.078994
sepa_time: 0.0
node: 666655
formulation: EFP