instance: treeB.500.75
obj: 100.0
bound: 99.00000000000011
gap: 0.009999999999998864
time: 7198.9845468997955
preprocess_time: 1.021764
sepa_time: 0.0
node: 869104
formulation: LEFP