instance: treeB.300.45
obj: 665.0
bound: 665.0
gap: 0.0
time: 215.36710906028748
preprocess_time: 1.376097
sepa_time: 0.0
node: 85024
formulation: LEFPAI