instance: treeB.200.10
obj: 59.0
bound: 59.0
gap: 0.0
time: 1.9954040050506592
preprocess_time: 1.325842
sepa_time: 0.0
node: 708
formulation: LEFPAI