instance: treeB.200.40
obj: 460.0
bound: 460.0
gap: 0.0
time: 1599.064337015152
preprocess_time: 1.343702
sepa_time: 0.0
node: 147504
formulation: LEFPAD