instance: treeB.200.30
obj: 40.0
bound: 40.0
gap: 0.0
time: 2.077893018722534
preprocess_time: 1.017013
sepa_time: 0.0
node: 1
formulation: LEFP