instance: treeB.700.105
obj: 1581.0
bound: 1399.0
gap: 0.11511701454775458
time: 7195.626694917679
preprocess_time: 4.410352
sepa_time: 0.0
node: 181246
formulation: EFP