instance: treeB.100.10
obj: 20.0
bound: 20.0
gap: 0.0
time: 0.06921601295471191
preprocess_time: 0.980647
sepa_time: 0.0
node: 1
formulation: LEFPAV