instance: treeB.600.30
obj: 131.0
bound: 131.0
gap: 0.0
time: 69.45418095588684
preprocess_time: 1.914347
sepa_time: 0.0
node: 10485
formulation: LEFPA