instance: treeB.250.25
obj: 55.0
bound: 55.0
gap: 0.0
time: 2.128525972366333
preprocess_time: 1.003574
sepa_time: 0.0
node: 1
formulation: LEFPAI