instance: treeB.150.22
obj: 32.0
bound: 32.0
gap: 0.0
time: 0.9151358604431152
preprocess_time: 1.331874
sepa_time: 0.0
node: 56
formulation: LEFPAD