instance: treeB.200.30
obj: 48.0
bound: 48.0
gap: 0.0
time: 12.354326963424683
preprocess_time: 1.861049
sepa_time: 1.936973540263231e14
node: 921
formulation: LEFPAV