instance: treeB.300.15
obj: 64.0
bound: 64.0
gap: 0.0
time: 6.8264501094818115
preprocess_time: 0.042887
sepa_time: 0.0
node: 680
formulation: LEVFP