instance: treeB.150.30
obj: 31.0
bound: 31.0
gap: 0.0
time: 1.3860437870025635
preprocess_time: 1.054421
sepa_time: 9.68621339230891e13
node: 1
formulation: LEFPAV