instance: treeB.400.40
obj: 83.0
bound: 83.0
gap: 0.0
time: 27.446879863739014
preprocess_time: 0.070208
sepa_time: 6.94680650491006e-310
node: 1729
formulation: LEVFP