instance: treeB.100.15
obj: 21.0
bound: 21.0
gap: 0.0
time: 0.956089973449707
preprocess_time: 0.898394
sepa_time: 0.0
node: 30
formulation: LEFPAI