instance: treeB.200.10
obj: 350.0
bound: 350.0
gap: 0.0
time: 0.009572982788085938
preprocess_time: 1.762116
sepa_time: 0.0
node: 0
formulation: LEFPAD