instance: treeB.300.45
obj: 77.0
bound: 76.00000282123679
gap: 0.012986976347574146
time: 4362.7958109378815
preprocess_time: 1.347556
sepa_time: 2.444061735000684e14
node: 1491414
formulation: LEFPAV