instance: treeB.600.60
org_node: 600
org_edge: 659
org_min_len: 1.0028355514800165
org_avg_len: 1.507135686644536
org_max_len: 1.9989023332293387
dtf_node: 600
dtf_edge: 659
dtf_min_len: 1.0028355514800165
dtf_avg_len: 1.507135686644536
dtf_max_len: 1.9989023332293387
sdb_node: 600
sdb_edge: 659
sdb_min_len: 1.0028355514800165
sdb_avg_len: 1.507135686644536
sdb_max_len: 1.9989023332293387
dlt: 3.014271373289072
formulation: None