instance: treeB.600.60
obj: 982.0
bound: 982.0
gap: 0.0
time: 0.007603883743286133
preprocess_time: 1.896663
sepa_time: 0.0
node: 0
formulation: LEFPA