instance: treeB.100.20
obj: 230.0
bound: 230.0
gap: 0.0
time: 18.72693395614624
preprocess_time: 1.355796
sepa_time: 0.0
node: 6983
formulation: LEFPAD