instance: treeB.600.90
org_node: 600
org_edge: 689
org_min_len: 1.001564335933399
org_avg_len: 1.503460919891134
org_max_len: 1.9999766211030285
dtf_node: 458
dtf_edge: 547
dtf_min_len: 1.001564335933399
dtf_avg_len: 1.893756076425946
dtf_max_len: 5.564347633442241
sdb_node: 2940
sdb_edge: 3029
sdb_min_len: 0.28223791456789005
sdb_avg_len: 0.34198896461042894
sdb_max_len: 0.37579450971293843
dlt: 0.3758652299727835
formulation: None