instance: treeB.400.40
obj: 869.0
bound: 784.0
gap: 0.09781357882623705
time: 7198.915091991425
preprocess_time: 1.096033
sepa_time: 0.0
node: 565577
formulation: EFP