instance: treeB.400.60
obj: 79.0
bound: 79.0
gap: 0.0
time: 12.751235008239746
preprocess_time: 1.682744
sepa_time: 0.0
node: 705
formulation: LEFPA