instance: treeB.600.90
obj: 126.0
bound: 126.0
gap: 0.0
time: 1007.5966620445251
preprocess_time: 1.884394
sepa_time: 0.0
node: 20662
formulation: LEFPAD