instance: treeB.150.22
obj: 32.0
bound: 32.0
gap: 0.0
time: 0.9288179874420166
preprocess_time: 1.053771
sepa_time: 0.0
node: 1
formulation: LEFPA