instance: treeB.200.20
obj: 329.0
bound: 329.0
gap: 0.0
time: 0.0032100677490234375
preprocess_time: 1.761855
sepa_time: 0.0
node: 0
formulation: LEFPAV