instance: treeB.250.37
obj: 54.0
bound: 54.0
gap: 0.0
time: 5.199522018432617
preprocess_time: 1.123636
sepa_time: 0.0
node: 573
formulation: LEFPAD