instance: treeB.200.40
obj: 38.999999998444444
bound: 38.999999998444444
gap: 0.0
time: 2.4417150020599365
preprocess_time: 1.058323
sepa_time: 0.0
node: 129
formulation: LEFP