instance: treeB.150.22
obj: 332.0
bound: 332.0
gap: 0.0
time: 1327.4412779808044
preprocess_time: 1.344953
sepa_time: 0.0
node: 1152015
formulation: LEFPA