instance: treeB.700.105
obj: 141.0
bound: 141.0
gap: 0.0
time: 76.50706887245178
preprocess_time: 1.45519
sepa_time: 0.0
node: 640
formulation: LEFP