instance: treeB.300.45
obj: 61.0
bound: 61.0
gap: 0.0
time: 374.0937349796295
preprocess_time: 1.743589
sepa_time: 0.0
node: 93320
formulation: LEFPAI