instance: treeB.300.15
obj: 623.0
bound: 623.0
gap: 0.0
time: 148.787437915802
preprocess_time: 0.057305
sepa_time: 0.0
node: 90772
formulation: LEVFP