instance: treeB.100.10
obj: 214.0
bound: 214.0
gap: 0.0
time: 0.682121992111206
preprocess_time: 1.068372
sepa_time: 1.8460640191288117e13
node: 419
formulation: LEFPAV