instance: treeB.250.37
obj: 557.0
bound: 556.0000000000007
gap: 0.0017953321364440177
time: 7198.705613851547
preprocess_time: 1.296774
sepa_time: 0.0
node: 3897567
formulation: LEFP