instance: treeB.600.60
obj: 982.0
bound: 982.0
gap: 0.0
time: 0.005290031433105469
preprocess_time: 1.118004
sepa_time: 0.0
node: 0
formulation: LEFPA