instance: treeB.150.30
obj: 343.0
bound: 343.0
gap: 0.0
time: 4341.442010879517
preprocess_time: 1.237556
sepa_time: 0.0
node: 2758892
formulation: LEFP