instance: treeB.300.45
obj: 667.0
bound: 665.0
gap: 0.0029985007496251873
time: 7198.296085119247
preprocess_time: 1.704422
sepa_time: 0.0
node: 2186341
formulation: LEFPAI