instance: treeB.150.30
org_node: 150
org_edge: 179
org_min_len: 1.0093154568842464
org_avg_len: 1.496363337457331
org_max_len: 1.98423584931659
dtf_node: 106
dtf_edge: 135
dtf_min_len: 1.0093154568842464
dtf_avg_len: 1.9840669437397196
dtf_max_len: 7.872848826318744
sdb_node: 761
sdb_edge: 790
sdb_min_len: 0.28270491517542556
sdb_avg_len: 0.3390494144365349
sdb_max_len: 0.37316565708972743
dlt: 0.37409083436433277
formulation: None