instance: treeB.200.20
obj: 438.0
bound: 389.0
gap: 0.11187214611872145
time: 7199.574831008911
preprocess_time: 0.434826
sepa_time: 0.0
node: 1621689
formulation: EFP