instance: treeB.100.15
obj: 21.0
bound: 21.0
gap: 0.0
time: 1.1042580604553223
preprocess_time: 0.026241
sepa_time: 0.0
node: 1
formulation: LEVFP