instance: treeB.500.50
obj: 105.0
bound: 105.0
gap: 0.0
time: 248.23341703414917
preprocess_time: 1.003616
sepa_time: 0.0
node: 11467
formulation: LEFP