instance: treeB.600.30
obj: 1057.0
bound: 1057.0
gap: 0.0
time: 0.018159151077270508
preprocess_time: 1.12869
sepa_time: 0.0
node: 0
formulation: LEFPAD