instance: treeB.300.30
obj: 58.0
bound: 58.0
gap: 0.0
time: 14.344531059265137
preprocess_time: 0.056517
sepa_time: 6.9034743448304e-310
node: 726
formulation: LEVFP