instance: treeB.500.50
obj: 131.0
bound: 128.0
gap: 0.022900763358778626
time: 7198.180021047592
preprocess_time: 1.829629
sepa_time: 0.0
node: 312755
formulation: LEFPAD