instance: treeB.400.60
obj: 94.0
bound: 92.0
gap: 0.02127659574468085
time: 7198.177765130997
preprocess_time: 1.823744
sepa_time: 0.0
node: 958917
formulation: LEFPAI