instance: treeB.200.30
obj: 40.0
bound: 40.0
gap: 0.0
time: 7.234998941421509
preprocess_time: 0.042075
sepa_time: 0.0
node: 582
formulation: LEVFP