instance: treeB.250.50
obj: 52.0
bound: 52.0
gap: 0.0
time: 14.73564100265503
preprocess_time: 1.088289
sepa_time: 0.0
node: 683
formulation: LEFPAI