instance: treeB.200.20
obj: 46.0
bound: 46.0
gap: 0.0
time: 463.73798298835754
preprocess_time: 1.664881
sepa_time: 0.0
node: 166334
formulation: LEFPAD