instance: treeB.500.50
obj: 1081.0
bound: 1076.0
gap: 0.004625346901017576
time: 7198.095239877701
preprocess_time: 1.907374
sepa_time: 0.7510490000000002
node: 2587525
formulation: LEFPAV