instance: treeB.100.15
obj: 21.0
bound: 21.0
gap: 0.0
time: 0.8672988414764404
preprocess_time: 1.322958
sepa_time: 0.0
node: 19
formulation: LEFPAI