instance: treeB.200.30
obj: 41.0
bound: 41.0
gap: 0.0
time: 396.60954904556274
preprocess_time: 1.846707
sepa_time: 0.0
node: 49971
formulation: LEFPAD