instance: treeB.200.30
obj: 48.0
bound: 48.0
gap: 0.0
time: 11.84044098854065
preprocess_time: 1.316563
sepa_time: 2.0288276013712406e14
node: 921
formulation: LEFPAV