instance: treeB.250.37
obj: 54.0
bound: 54.0
gap: 0.0
time: 4.530758857727051
preprocess_time: 1.142889
sepa_time: 0.0
node: 95
formulation: LEFPA