instance: treeB.300.45
obj: 61.0
bound: 61.0
gap: 0.0
time: 244.769602060318
preprocess_time: 1.059033
sepa_time: 0.0
node: 14973
formulation: LEFPAI