instance: treeB.200.10
obj: 44.0
bound: 44.0
gap: 0.0
time: 1.4103779792785645
preprocess_time: 0.041422
sepa_time: 0.0
node: 1
formulation: LEVFP