instance: treeB.300.45
obj: 61.0
bound: 60.0
gap: 0.01639344262295082
time: 7198.755453109741
preprocess_time: 1.250813
sepa_time: 0.0
node: 713908
formulation: LEFP