instance: treeB.300.30
obj: 645.0
bound: 645.0
gap: 0.0
time: 1065.09370803833
preprocess_time: 1.334054
sepa_time: 0.0
node: 744545
formulation: LEFPAI