instance: treeB.700.105
obj: 141.0
bound: 141.0
gap: 0.0
time: 306.96681118011475
preprocess_time: 1.931075
sepa_time: 0.0
node: 12210
formulation: LEFPAI