instance: treeB.400.40
obj: 85.0
bound: 85.0
gap: 0.0
time: 2005.610188961029
preprocess_time: 1.376113
sepa_time: 0.0
node: 373845
formulation: LEFPAI