instance: treeB.200.30
obj: 40.0
bound: 40.0
gap: 0.0
time: 2.1216530799865723
preprocess_time: 0.977318
sepa_time: 7.840258720041016e13
node: 80
formulation: LEFPAV