instance: treeB.400.60
obj: 79.0
bound: 79.0
gap: 0.0
time: 5392.410333156586
preprocess_time: 1.85381
sepa_time: 1.477417875506895e14
node: 809121
formulation: LEFPAV