instance: treeB.200.40
obj: 460.0
bound: 460.0
gap: 0.0
time: 1987.9955968856812
preprocess_time: 0.043869
sepa_time: 5.0e-324
node: 801040
formulation: LEVFP