instance: treeB.600.90
obj: 126.0
bound: 126.0
gap: 0.0
time: 207.76052403450012
preprocess_time: 1.867179
sepa_time: 2.487314785767372e14
node: 10537
formulation: LEFPAV