instance: treeB.700.70
obj: 188.0
bound: 187.00006291176933
gap: 0.0053188142990992894
time: 57.96577596664429
preprocess_time: 1.47943
sepa_time: 1.7988459881279162e14
node: 3238
formulation: LEFPAV