instance: treeB.300.30
obj: 58.0
bound: 58.0
gap: 0.0
time: 14.185916185379028
preprocess_time: 0.055584
sepa_time: 0.0
node: 726
formulation: LEVFP