instance: treeB.300.30
obj: 75.0
bound: 75.0
gap: 0.0
time: 49.70523500442505
preprocess_time: 1.77106
sepa_time: 0.0
node: 5481
formulation: LEFPAD