instance: treeB.150.30
obj: 32.0
bound: 32.0
gap: 0.0
time: 32.49582600593567
preprocess_time: 0.031728
sepa_time: 0.0
node: 1137
formulation: LEVFP