instance: treeB.250.25
obj: 55.0
bound: 55.0
gap: 0.0
time: 2.503801107406616
preprocess_time: 0.038696
sepa_time: 6.93000249441817e-310
node: 1
formulation: LEVFP