instance: treeB.200.30
obj: 40.0
bound: 40.0
gap: 0.0
time: 106.61343693733215
preprocess_time: 1.271438
sepa_time: 0.0
node: 14038
formulation: LEFP