instance: treeB.600.60
obj: 130.0
bound: 130.0
gap: 0.0
time: 78.11069202423096
preprocess_time: 1.941112
sepa_time: 0.0
node: 8376
formulation: LEFPA