instance: treeB.300.45
obj: 61.0
bound: 61.0
gap: 0.0
time: 52.22914409637451
preprocess_time: 0.055326
sepa_time: 0.0
node: 649
formulation: LEVFP