instance: treeB.600.60
obj: 125.0
bound: 123.00000000000006
gap: 0.015999999999999546
time: 7199.845391988754
preprocess_time: 0.176531
sepa_time: 0.0
node: 1016130
formulation: EFP