instance: treeB.400.40
obj: 607.0
bound: 607.0
gap: 0.0
time: 0.005362033843994141
preprocess_time: 1.954146
sepa_time: 0.0
node: 0
formulation: LEFPAV