instance: treeB.150.30
obj: 343.0
bound: 343.0
gap: 0.0
time: 1241.275840997696
preprocess_time: 1.344601
sepa_time: 0.0
node: 345445
formulation: LEFPAD