instance: treeB.700.70
obj: 1529.0
bound: 1364.0
gap: 0.1079136690647482
time: 7197.150978088379
preprocess_time: 2.881901
sepa_time: 0.0
node: 259519
formulation: EFP