instance: treeB.250.37
obj: 561.0
bound: 511.0
gap: 0.08912655971479501
time: 7199.562208890915
preprocess_time: 0.445722
sepa_time: 0.0
node: 1026322
formulation: EFP