instance: treeB.600.90
obj: 153.0
bound: 151.0
gap: 0.013071895424836602
time: 7198.741620063782
preprocess_time: 1.268048
sepa_time: 0.0
node: 1092912
formulation: LEFPA