instance: treeB.700.105
obj: 177.0
bound: 173.0
gap: 0.022598870056497175
time: 7197.999625205994
preprocess_time: 2.01498
sepa_time: 0.0
node: 144550
formulation: LEFPAD