instance: treeB.600.90
obj: 122.0
bound: 122.0
gap: 0.0
time: 710.295196056366
preprocess_time: 0.185178
sepa_time: 0.0
node: 10754
formulation: LEVFP