instance: treeB.300.45
obj: 665.0
bound: 659.0
gap: 0.009022556390977444
time: 7198.568154811859
preprocess_time: 1.434745
sepa_time: 0.0
node: 485436
formulation: LEFPAD