instance: treeB.200.30
obj: 41.0
bound: 41.0
gap: 0.0
time: 17.821802854537964
preprocess_time: 1.256362
sepa_time: 0.0
node: 5511
formulation: LEFPAI