instance: treeB.400.40
obj: 107.0
bound: 106.0
gap: 0.009345794392523364
time: 7198.096550941467
preprocess_time: 1.909752
sepa_time: 0.0
node: 592161
formulation: LEFPAD