instance: treeB.700.70
obj: 188.0
bound: 188.0
gap: 0.0
time: 365.17256903648376
preprocess_time: 1.488542
sepa_time: 0.0
node: 11115
formulation: LEFPAD