instance: treeB.500.25
obj: 110.0
bound: 110.0
gap: 0.0
time: 1.7169349193572998
preprocess_time: 1.808794
sepa_time: 0.0
node: 478
formulation: LEFPA