instance: treeB.600.60
obj: 130.0
bound: 130.0
gap: 0.0
time: 7.449492931365967
preprocess_time: 1.439643
sepa_time: 0.0
node: 620
formulation: LEFPAI