instance: treeB.300.15
obj: 64.0
bound: 64.0
gap: 0.0
time: 7.046689987182617
preprocess_time: 0.053918
sepa_time: 6.90216759496096e-310
node: 680
formulation: LEVFP