instance: treeB.700.35
obj: 1462.0
bound: 1326.0
gap: 0.09302325581395349
time: 7197.273620843887
preprocess_time: 2.759999
sepa_time: 0.0
node: 280691
formulation: EFP