instance: treeB.250.25
org_node: 250
org_edge: 274
org_min_len: 1.0004059396972875
org_avg_len: 1.5012891805865225
org_max_len: 1.9999078285092091
dtf_node: 194
dtf_edge: 218
dtf_min_len: 1.0004059396972875
dtf_avg_len: 1.886941447159208
dtf_max_len: 6.046589164837036
sdb_node: 1180
sdb_edge: 1204
sdb_min_len: 0.2818219497647883
sdb_avg_len: 0.3416555111965997
sdb_max_len: 0.37531926394027143
dlt: 0.3753222951466306
formulation: None