instance: treeB.700.70
obj: 1508.0
bound: 1502.0
gap: 0.003978779840848806
time: 7199.048612117767
preprocess_time: 0.954902
sepa_time: 0.0
node: 3759057
formulation: LEFP