instance: treeB.500.75
obj: 122.0
bound: 121.00003513583411
gap: 0.008196433312835158
time: 932.3163409233093
preprocess_time: 1.841421
sepa_time: 2.5855401804194544e14
node: 174770
formulation: LEFPAV