instance: treeB.100.20
org_node: 100
org_edge: 119
org_min_len: 1.0505883295248812
org_avg_len: 1.5078534175184066
org_max_len: 1.9992824684127266
dtf_node: 74
dtf_edge: 93
dtf_min_len: 1.0571652729074832
dtf_avg_len: 1.9294038353192504
dtf_max_len: 5.508731025039999
sdb_node: 504
sdb_edge: 523
sdb_min_len: 0.28307796218125625
sdb_avg_len: 0.3430871064716831
sdb_max_len: 0.3766868569730178
dlt: 0.37696335437960166
formulation: None