instance: treeB.400.20
obj: 839.0
bound: 767.0
gap: 0.08581644815256258
time: 7198.624706983566
preprocess_time: 1.399169
sepa_time: 0.0
node: 612376
formulation: EFP