instance: treeB.400.40
obj: 107.0
bound: 106.0
gap: 0.009345794392523364
time: 7198.8725299835205
preprocess_time: 1.132862
sepa_time: 0.0
node: 605726
formulation: LEFPAD