instance: treeB.100.10
obj: 214.0
bound: 214.0
gap: 0.0
time: 1.4151990413665771
preprocess_time: 1.333777
sepa_time: 0.0
node: 3075
formulation: LEFPA