instance: treeB.300.60
obj: 696.0
bound: 624.0
gap: 0.10344827586206896
time: 7198.979879140854
preprocess_time: 1.038349
sepa_time: 0.0
node: 671068
formulation: EFP