instance: treeB.500.25
obj: 109.99999966736024
bound: 109.99999966736024
gap: 0.0
time: 12.373090028762817
preprocess_time: 1.731892
sepa_time: 0.0
node: 2355
formulation: LEFPA