instance: treeB.600.90
obj: 153.0
bound: 151.0
gap: 0.013071895424836602
time: 7198.78381896019
preprocess_time: 1.221139
sepa_time: 1.3375070206521217e14
node: 818372
formulation: LEFPAV