instance: treeB.300.15
obj: 64.0
bound: 64.0
gap: 0.0
time: 7.326649188995361
preprocess_time: 0.054455
sepa_time: 3.1e-322
node: 680
formulation: LEVFP