instance: treeB.200.40
org_node: 200
org_edge: 239
org_min_len: 1.0004059396972875
org_avg_len: 1.512339561861632
org_max_len: 1.987892453066448
dtf_node: 200
dtf_edge: 239
dtf_min_len: 1.0004059396972875
dtf_avg_len: 1.512339561861632
dtf_max_len: 1.987892453066448
sdb_node: 200
sdb_edge: 239
sdb_min_len: 1.0004059396972875
sdb_avg_len: 1.512339561861632
sdb_max_len: 1.987892453066448
dlt: 3.024679123723264
formulation: None