instance: treeB.600.60
obj: 130.0
bound: 130.0
gap: 0.0
time: 41.757797956466675
preprocess_time: 1.895376
sepa_time: 0.0
node: 1531
formulation: LEFPAI