instance: treeB.700.35
obj: 190.0
bound: 190.0
gap: 0.0
time: 3.6374731063842773
preprocess_time: 1.889684
sepa_time: 0.0
node: 643
formulation: LEFPA