instance: treeB.300.30
obj: 75.0
bound: 75.0
gap: 0.0
time: 67.05242609977722
preprocess_time: 1.776829
sepa_time: 0.0
node: 10581
formulation: LEFPAI