instance: treeB.700.35
obj: 150.0
bound: 149.0000000000001
gap: 0.006666666666665909
time: 7198.531173944473
preprocess_time: 1.481007
sepa_time: 0.0
node: 1652812
formulation: LEFP