instance: treeB.400.20
obj: 832.0
bound: 831.0000000000015
gap: 0.0012019230769213006
time: 7199.019008159637
preprocess_time: 0.982853
sepa_time: 0.0
node: 5429751
formulation: LEFP