instance: treeB.400.40
obj: 83.0
bound: 83.0
gap: 0.0
time: 27.557613849639893
preprocess_time: 0.069107
sepa_time: 4.0e-323
node: 1729
formulation: LEVFP