instance: treeB.200.10
obj: 44.0
bound: 44.0
gap: 0.0
time: 44.91425895690918
preprocess_time: 1.233373
sepa_time: 0.0
node: 13427
formulation: LEFP