instance: treeB.200.10
obj: 59.0
bound: 59.0
gap: 0.0
time: 2.041940927505493
preprocess_time: 1.880876
sepa_time: 0.0
node: 708
formulation: LEFPAI