instance: treeB.700.70
obj: 148.0
bound: 146.0
gap: 0.013513513513513514
time: 7197.918467998505
preprocess_time: 2.08964
sepa_time: 1.9825832445673944e14
node: 732890
formulation: LEFPAV