instance: treeB.500.75
obj: 1128.0
bound: 1015.0
gap: 0.10017730496453901
time: 7198.077720165253
preprocess_time: 1.937781
sepa_time: 0.0
node: 330796
formulation: EFP