instance: treeB.300.45
org_node: 300
org_edge: 344
org_min_len: 1.0122654033755079
org_avg_len: 1.501543335347977
org_max_len: 1.9969454749325635
dtf_node: 300
dtf_edge: 344
dtf_min_len: 1.0122654033755079
dtf_avg_len: 1.501543335347977
dtf_max_len: 1.9969454749325635
sdb_node: 300
sdb_edge: 344
sdb_min_len: 1.0122654033755079
sdb_avg_len: 1.501543335347977
sdb_max_len: 1.9969454749325635
dlt: 3.003086670695954
formulation: None