instance: treeB.600.60
obj: 1286.0
bound: 1281.0
gap: 0.0038880248833592537
time: 7198.9372889995575
preprocess_time: 1.06528
sepa_time: 0.0
node: 3750221
formulation: LEFP