instance: treeB.600.60
obj: 160.0
bound: 160.0
gap: 0.0
time: 25.91669511795044
preprocess_time: 2.030298
sepa_time: 0.0
node: 2809
formulation: LEFPAI