instance: treeB.350.52
org_node: 350
org_edge: 401
org_min_len: 1.001151067448112
org_avg_len: 1.4947331180589507
org_max_len: 1.9969454749325635
dtf_node: 350
dtf_edge: 401
dtf_min_len: 1.001151067448112
dtf_avg_len: 1.4947331180589507
dtf_max_len: 1.9969454749325635
sdb_node: 350
sdb_edge: 401
sdb_min_len: 1.001151067448112
sdb_avg_len: 1.4947331180589507
sdb_max_len: 1.9969454749325635
dlt: 2.9894662361179014
formulation: None