instance: treeB.350.70
obj: 805.0
bound: 801.0
gap: 0.004968944099378882
time: 7198.5755269527435
preprocess_time: 1.427123
sepa_time: 0.0
node: 2846437
formulation: LEFPA