instance: treeB.100.15
obj: 21.0
bound: 21.0
gap: 0.0
time: 1.3671951293945312
preprocess_time: 1.131875
sepa_time: 0.0
node: 66
formulation: LEFPAD