instance: treeB.300.30
obj: 75.0
bound: 75.0
gap: 0.0
time: 50.41193079948425
preprocess_time: 1.329816
sepa_time: 0.0
node: 10229
formulation: LEFPA