instance: treeB.300.60
obj: 58.0
bound: 57.000000000000036
gap: 0.017241379310344217
time: 7199.099231004715
preprocess_time: 0.909343
sepa_time: 0.0
node: 764168
formulation: LEFP