instance: treeB.350.70
obj: 63.99999999526
bound: 63.00000000000015
gap: 0.015624999927092362
time: 7199.948950052261
preprocess_time: 0.055836
sepa_time: 0.0
node: 861748
formulation: EFP