instance: treeB.300.15
obj: 80.0
bound: 80.0
gap: 0.0
time: 1.5362589359283447
preprocess_time: 1.335828
sepa_time: 1.846841224384818e13
node: 204
formulation: LEFPAV