instance: treeB.500.50
obj: 1092.0
bound: 968.0
gap: 0.11355311355311355
time: 7198.01474905014
preprocess_time: 2.009117
sepa_time: 0.0
node: 433152
formulation: EFP