instance: treeB.300.30
obj: 58.0
bound: 58.0
gap: 0.0
time: 2572.5519530773163
preprocess_time: 1.232284
sepa_time: 0.0
node: 380003
formulation: LEFP