instance: treeB.300.15
obj: 80.0
bound: 80.0
gap: 0.0
time: 1.5339181423187256
preprocess_time: 1.761905
sepa_time: 2.768883195454342e13
node: 204
formulation: LEFPAV