instance: treeB.600.60
obj: 160.0
bound: 159.0000121252149
gap: 0.006249924217406821
time: 2204.266774892807
preprocess_time: 1.896912
sepa_time: 0.0
node: 359694
formulation: LEFPAD