instance: treeB.700.105
obj: 141.0
bound: 135.0
gap: 0.0425531914893617
time: 7199.793490886688
preprocess_time: 0.219596
sepa_time: 0.0
node: 279465
formulation: EFP