instance: treeB.200.40
obj: 460.0
bound: 460.0
gap: 0.0
time: 189.27220916748047
preprocess_time: 1.362133
sepa_time: 0.0
node: 79577
formulation: LEFPAI