instance: treeB.400.60
obj: 94.0
bound: 91.0
gap: 0.031914893617021274
time: 7198.193790912628
preprocess_time: 1.814817
sepa_time: 0.0
node: 351573
formulation: LEFPAD