instance: treeB.150.22
obj: 335.0
bound: 302.0
gap: 0.09850746268656717
time: 7199.72966504097
preprocess_time: 0.283017
sepa_time: 0.0
node: 1794107
formulation: EFP