instance: treeB.150.15
obj: 319.0
bound: 319.0
gap: 0.0
time: 0.5559101104736328
preprocess_time: 1.342078
sepa_time: 0.0
node: 581
formulation: LEFPAI