instance: treeB.300.30
obj: 490.0
bound: 490.0
gap: 0.0
time: 0.011622190475463867
preprocess_time: 1.327606
sepa_time: 0.0
node: 0
formulation: LEFPAD