instance: treeB.300.45
obj: 77.0
bound: 76.00000000000011
gap: 0.01298701298701151
time: 7198.687659025192
preprocess_time: 1.317813
sepa_time: 0.0
node: 558661
formulation: LEFPAD