instance: treeB.200.20
obj: 59.0
bound: 59.0
gap: 0.0
time: 2387.236114025116
preprocess_time: 1.841947
sepa_time: 0.0
node: 1121831
formulation: LEFPAD