instance: treeB.150.15
obj: 319.0
bound: 319.0
gap: 0.0
time: 5.1912760734558105
preprocess_time: 1.316848
sepa_time: 0.0
node: 1192
formulation: LEFPAD