instance: treeB.100.15
obj: 220.0
bound: 220.0
gap: 0.0
time: 5.680065870285034
preprocess_time: 1.336559
sepa_time: 0.0
node: 5072
formulation: LEFPA