instance: treeB.700.35
obj: 152.0
bound: 152.0
gap: 0.0
time: 8.485678911209106
preprocess_time: 1.379935
sepa_time: 7.375772180800192e13
node: 2772
formulation: LEFPAV