instance: treeB.700.70
obj: 1130.0
bound: 1130.0
gap: 0.0
time: 0.008183002471923828
preprocess_time: 1.873609
sepa_time: 0.0
node: 0
formulation: LEFPAV