instance: treeB.100.20
obj: 230.0
bound: 230.0
gap: 0.0
time: 5.805994987487793
preprocess_time: 1.348043
sepa_time: 0.0
node: 4687
formulation: LEFPAI