instance: treeB.200.30
org_node: 200
org_edge: 229
org_min_len: 1.0093154568842464
org_avg_len: 1.515127443642926
org_max_len: 1.98423584931659
dtf_node: 151
dtf_edge: 180
dtf_min_len: 1.0276005351196358
dtf_avg_len: 1.927578803301277
dtf_max_len: 8.273360924001528
sdb_node: 980
sdb_edge: 1009
sdb_min_len: 0.28683849056144317
sdb_avg_len: 0.34386936035106946
sdb_max_len: 0.37860536655806337
dlt: 0.3787818609107315
formulation: None