instance: treeB.700.105
obj: 177.0
bound: 173.0
gap: 0.022598870056497175
time: 7198.456731081009
preprocess_time: 1.559405
sepa_time: 0.0
node: 141573
formulation: LEFPAD