instance: treeB.200.10
obj: 416.0
bound: 416.0
gap: 0.0
time: 2.408161163330078
preprocess_time: 1.674449
sepa_time: 0.0
node: 2546
formulation: LEFPA