instance: treeB.700.35
obj: 152.0
bound: 152.0
gap: 0.0
time: 10.780099868774414
preprocess_time: 1.997704
sepa_time: 0.0
node: 641
formulation: LEFPAI