instance: treeB.200.10
org_node: 200
org_edge: 209
org_min_len: 1.0093154568842464
org_avg_len: 1.5089892462514156
org_max_len: 1.98423584931659
dtf_node: 159
dtf_edge: 168
dtf_min_len: 1.0093154568842464
dtf_avg_len: 1.8772544789675338
dtf_max_len: 7.199627980785131
sdb_node: 913
sdb_edge: 922
sdb_min_len: 0.28683849056144317
sdb_avg_len: 0.3420593844539538
sdb_max_len: 0.3772273818101963
dlt: 0.3772473115628539
formulation: None