instance: treeB.700.35
obj: 1445.0
bound: 1439.0
gap: 0.004152249134948097
time: 7199.042196035385
preprocess_time: 0.962363
sepa_time: 0.0
node: 4737185
formulation: LEFP