instance: treeB.350.52
obj: 68.0
bound: 68.0
gap: 0.0
time: 28.51580286026001
preprocess_time: 1.155031
sepa_time: 0.0
node: 786
formulation: LEFPAD