instance: treeB.200.30
obj: 48.0
bound: 48.0
gap: 0.0
time: 27.12602400779724
preprocess_time: 1.318631
sepa_time: 0.0
node: 979
formulation: LEFPAD