instance: treeB.300.30
obj: 647.0
bound: 585.0
gap: 0.09582689335394126
time: 7199.077100038528
preprocess_time: 0.950394
sepa_time: 0.0
node: 762486
formulation: EFP