instance: treeB.400.20
obj: 671.0
bound: 671.0
gap: 0.0
time: 0.003011941909790039
preprocess_time: 1.391377
sepa_time: 0.0
node: 0
formulation: LEFPAV