instance: treeB.500.25
org_node: 500
org_edge: 524
org_min_len: 1.0026757226028857
org_avg_len: 1.5197882800118425
org_max_len: 1.9995724168774514
dtf_node: 500
dtf_edge: 524
dtf_min_len: 1.0026757226028857
dtf_avg_len: 1.5197882800118425
dtf_max_len: 1.9995724168774514
sdb_node: 500
sdb_edge: 524
sdb_min_len: 1.0026757226028857
sdb_avg_len: 1.5197882800118425
sdb_max_len: 1.9995724168774514
dlt: 3.039576560023685
formulation: None