instance: treeB.100.15
obj: 220.0
bound: 220.0
gap: 0.0
time: 99.13583588600159
preprocess_time: 1.369345
sepa_time: 0.0
node: 26165
formulation: LEFPAD