instance: treeB.700.70
obj: 1512.0
bound: 1506.0
gap: 0.003968253968253968
time: 7198.689002037048
preprocess_time: 1.311821
sepa_time: 0.0
node: 3122253
formulation: LEFPAI