instance: treeB.400.60
obj: 904.0
bound: 798.0
gap: 0.1172566371681416
time: 7198.519155025482
preprocess_time: 1.50118
sepa_time: 0.0
node: 542164
formulation: EFP