instance: treeB.150.15
obj: 30.0
bound: 30.0
gap: 0.0
time: 0.9285991191864014
preprocess_time: 0.025116
sepa_time: 2.0e-323
node: 1
formulation: LEVFP