instance: treeB.100.10
obj: 20.0
bound: 20.0
gap: 0.0
time: 49.499064207077026
preprocess_time: 0.017465
sepa_time: 0.0
node: 1
formulation: EF