instance: treeB.200.20
obj: 45.0
bound: 45.0
gap: 0.0
time: 6.533170938491821
preprocess_time: 1.058742
sepa_time: 0.0
node: 1658
formulation: LEFPAD