instance: treeB.500.75
org_node: 500
org_edge: 574
org_min_len: 1.001151067448112
org_avg_len: 1.491299407903732
org_max_len: 1.9993735655001792
dtf_node: 500
dtf_edge: 574
dtf_min_len: 1.001151067448112
dtf_avg_len: 1.491299407903732
dtf_max_len: 1.9993735655001792
sdb_node: 500
sdb_edge: 574
sdb_min_len: 1.001151067448112
sdb_avg_len: 1.491299407903732
sdb_max_len: 1.9993735655001792
dlt: 2.982598815807464
formulation: None