instance: treeB.150.22
obj: 332.0
bound: 332.0
gap: 0.0
time: 55.26355504989624
preprocess_time: 1.354192
sepa_time: 0.0
node: 13308
formulation: LEFPAD