instance: treeB.700.35
obj: 1451.0
bound: 1449.0
gap: 0.0013783597518952446
time: 7198.774327039719
preprocess_time: 1.227253
sepa_time: 1.3842199804211816e13
node: 4799666
formulation: LEFPAV