instance: treeB.350.52
obj: 68.0
bound: 68.0
gap: 0.0
time: 58.296339988708496
preprocess_time: 1.137627
sepa_time: 0.0
node: 5287
formulation: LEFPAI