instance: treeB.200.20
obj: 434.0
bound: 434.0
gap: 0.0
time: 22.15051007270813
preprocess_time: 0.971347
sepa_time: 0.0
node: 15258
formulation: LEFPA