instance: treeB.200.30
obj: 48.0
bound: 48.0
gap: 0.0
time: 27.19022512435913
preprocess_time: 1.769755
sepa_time: 0.0
node: 979
formulation: LEFPAD