instance: treeB.700.70
obj: 188.0
bound: 187.00006291176933
gap: 0.0053188142990992894
time: 59.20150303840637
preprocess_time: 1.976106
sepa_time: 1.7987857009604725e14
node: 3238
formulation: LEFPAV