instance: treeB.250.50
obj: 579.0
bound: 529.0
gap: 0.08635578583765112
time: 7199.157761096954
preprocess_time: 0.856371
sepa_time: 0.0
node: 781168
formulation: EFP