instance: treeB.100.10
obj: 20.0
bound: 20.0
gap: 0.0
time: 0.13078594207763672
preprocess_time: 1.36703
sepa_time: 0.0
node: 1
formulation: LEFPAI