instance: treeB.200.30
obj: 40.0
bound: 40.0
gap: 0.0
time: 102.06727409362793
preprocess_time: 1.231102
sepa_time: 0.0
node: 14038
formulation: LEFP