instance: treeB.700.105
obj: 1079.0
bound: 1079.0
gap: 0.0
time: 0.015045166015625
preprocess_time: 1.591469
sepa_time: 0.0
node: 0
formulation: LEFPAI