instance: treeB.600.90
obj: 945.0
bound: 945.0
gap: 0.0
time: 0.008380889892578125
preprocess_time: 1.864019
sepa_time: 0.0
node: 0
formulation: LEFPAV