instance: treeB.500.25
obj: 848.0
bound: 848.0
gap: 0.0
time: 0.005326032638549805
preprocess_time: 1.042994
sepa_time: 0.0
node: 0
formulation: LEFPAI