instance: treeB.200.20
obj: 438.0
bound: 389.0
gap: 0.11187214611872145
time: 7199.6529450416565
preprocess_time: 0.358589
sepa_time: 0.0
node: 1537877
formulation: EFP