instance: treeB.400.20
obj: 84.0
bound: 84.0
gap: 0.0
time: 3.3796350955963135
preprocess_time: 1.683651
sepa_time: 0.0
node: 624
formulation: LEFPAD