instance: treeB.250.50
obj: 577.0
bound: 576.0
gap: 0.0017331022530329288
time: 7199.019022941589
preprocess_time: 0.982127
sepa_time: 1.384219980421182e13
node: 4157157
formulation: LEFPAV