instance: treeB.700.35
obj: 1226.0
bound: 1226.0
gap: 0.0
time: 0.005654096603393555
preprocess_time: 1.479272
sepa_time: 0.0
node: 0
formulation: LEFPA