instance: treeB.300.15
obj: 623.0
bound: 623.0
gap: 0.0
time: 38.559720039367676
preprocess_time: 1.410706
sepa_time: 0.0
node: 30498
formulation: LEFP