instance: treeB.600.60
obj: 125.0
bound: 123.0
gap: 0.016
time: 7198.615947961807
preprocess_time: 1.394423
sepa_time: 0.0
node: 1163500
formulation: LEFP