instance: treeB.200.30
obj: 308.0
bound: 308.0
gap: 0.0
time: 0.0027589797973632812
preprocess_time: 1.468308
sepa_time: 0.0
node: 0
formulation: LEFPAV