instance: treeB.150.15
obj: 30.0
bound: 30.0
gap: 0.0
time: 0.32880115509033203
preprocess_time: 0.860071
sepa_time: 0.0
node: 1
formulation: LEFP