instance: treeB.400.40
obj: 107.0
bound: 107.0
gap: 0.0
time: 609.6238729953766
preprocess_time: 1.828686
sepa_time: 9.222536763641072e13
node: 135911
formulation: LEFPAV