instance: treeB.200.30
obj: 48.0
bound: 48.0
gap: 0.0
time: 12.578159093856812
preprocess_time: 1.320892
sepa_time: 0.0
node: 1017
formulation: LEFPAI