instance: treeB.350.52
obj: 68.0
bound: 68.0
gap: 0.0
time: 13.215495109558105
preprocess_time: 1.098146
sepa_time: 0.0
node: 609
formulation: LEFPA