instance: treeB.350.70
obj: 806.0
bound: 795.0
gap: 0.013647642679900745
time: 7198.658477067947
preprocess_time: 1.346449
sepa_time: 0.0
node: 326653
formulation: LEFPAD