instance: treeB.300.30
obj: 75.0
bound: 75.0
gap: 0.0
time: 67.11741709709167
preprocess_time: 1.325681
sepa_time: 0.0
node: 10581
formulation: LEFPAI