instance: treeB.350.35
obj: 70.0
bound: 70.0
gap: 0.0
time: 14.048928022384644
preprocess_time: 0.966438
sepa_time: 0.0
node: 695
formulation: LEFP