instance: treeB.200.20
org_node: 200
org_edge: 219
org_min_len: 1.0004059396972875
org_avg_len: 1.5209415391138053
org_max_len: 1.9984544408544425
dtf_node: 200
dtf_edge: 219
dtf_min_len: 1.0004059396972875
dtf_avg_len: 1.5209415391138053
dtf_max_len: 1.9984544408544425
sdb_node: 200
sdb_edge: 219
sdb_min_len: 1.0004059396972875
sdb_avg_len: 1.5209415391138053
sdb_max_len: 1.9984544408544425
dlt: 3.0418830782276105
formulation: None