instance: treeB.200.30
obj: 308.0
bound: 308.0
gap: 0.0
time: 0.004839897155761719
preprocess_time: 1.860673
sepa_time: 0.0
node: 0
formulation: LEFPAI