instance: treeB.100.10
org_node: 100
org_edge: 109
org_min_len: 1.0005718961279435
org_avg_len: 1.5081317991162444
org_max_len: 1.9992824684127266
dtf_node: 100
dtf_edge: 109
dtf_min_len: 1.0005718961279435
dtf_avg_len: 1.5081317991162444
dtf_max_len: 1.9992824684127266
sdb_node: 100
sdb_edge: 109
sdb_min_len: 1.0005718961279435
sdb_avg_len: 1.5081317991162444
sdb_max_len: 1.9992824684127266
dlt: 3.016263598232489
formulation: None