instance: treeB.350.52
obj: 778.0
bound: 774.0
gap: 0.005141388174807198
time: 7198.723436117172
preprocess_time: 1.279507
sepa_time: 0.0
node: 1830012
formulation: LEFP