instance: treeB.600.90
obj: 1340.0
bound: 1328.0
gap: 0.008955223880597015
time: 7198.723226070404
preprocess_time: 1.2778
sepa_time: 0.0
node: 1397648
formulation: LEFPAI