instance: treeB.200.30
obj: 40.0
bound: 40.0
gap: 0.0
time: 3.742202043533325
preprocess_time: 1.121896
sepa_time: 0.0
node: 699
formulation: LEFPAI