instance: treeB.600.30
obj: 164.0
bound: 164.0
gap: 0.0
time: 4.146436929702759
preprocess_time: 1.509157
sepa_time: 5.9951124417931805e13
node: 870
formulation: LEFPAV