instance: treeB.400.60
org_node: 400
org_edge: 459
org_min_len: 1.001151067448112
org_avg_len: 1.4920969859373219
org_max_len: 1.9993735655001792
dtf_node: 281
dtf_edge: 340
dtf_min_len: 1.0025652593585772
dtf_avg_len: 2.014330931015385
dtf_max_len: 8.477394215962132
sdb_node: 1940
sdb_edge: 1999
sdb_min_len: 0.2816457399619954
sdb_avg_len: 0.3426075620536436
sdb_max_len: 0.3730134795394532
dlt: 0.37302424648433047
formulation: None