instance: treeB.500.25
obj: 848.0
bound: 848.0
gap: 0.0
time: 0.01818084716796875
preprocess_time: 1.968207
sepa_time: 0.0
node: 0
formulation: LEFPAD