instance: treeB.300.30
obj: 645.0
bound: 645.0
gap: 0.0
time: 4290.739939928055
preprocess_time: 0.985466
sepa_time: 0.0
node: 1096595
formulation: LEFPAD