instance: treeB.500.75
obj: 122.0
bound: 121.000043413979
gap: 0.008196365459188523
time: 395.53980898857117
preprocess_time: 1.396634
sepa_time: 0.0
node: 61420
formulation: LEFPA