instance: treeB.300.45
obj: 61.0
bound: 61.0
gap: 0.0
time: 74.29412388801575
preprocess_time: 1.043314
sepa_time: 0.0
node: 5258
formulation: LEFP