instance: treeB.150.15
obj: 30.0
bound: 30.0
gap: 0.0
time: 0.3333449363708496
preprocess_time: 0.030149
sepa_time: 0.0
node: 1
formulation: EFP