instance: treeB.200.10
obj: 59.0
bound: 59.0
gap: 0.0
time: 2.76446795463562
preprocess_time: 1.754072
sepa_time: 0.0
node: 851
formulation: LEFPAD