instance: treeB.600.90
obj: 1350.0
bound: 1220.0
gap: 0.0962962962962963
time: 7197.628036022186
preprocess_time: 2.393187
sepa_time: 0.0
node: 254646
formulation: EFP