instance: treeB.200.20
obj: 59.0
bound: 59.0
gap: 0.0
time: 25.445300102233887
preprocess_time: 1.363281
sepa_time: 0.0
node: 11397
formulation: LEFPAI