instance: treeB.350.70
obj: 804.0
bound: 800.0
gap: 0.004975124378109453
time: 7198.678354978561
preprocess_time: 1.322646
sepa_time: 0.0
node: 2621427
formulation: LEFPAI