instance: treeB.200.10
obj: 415.0
bound: 414.00005354606157
gap: 0.0024095095275624935
time: 669.8256261348724
preprocess_time: 0.044301
sepa_time: 6.89839099385465e-310
node: 851295
formulation: LEVFP