instance: treeB.100.15
org_node: 100
org_edge: 114
org_min_len: 1.0021553783514263
org_avg_len: 1.4794948581917238
org_max_len: 1.9853213789438122
dtf_node: 76
dtf_edge: 90
dtf_min_len: 1.0071908389850934
dtf_avg_len: 1.8740268203761834
dtf_max_len: 6.139720590219355
sdb_node: 488
sdb_edge: 502
sdb_min_len: 0.2850455742736936
sdb_avg_len: 0.3359809040515066
sdb_max_len: 0.36975634408160135
dlt: 0.36987371454793094
formulation: None