instance: treeB.200.20
obj: 434.0
bound: 433.0000034224462
gap: 0.002304139579617087
time: 1786.3850769996643
preprocess_time: 1.230498
sepa_time: 0.0
node: 1385909
formulation: LEFP