instance: treeB.200.20
obj: 59.0
bound: 59.0
gap: 0.0
time: 18.474115133285522
preprocess_time: 1.753066
sepa_time: 0.0
node: 10279
formulation: LEFPA