instance: treeB.600.60
obj: 982.0
bound: 982.0
gap: 0.0
time: 0.007830142974853516
preprocess_time: 2.040447
sepa_time: 0.0
node: 0
formulation: LEFPA