instance: treeB.500.25
obj: 109.0
bound: 108.0
gap: 0.009174311926605505
time: 7199.013715028763
preprocess_time: 0.995838
sepa_time: 0.0
node: 1709158
formulation: LEFP