instance: treeB.300.45
obj: 61.0
bound: 59.0
gap: 0.03278688524590164
time: 7199.950655937195
preprocess_time: 0.054977
sepa_time: 0.0
node: 876908
formulation: EFP