instance: treeB.350.70
org_node: 350
org_edge: 419
org_min_len: 1.001151067448112
org_avg_len: 1.4934939866706614
org_max_len: 1.9993735655001792
dtf_node: 265
dtf_edge: 334
dtf_min_len: 1.001151067448112
dtf_avg_len: 1.8735747916616983
dtf_max_len: 6.455903858962558
sdb_node: 1766
sdb_edge: 1835
sdb_min_len: 0.28412708614771615
sdb_avg_len: 0.3410212427329724
sdb_max_len: 0.373370271119026
dlt: 0.37337349666766534
formulation: None