instance: treeB.700.70
obj: 188.0
bound: 188.0
gap: 0.0
time: 135.50012302398682
preprocess_time: 1.540147
sepa_time: 0.0
node: 14325
formulation: LEFPAI