instance: treeB.100.15
obj: 220.0
bound: 220.0
gap: 0.0
time: 9.563179969787598
preprocess_time: 1.331431
sepa_time: 0.0
node: 11996
formulation: LEFPAI