instance: treeB.150.30
obj: 32.0
bound: 32.0
gap: 0.0
time: 26.79186511039734
preprocess_time: 1.061432
sepa_time: 0.0
node: 1092
formulation: LEFPAD