instance: treeB.200.40
obj: 39.0
bound: 39.0
gap: 0.0
time: 2.2053539752960205
preprocess_time: 0.034392
sepa_time: 2.08e-322
node: 1
formulation: LEVFP