instance: treeB.250.25
obj: 535.0
bound: 535.0
gap: 0.0
time: 6.198452949523926
preprocess_time: 1.003249
sepa_time: 0.0
node: 7226
formulation: LEFPA