instance: treeB.350.35
obj: 748.0
bound: 746.0
gap: 0.00267379679144385
time: 7199.939496994019
preprocess_time: 0.063722
sepa_time: 6.91860355728076e-310
node: 2524805
formulation: LEVFP