instance: treeB.400.20
obj: 836.0
bound: 835.0000000000009
gap: 0.0011961722488027398
time: 7198.230499982834
preprocess_time: 1.771304
sepa_time: 0.0
node: 5337181
formulation: LEFPA