instance: treeB.700.35
obj: 1226.0
bound: 1226.0
gap: 0.0
time: 0.024508953094482422
preprocess_time: 1.505585
sepa_time: 0.0
node: 0
formulation: LEFPAD