instance: treeB.150.22
obj: 32.0
bound: 32.0
gap: 0.0
time: 512.9550671577454
preprocess_time: 0.026588
sepa_time: 0.0
node: 659
formulation: EF