instance: treeB.700.35
obj: 150.0
bound: 149.0000000000001
gap: 0.006666666666665909
time: 7198.5396909713745
preprocess_time: 1.478288
sepa_time: 0.0
node: 1557299
formulation: LEFP