instance: treeB.200.40
obj: 460.0
bound: 460.0
gap: 0.0
time: 546.8499989509583
preprocess_time: 0.988032
sepa_time: 1.384268729158986e13
node: 311441
formulation: LEFPAV