instance: treeB.150.15
org_node: 150
org_edge: 164
org_min_len: 1.0035456890877823
org_avg_len: 1.5339658308635862
org_max_len: 1.9992824684127266
dtf_node: 109
dtf_edge: 123
dtf_min_len: 1.0236644347014514
dtf_avg_len: 2.045287774484781
dtf_max_len: 6.386087439170342
sdb_node: 704
sdb_edge: 718
sdb_min_len: 0.28863833458305116
sdb_avg_len: 0.3503765964646623
sdb_max_len: 0.3810672982158646
dlt: 0.38349145771589654
formulation: None