instance: treeB.500.25
obj: 1043.0
bound: 932.0
gap: 0.10642377756471716
time: 7198.606476068497
preprocess_time: 1.407924
sepa_time: 0.0
node: 570551
formulation: EFP