instance: treeB.150.22
obj: 32.0
bound: 32.0
gap: 0.0
time: 0.9517149925231934
preprocess_time: 0.948408
sepa_time: 3.227411122124959e13
node: 1
formulation: LEFPAV