instance: treeB.200.20
obj: 45.0
bound: 45.0
gap: 0.0
time: 4.86402702331543
preprocess_time: 0.031082
sepa_time: 0.0
node: 643
formulation: LEVFP