instance: treeB.150.15
obj: 319.0
bound: 319.0
gap: 0.0
time: 1.6644971370697021
preprocess_time: 1.311708
sepa_time: 0.0
node: 789
formulation: LEFPA