instance: treeB.150.22
obj: 332.0
bound: 332.0
gap: 0.0
time: 3436.8033618927
preprocess_time: 1.322964
sepa_time: 0.0
node: 792509
formulation: LEFPAD