instance: treeB.700.70
obj: 1512.0
bound: 1506.0
gap: 0.003968253968253968
time: 7198.682327032089
preprocess_time: 1.320421
sepa_time: 0.0
node: 4195866
formulation: LEFPA