instance: treeB.350.35
obj: 748.0
bound: 745.0
gap: 0.004010695187165776
time: 7198.737318992615
preprocess_time: 1.265338
sepa_time: 0.0
node: 2075862
formulation: LEFP