instance: treeB.150.30
obj: 343.0
bound: 343.0
gap: 0.0
time: 323.7892758846283
preprocess_time: 1.375537
sepa_time: 0.0
node: 248903
formulation: LEFPAI