instance: treeB.500.50
obj: 1074.0
bound: 1071.0
gap: 0.002793296089385475
time: 7199.921266794205
preprocess_time: 0.083341
sepa_time: 0.0
node: 1706073
formulation: LEVFP