instance: treeB.700.70
obj: 1130.0
bound: 1130.0
gap: 0.0
time: 0.006082057952880859
preprocess_time: 1.102869
sepa_time: 0.0
node: 0
formulation: LEFPA