instance: treeB.600.90
obj: 122.0
bound: 121.00000000000026
gap: 0.008196721311473313
time: 7198.599131822586
preprocess_time: 1.414529
sepa_time: 0.0
node: 681941
formulation: LEFP