instance: treeB.300.60
org_node: 300
org_edge: 359
org_min_len: 1.0026757226028857
org_avg_len: 1.5084075925820362
org_max_len: 1.9999078285092091
dtf_node: 300
dtf_edge: 359
dtf_min_len: 1.0026757226028857
dtf_avg_len: 1.5084075925820362
dtf_max_len: 1.9999078285092091
sdb_node: 300
sdb_edge: 359
sdb_min_len: 1.0026757226028857
sdb_avg_len: 1.5084075925820362
sdb_max_len: 1.9999078285092091
dlt: 3.0168151851640723
formulation: None