instance: treeB.300.60
obj: 689.0
bound: 687.0000000000008
gap: 0.002902757619737597
time: 7198.624844074249
preprocess_time: 1.375644
sepa_time: 0.0
node: 2788141
formulation: LEFPAI