instance: treeB.600.90
obj: 153.0
bound: 150.0
gap: 0.0196078431372549
time: 7198.460239171982
preprocess_time: 1.553024
sepa_time: 0.0
node: 185154
formulation: LEFPAD