instance: treeB.300.30
obj: 58.0
bound: 58.0
gap: 0.0
time: 5.169657945632935
preprocess_time: 1.314927
sepa_time: 0.0
node: 624
formulation: LEFPAI