instance: treeB.350.70
obj: 64.0
bound: 63.00000000000008
gap: 0.015624999999998779
time: 7198.884907007217
preprocess_time: 1.118529
sepa_time: 0.0
node: 799304
formulation: LEFPAI