instance: treeB.400.40
obj: 83.0
bound: 82.0
gap: 0.012048192771084338
time: 7199.934739112854
preprocess_time: 0.07221
sepa_time: 0.0
node: 1544994
formulation: EFP