instance: treeB.350.70
org_node: 350
org_edge: 419
org_min_len: 1.001151067448112
org_avg_len: 1.4934939866706614
org_max_len: 1.9993735655001792
dtf_node: 350
dtf_edge: 419
dtf_min_len: 1.001151067448112
dtf_avg_len: 1.4934939866706614
dtf_max_len: 1.9993735655001792
sdb_node: 350
sdb_edge: 419
sdb_min_len: 1.001151067448112
sdb_avg_len: 1.4934939866706614
sdb_max_len: 1.9993735655001792
dlt: 2.9869879733413227
formulation: None