instance: treeB.400.20
obj: 671.0
bound: 671.0
gap: 0.0
time: 0.013225078582763672
preprocess_time: 1.381093
sepa_time: 0.0
node: 0
formulation: LEFPAD