instance: treeB.600.60
obj: 130.0
bound: 130.0
gap: 0.0
time: 3.25111985206604
preprocess_time: 1.843889
sepa_time: 0.0
node: 131
formulation: LEFPAD