instance: treeB.100.10
org_node: 100
org_edge: 109
org_min_len: 1.0005718961279435
org_avg_len: 1.5081317991162444
org_max_len: 1.9992824684127266
dtf_node: 77
dtf_edge: 86
dtf_min_len: 1.0005718961279435
dtf_avg_len: 1.9114693732984955
dtf_max_len: 5.881621381369615
sdb_node: 471
sdb_edge: 480
sdb_min_len: 0.28307796218125625
sdb_avg_len: 0.34247159604931204
sdb_max_len: 0.3761304881665876
dlt: 0.3770329497790611
formulation: None