instance: treeB.200.30
obj: 41.0
bound: 41.0
gap: 0.0
time: 100.29039812088013
preprocess_time: 1.690759
sepa_time: 0.0
node: 31358
formulation: LEFPAI