instance: treeB.500.75
obj: 122.0
bound: 121.00003513583411
gap: 0.008196433312835158
time: 897.8423919677734
preprocess_time: 1.137101
sepa_time: 2.171745397017885e14
node: 174770
formulation: LEFPAV