instance: treeB.300.15
obj: 64.0
bound: 64.0
gap: 0.0
time: 6.154045104980469
preprocess_time: 1.699866
sepa_time: 0.0
node: 808
formulation: LEFPAD