instance: treeB.400.60
obj: 94.0
bound: 92.0
gap: 0.02127659574468085
time: 7198.903063058853
preprocess_time: 1.09772
sepa_time: 0.0
node: 978887
formulation: LEFPAI