instance: treeB.500.50
obj: 764.0
bound: 764.0
gap: 0.0
time: 0.019572019577026367
preprocess_time: 1.051778
sepa_time: 0.0
node: 0
formulation: LEFPAD