instance: treeB.100.15
obj: 21.0
bound: 21.0
gap: 0.0
time: 1.0196428298950195
preprocess_time: 0.915618
sepa_time: 0.0
node: 1
formulation: LEFP