instance: treeB.500.25
obj: 1033.0
bound: 1031.0
gap: 0.001936108422071636
time: 7198.663960933685
preprocess_time: 1.339461
sepa_time: 0.0
node: 3828972
formulation: LEFP