instance: treeB.700.35
obj: 1226.0
bound: 1226.0
gap: 0.0
time: 0.0063059329986572266
preprocess_time: 1.475037
sepa_time: 0.0
node: 0
formulation: LEFPAV