instance: treeB.700.105
obj: 141.0
bound: 136.0
gap: 0.03546099290780142
time: 7198.892246007919
preprocess_time: 1.115599
sepa_time: 0.0
node: 404666
formulation: LEFP