instance: treeB.500.25
obj: 109.0
bound: 109.0
gap: 0.0
time: 31.366804122924805
preprocess_time: 0.075308
sepa_time: 2.0e-323
node: 607
formulation: LEVFP