instance: treeB.600.90
obj: 122.0
bound: 121.00000000000026
gap: 0.008196721311473313
time: 7199.823976993561
preprocess_time: 0.189439
sepa_time: 0.0
node: 687645
formulation: EFP