instance: treeB.300.60
obj: 58.0
bound: 57.0
gap: 0.017241379310344827
time: 7199.012261867523
preprocess_time: 0.993852
sepa_time: 0.0
node: 678035
formulation: LEFPA