instance: treeB.200.30
obj: 41.0
bound: 41.0
gap: 0.0
time: 85.09233713150024
preprocess_time: 1.873682
sepa_time: 0.0
node: 26912
formulation: LEFPA