instance: treeB.700.35
obj: 150.0
bound: 150.0
gap: 0.0
time: 21.784589052200317
preprocess_time: 0.208951
sepa_time: 6.9507023345135e-310
node: 678
formulation: LEVFP