instance: treeB.300.15
obj: 627.0
bound: 627.0
gap: 0.0
time: 124.8181529045105
preprocess_time: 1.66572
sepa_time: 0.0
node: 20835
formulation: LEFPAD