instance: treeB.300.45
obj: 665.0
bound: 665.0
gap: 0.0
time: 81.85561394691467
preprocess_time: 1.118518
sepa_time: 1.3846075943477033e13
node: 50331
formulation: LEFPAV