instance: treeB.300.60
obj: 689.0
bound: 686.0000000000003
gap: 0.004354136429607633
time: 7198.741095781326
preprocess_time: 1.261314
sepa_time: 0.0
node: 1571080
formulation: LEFP