instance: treeB.700.70
obj: 188.0
bound: 188.0
gap: 0.0
time: 370.09986996650696
preprocess_time: 1.968268
sepa_time: 0.0
node: 11115
formulation: LEFPAD