instance: treeB.200.30
obj: 443.0
bound: 443.0
gap: 0.0
time: 49.73172616958618
preprocess_time: 1.369059
sepa_time: 0.0
node: 27166
formulation: LEFPAI