instance: treeB.700.105
obj: 177.0
bound: 175.0
gap: 0.011299435028248588
time: 7198.674437999725
preprocess_time: 1.332092
sepa_time: 2.448923587170298e14
node: 687416
formulation: LEFPAV