instance: treeB.100.15
obj: 21.0
bound: 21.0
gap: 0.0
time: 1.0182361602783203
preprocess_time: 0.025601
sepa_time: 0.0
node: 1
formulation: EFP