instance: treeB.500.50
obj: 764.0
bound: 764.0
gap: 0.0
time: 0.028033018112182617
preprocess_time: 1.808444
sepa_time: 0.0
node: 0
formulation: LEFPAD