instance: treeB.200.30
obj: 443.0
bound: 443.0
gap: 0.0
time: 7179.8900990486145
preprocess_time: 1.069148
sepa_time: 0.0
node: 4126852
formulation: LEFP