instance: treeB.100.20
obj: 19.0
bound: 19.0
gap: 0.0
time: 0.734745979309082
preprocess_time: 0.02817
sepa_time: 0.0
node: 18
formulation: EFP