instance: treeB.700.105
obj: 177.0
bound: 174.0
gap: 0.01694915254237288
time: 7198.274877071381
preprocess_time: 1.73003
sepa_time: 0.0
node: 520723
formulation: LEFPAI