instance: treeB.350.35
obj: 748.0
bound: 748.0
gap: 0.0
time: 3508.2135150432587
preprocess_time: 1.348351
sepa_time: 0.0
node: 1566519
formulation: LEFPA