instance: treeB.700.35
obj: 190.0
bound: 190.0
gap: 0.0
time: 3.7391979694366455
preprocess_time: 1.934251
sepa_time: 0.0
node: 643
formulation: LEFPA