instance: treeB.700.70
obj: 1130.0
bound: 1130.0
gap: 0.0
time: 0.03430891036987305
preprocess_time: 2.019643
sepa_time: 0.0
node: 0
formulation: LEFPAD