instance: treeB.250.50
obj: 52.0
bound: 52.0
gap: 0.0
time: 9.840759992599487
preprocess_time: 1.015609
sepa_time: 0.0
node: 886
formulation: LEFPAI