instance: treeB.150.15
obj: 319.0
bound: 319.0
gap: 0.0
time: 2.171189069747925
preprocess_time: 1.064171
sepa_time: 0.0
node: 1113
formulation: LEFPAD