instance: treeB.600.60
obj: 125.0
bound: 125.0
gap: 0.0
time: 25.79913902282715
preprocess_time: 0.169526
sepa_time: 6.9313569103166e-310
node: 637
formulation: LEVFP