instance: treeB.700.70
obj: 148.0
bound: 145.0
gap: 0.02027027027027027
time: 7197.9991590976715
preprocess_time: 2.009986
sepa_time: 0.0
node: 609249
formulation: LEFPA