instance: treeB.400.60
obj: 94.0
bound: 93.0
gap: 0.010638297872340425
time: 7198.587599992752
preprocess_time: 1.415645
sepa_time: 1.9851402008196116e14
node: 1299293
formulation: LEFPAV