instance: treeB.200.20
obj: 434.0
bound: 434.0
gap: 0.0
time: 35.00205683708191
preprocess_time: 0.917372
sepa_time: 1.3842199804211797e13
node: 25944
formulation: LEFPAV