instance: treeB.400.60
obj: 94.0
bound: 91.0
gap: 0.031914893617021274
time: 7198.9331159591675
preprocess_time: 1.072103
sepa_time: 0.0
node: 372039
formulation: LEFPAD