instance: treeB.300.45
obj: 61.0
bound: 61.0
gap: 0.0
time: 229.8197009563446
preprocess_time: 1.118613
sepa_time: 0.0
node: 6274
formulation: LEFPAD