instance: treeB.200.30
obj: 48.0
bound: 48.0
gap: 0.0
time: 8.984795093536377
preprocess_time: 1.320462
sepa_time: 0.0
node: 667
formulation: LEFPA