instance: treeB.700.70
obj: 188.0
bound: 188.0
gap: 0.0
time: 386.05628490448
preprocess_time: 1.600394
sepa_time: 0.0
node: 11115
formulation: LEFPAD