instance: treeB.300.30
obj: 645.0
bound: 645.0
gap: 0.0
time: 701.8225660324097
preprocess_time: 1.312431
sepa_time: 0.0
node: 594684
formulation: LEFPA