instance: treeB.100.10
obj: 214.0
bound: 214.0
gap: 0.0
time: 1.2187049388885498
preprocess_time: 0.03707
sepa_time: 0.0
node: 771
formulation: LEVFP