instance: treeB.300.30
obj: 75.0
bound: 74.0000201887265
gap: 0.0133330641503134
time: 26.732638120651245
preprocess_time: 1.833732
sepa_time: 7.837196401916564e13
node: 5750
formulation: LEFPAV