instance: treeB.400.60
obj: 904.0
bound: 798.0
gap: 0.1172566371681416
time: 7198.87979221344
preprocess_time: 1.138352
sepa_time: 0.0
node: 612805
formulation: EFP