instance: treeB.300.60
org_node: 300
org_edge: 359
org_min_len: 1.0026757226028857
org_avg_len: 1.5084075925820362
org_max_len: 1.9999078285092091
dtf_node: 219
dtf_edge: 278
dtf_min_len: 1.005896083583993
dtf_avg_len: 1.9479076465357947
dtf_max_len: 7.699893266839526
sdb_node: 1510
sdb_edge: 1569
sdb_min_len: 0.28392487180764103
sdb_avg_len: 0.34513596286612547
sdb_max_len: 0.3769270014555389
dlt: 0.37710189814550904
formulation: None