instance: treeB.400.20
obj: 108.0
bound: 108.0
gap: 0.0
time: 3.507746934890747
preprocess_time: 1.063174
sepa_time: 0.0
node: 655
formulation: LEFPAI