instance: treeB.700.70
obj: 1508.0
bound: 1502.0
gap: 0.003978779840848806
time: 7199.918442964554
preprocess_time: 0.085038
sepa_time: 0.0
node: 2992639
formulation: LEVFP