instance: treeB.100.10
obj: 20.0
bound: 20.0
gap: 0.0
time: 0.3664729595184326
preprocess_time: 0.029147
sepa_time: 6.9056776405028e-310
node: 1
formulation: LEVFP