instance: treeB.150.15
obj: 319.0
bound: 319.0
gap: 0.0
time: 1.4246580600738525
preprocess_time: 1.24636
sepa_time: 0.0
node: 916
formulation: LEFP