instance: treeB.300.60
obj: 58.0
bound: 56.00000000000003
gap: 0.03448275862068916
time: 7199.019028186798
preprocess_time: 0.986641
sepa_time: 0.0
node: 144837
formulation: LEFPAD