instance: treeB.300.45
obj: 61.0
bound: 61.0
gap: 0.0
time: 53.68962788581848
preprocess_time: 0.05661
sepa_time: 1.5e-323
node: 649
formulation: LEVFP