instance: treeB.350.35
obj: 70.0
bound: 70.0
gap: 0.0
time: 8.838027954101562
preprocess_time: 1.157293
sepa_time: 0.0
node: 617
formulation: LEFPA