instance: treeB.200.30
obj: 40.0
bound: 40.0
gap: 0.0
time: 2.063148021697998
preprocess_time: 1.339676
sepa_time: 0.0
node: 82
formulation: LEFPAD