instance: treeB.150.22
obj: 332.0
bound: 332.0
gap: 0.0
time: 189.576504945755
preprocess_time: 1.321019
sepa_time: 0.0
node: 123042
formulation: LEFPAI