instance: treeB.250.37
obj: 54.0
bound: 54.0
gap: 0.0
time: 9.681251049041748
preprocess_time: 1.364716
sepa_time: 0.0
node: 1160
formulation: LEFPAI