instance: treeB.300.30
obj: 75.0
bound: 75.0
gap: 0.0
time: 62.927578926086426
preprocess_time: 1.308567
sepa_time: 0.0
node: 10581
formulation: LEFPAI