instance: treeB.200.20
obj: 435.0
bound: 435.0
gap: 0.0
time: 115.54316091537476
preprocess_time: 1.729755
sepa_time: 0.0
node: 89575
formulation: LEFPAI