instance: treeB.200.20
obj: 59.0
bound: 59.0
gap: 0.0
time: 27.947915077209473
preprocess_time: 1.75786
sepa_time: 0.0
node: 11397
formulation: LEFPAI