instance: treeB.500.50
obj: 1074.0
bound: 1072.0
gap: 0.00186219739292365
time: 7198.684040784836
preprocess_time: 1.322706
sepa_time: 0.0
node: 2435716
formulation: LEFP