instance: treeB.400.20
obj: 108.0
bound: 108.0
gap: 0.0
time: 2.9624109268188477
preprocess_time: 1.46748
sepa_time: 0.0
node: 596
formulation: LEFPAD