instance: treeB.100.20
obj: 230.0
bound: 230.0
gap: 0.0
time: 14.030290842056274
preprocess_time: 1.31558
sepa_time: 0.0
node: 14277
formulation: LEFPAI