instance: treeB.700.70
obj: 188.0
bound: 188.0
gap: 0.0
time: 142.79482197761536
preprocess_time: 1.43872
sepa_time: 0.0
node: 15411
formulation: LEFPA