instance: treeB.200.10
obj: 44.0
bound: 44.0
gap: 0.0
time: 2.3470540046691895
preprocess_time: 1.652612
sepa_time: 1.3830064125009146e13
node: 948
formulation: LEFPAV