instance: treeB.200.20
obj: 45.0
bound: 45.0
gap: 0.0
time: 1.7552449703216553
preprocess_time: 1.045314
sepa_time: 0.0
node: 1
formulation: LEFPAI