instance: treeB.700.105
obj: 1079.0
bound: 1079.0
gap: 0.0
time: 0.009215831756591797
preprocess_time: 1.545512
sepa_time: 0.0
node: 0
formulation: LEFPAV