instance: treeB.200.30
obj: 48.0
bound: 48.0
gap: 0.0
time: 12.473429918289185
preprocess_time: 1.763608
sepa_time: 0.0
node: 1017
formulation: LEFPAI