instance: treeB.600.60
obj: 160.0
bound: 160.0
gap: 0.0
time: 197.76357889175415
preprocess_time: 2.053816
sepa_time: 0.0
node: 58607
formulation: LEFPA