instance: treeB.300.45
obj: 665.0
bound: 664.0
gap: 0.0015037593984962407
time: 7198.998131990433
preprocess_time: 1.003214
sepa_time: 0.0
node: 3893499
formulation: LEFPA