instance: treeB.200.30
obj: 443.0
bound: 443.0
gap: 0.0
time: 3999.0440080165863
preprocess_time: 1.308691
sepa_time: 0.0
node: 2117410
formulation: LEFPAI