instance: treeB.350.35
obj: 748.0
bound: 745.0
gap: 0.004010695187165776
time: 7198.588135004044
preprocess_time: 1.41298
sepa_time: 0.0
node: 3052222
formulation: LEFPAI