instance: treeB.700.35
obj: 190.0
bound: 190.0
gap: 0.0
time: 6.257538080215454
preprocess_time: 1.93099
sepa_time: 0.0
node: 597
formulation: LEFPAD