instance: treeB.200.20
obj: 434.0
bound: 434.0
gap: 0.0
time: 1558.9905161857605
preprocess_time: 1.260481
sepa_time: 0.0
node: 1211815
formulation: LEFP