instance: treeB.400.60
obj: 79.0
bound: 79.0
gap: 0.0
time: 417.15406489372253
preprocess_time: 1.266191
sepa_time: 0.0
node: 33008
formulation: LEFP