instance: treeB.700.35
obj: 1226.0
bound: 1226.0
gap: 0.0
time: 0.01875901222229004
preprocess_time: 1.452313
sepa_time: 0.0
node: 0
formulation: LEFPAD