instance: treeB.200.20
obj: 435.0
bound: 396.0
gap: 0.0896551724137931
time: 7199.646119832993
preprocess_time: 0.364437
sepa_time: 0.0
node: 1283993
formulation: EFP