instance: treeB.250.50
obj: 52.0
bound: 52.0
gap: 0.0
time: 11.023239850997925
preprocess_time: 0.975761
sepa_time: 0.0
node: 685
formulation: LEFP