instance: treeB.500.25
obj: 1033.0
bound: 1029.0
gap: 0.003872216844143272
time: 7199.943768978119
preprocess_time: 0.059932
sepa_time: 6.9249072463006e-310
node: 5944611
formulation: LEVFP