instance: treeB.350.52
obj: 778.0
bound: 774.0
gap: 0.005141388174807198
time: 7198.592552900314
preprocess_time: 1.410199
sepa_time: 0.0
node: 2285608
formulation: LEFPA