instance: treeB.300.45
obj: 61.0
bound: 61.0
gap: 0.0
time: 43.17439794540405
preprocess_time: 1.425176
sepa_time: 0.0
node: 690
formulation: LEFPAD