instance: treeB.400.60
obj: 79.0
bound: 79.0
gap: 0.0
time: 96.25121021270752
preprocess_time: 0.078207
sepa_time: 3.5e-323
node: 1237
formulation: LEVFP