instance: treeB.300.30
org_node: 300
org_edge: 329
org_min_len: 1.0004059396972875
org_avg_len: 1.4899217249218397
org_max_len: 1.9999078285092091
dtf_node: 300
dtf_edge: 329
dtf_min_len: 1.0004059396972875
dtf_avg_len: 1.4899217249218397
dtf_max_len: 1.9999078285092091
sdb_node: 300
sdb_edge: 329
sdb_min_len: 1.0004059396972875
sdb_avg_len: 1.4899217249218397
sdb_max_len: 1.9999078285092091
dlt: 2.9798434498436794
formulation: None