instance: treeB.300.60
obj: 58.0
bound: 57.000000000000036
gap: 0.017241379310344217
time: 7198.817626953125
preprocess_time: 1.183326
sepa_time: 0.0
node: 1227847
formulation: LEFPAI