instance: treeB.100.15
obj: 220.0
bound: 220.0
gap: 0.0
time: 5.642828941345215
preprocess_time: 1.336596
sepa_time: 0.0
node: 5265
formulation: LEFP