instance: treeB.700.35
obj: 150.0
bound: 150.0
gap: 0.0
time: 22.410030841827393
preprocess_time: 0.215342
sepa_time: 1.5e-323
node: 678
formulation: LEVFP