instance: treeB.350.52
obj: 68.0
bound: 68.0
gap: 0.0
time: 13.328205823898315
preprocess_time: 1.415897
sepa_time: 0.0
node: 729
formulation: LEFPAI