instance: treeB.600.30
obj: 127.0
bound: 127.0
gap: 0.0
time: 176.96173787117004
preprocess_time: 0.173428
sepa_time: 0.0
node: 11489
formulation: EFP