instance: treeB.300.45
obj: 61.0
bound: 61.0
gap: 0.0
time: 49.56965088844299
preprocess_time: 0.048782
sepa_time: 5.0e-324
node: 649
formulation: LEVFP