instance: treeB.100.15
obj: 220.0
bound: 220.0
gap: 0.0
time: 8.413262128829956
preprocess_time: 0.939451
sepa_time: 1.3842735837605154e13
node: 9738
formulation: LEFPAV