instance: treeB.700.35
obj: 190.0
bound: 190.0
gap: 0.0
time: 5.34434700012207
preprocess_time: 2.071501
sepa_time: 0.0
node: 606
formulation: LEFPAI