instance: treeB.700.70
obj: 188.0
bound: 188.0
gap: 0.0
time: 132.05728888511658
preprocess_time: 1.971391
sepa_time: 0.0
node: 14325
formulation: LEFPAI