instance: treeB.250.37
obj: 54.0
bound: 54.0
gap: 0.0
time: 1.667022943496704
preprocess_time: 1.013873
sepa_time: 0.0
node: 1
formulation: LEFP