instance: treeB.250.50
org_node: 250
org_edge: 299
org_min_len: 1.0126521501658532
org_avg_len: 1.529221150207236
org_max_len: 1.98423584931659
dtf_node: 189
dtf_edge: 238
dtf_min_len: 1.019531956737727
dtf_avg_len: 1.9211643861847203
dtf_max_len: 6.441100476279175
sdb_node: 1268
sdb_edge: 1317
sdb_min_len: 0.28683849056144317
sdb_avg_len: 0.34718080782988897
sdb_max_len: 0.38215154048387223
dlt: 0.382305287551809
formulation: None