instance: treeB.350.52
obj: 782.0
bound: 710.0
gap: 0.09207161125319693
time: 7198.7381291389465
preprocess_time: 1.280465
sepa_time: 0.0
node: 504541
formulation: EFP