instance: treeB.700.105
obj: 1079.0
bound: 1079.0
gap: 0.0
time: 0.05211591720581055
preprocess_time: 1.876825
sepa_time: 0.0
node: 0
formulation: LEFPAD