instance: treeB.500.25
obj: 110.0
bound: 110.0
gap: 0.0
time: 17.616702795028687
preprocess_time: 1.814809
sepa_time: 0.0
node: 1210
formulation: LEFPAD