instance: treeB.600.90
obj: 122.0
bound: 118.0
gap: 0.03278688524590164
time: 7199.841789007187
preprocess_time: 0.173185
sepa_time: 0.0
node: 393034
formulation: EFP