instance: treeB.200.20
obj: 45.0
bound: 45.0
gap: 0.0
time: 1.1660289764404297
preprocess_time: 0.997784
sepa_time: 0.0
node: 1
formulation: LEFP