instance: treeB.200.20
obj: 434.0
bound: 433.0
gap: 0.002304147465437788
time: 7199.9589121341705
preprocess_time: 0.042931
sepa_time: 0.0
node: 5575604
formulation: LEVFP