instance: treeB.500.50
obj: 1081.0
bound: 1077.0
gap: 0.0037002775208140612
time: 7198.175672054291
preprocess_time: 1.826853
sepa_time: 0.0
node: 3085663
formulation: LEFPA