instance: treeB.400.20
obj: 671.0
bound: 671.0
gap: 0.0
time: 0.004266977310180664
preprocess_time: 1.371756
sepa_time: 0.0
node: 0
formulation: LEFPAI