instance: treeB.150.30
obj: 32.0
bound: 30.000000000000046
gap: 0.06249999999999856
time: 7203.133790016174
preprocess_time: 0.027409
sepa_time: 0.0
node: 15317
formulation: EF