instance: treeB.200.40
obj: 460.0
bound: 460.0
gap: 0.0
time: 4421.012046098709
preprocess_time: 1.344792
sepa_time: 0.0
node: 273034
formulation: LEFPAD