instance: treeB.700.70
obj: 148.0
bound: 144.0
gap: 0.02702702702702703
time: 7198.014811992645
preprocess_time: 1.995918
sepa_time: 0.0
node: 191036
formulation: LEFPAD