instance: treeB.300.30
obj: 75.0
bound: 75.0
gap: 0.0
time: 49.11952495574951
preprocess_time: 1.489248
sepa_time: 0.0
node: 10229
formulation: LEFPA