instance: treeB.250.50
obj: 577.0
bound: 575.0
gap: 0.0034662045060658577
time: 7199.952965021133
preprocess_time: 0.049415
sepa_time: 6.9034464080505e-310
node: 2151520
formulation: LEVFP