instance: treeB.150.30
obj: 32.0
bound: 32.0
gap: 0.0
time: 34.50549507141113
preprocess_time: 0.994662
sepa_time: 0.0
node: 7881
formulation: LEFP