instance: treeB.200.20
obj: 434.0
bound: 433.0
gap: 0.002304147465437788
time: 7199.958893060684
preprocess_time: 0.043003
sepa_time: 6.93120131410735e-310
node: 5617027
formulation: LEVFP