instance: treeB.500.75
obj: 763.0
bound: 763.0
gap: 0.0
time: 0.005532026290893555
preprocess_time: 1.470313
sepa_time: 0.0
node: 0
formulation: LEFPA