instance: treeB.600.90
obj: 1339.0
bound: 1329.0
gap: 0.0074682598954443615
time: 7198.766396999359
preprocess_time: 1.236056
sepa_time: 4.632603793354642e12
node: 1884453
formulation: LEFPAV