instance: treeB.400.40
org_node: 400
org_edge: 439
org_min_len: 1.001151067448112
org_avg_len: 1.496721953885114
org_max_len: 1.9993735655001792
dtf_node: 400
dtf_edge: 439
dtf_min_len: 1.001151067448112
dtf_avg_len: 1.496721953885114
dtf_max_len: 1.9993735655001792
sdb_node: 400
sdb_edge: 439
sdb_min_len: 1.001151067448112
sdb_avg_len: 1.496721953885114
sdb_max_len: 1.9993735655001792
dlt: 2.993443907770228
formulation: None