instance: treeB.500.50
obj: 131.0
bound: 129.0
gap: 0.015267175572519083
time: 7198.183825016022
preprocess_time: 1.829769
sepa_time: 0.0
node: 1568498
formulation: LEFPAI