instance: treeB.600.60
obj: 160.0
bound: 160.0
gap: 0.0
time: 21.77262783050537
preprocess_time: 1.140473
sepa_time: 0.0
node: 2809
formulation: LEFPAI