instance: treeB.400.60
obj: 94.0
bound: 93.0
gap: 0.010638297872340425
time: 7198.928218126297
preprocess_time: 1.075257
sepa_time: 2.169724985388993e14
node: 1131812
formulation: LEFPAV