instance: treeB.700.70
obj: 142.0
bound: 141.0
gap: 0.007042253521126761
time: 7198.50686788559
preprocess_time: 1.506093
sepa_time: 0.0
node: 797240
formulation: LEFP