instance: treeB.700.105
obj: 1562.0
bound: 1546.0
gap: 0.010243277848911651
time: 7198.974228858948
preprocess_time: 1.029697
sepa_time: 0.0
node: 3388076
formulation: LEFP