instance: treeB.400.20
obj: 832.0
bound: 831.0000000000022
gap: 0.0012019230769204808
time: 7199.953691005707
preprocess_time: 0.048159
sepa_time: 6.9112044939355e-310
node: 5131119
formulation: LEVFP