instance: treeB.600.90
obj: 945.0
bound: 945.0
gap: 0.0
time: 0.009567022323608398
preprocess_time: 1.136149
sepa_time: 0.0
node: 0
formulation: LEFPAI