instance: treeB.250.37
obj: 54.0
bound: 54.0
gap: 0.0
time: 13.384446859359741
preprocess_time: 0.038797
sepa_time: 3.36e-322
node: 2030
formulation: LEVFP