instance: treeB.200.20
obj: 45.0
bound: 44.00001246349047
gap: 0.022221945255767317
time: 2193.0782840251923
preprocess_time: 0.040082
sepa_time: 0.0
node: 911195
formulation: EFP