instance: treeB.700.35
obj: 190.0
bound: 190.0
gap: 0.0
time: 4.449769020080566
preprocess_time: 2.047456
sepa_time: 2.3057937236050984e13
node: 613
formulation: LEFPAV