instance: treeB.600.90
obj: 127.0
bound: 122.0
gap: 0.03937007874015748
time: 7198.069265127182
preprocess_time: 1.940246
sepa_time: 1.8445823048037878e14
node: 618330
formulation: LEFPAV