instance: treeB.100.10
obj: 20.0
bound: 20.0
gap: 0.0
time: 0.4109020233154297
preprocess_time: 1.039214
sepa_time: 0.0
node: 1
formulation: LEFPAD