instance: treeB.500.50
obj: 107.0
bound: 107.0
gap: 0.0
time: 204.24281311035156
preprocess_time: 1.388497
sepa_time: 1.3832706536635877e14
node: 26247
formulation: LEFPAV