instance: treeB.200.30
obj: 443.0
bound: 443.0
gap: 0.0
time: 80.2237241268158
preprocess_time: 0.974363
sepa_time: 1.3842984546276418e13
node: 53330
formulation: LEFPAV