instance: treeB.600.90
obj: 945.0
bound: 945.0
gap: 0.0
time: 0.03642916679382324
preprocess_time: 2.067423
sepa_time: 0.0
node: 0
formulation: LEFPAD