instance: treeB.200.40
org_node: 200
org_edge: 239
org_min_len: 1.0004059396972875
org_avg_len: 1.512339561861632
org_max_len: 1.987892453066448
dtf_node: 152
dtf_edge: 191
dtf_min_len: 1.0004059396972875
dtf_avg_len: 1.8924039543713616
dtf_max_len: 7.504057449992482
sdb_node: 1017
sdb_edge: 1056
sdb_min_len: 0.28357277859834196
sdb_avg_len: 0.3422813970501227
sdb_max_len: 0.376828151359018
dlt: 0.378084890465408
formulation: None