instance: treeB.300.60
obj: 58.0
bound: 57.0
gap: 0.017241379310344827
time: 7198.615499019623
preprocess_time: 1.390754
sepa_time: 0.0
node: 198762
formulation: LEFPAD