instance: treeB.300.45
obj: 665.0
bound: 664.0000277930434
gap: 0.001503717604446035
time: 3732.2309539318085
preprocess_time: 1.287564
sepa_time: 0.0
node: 1308398
formulation: LEFP