instance: treeB.300.45
obj: 60.99999924824721
bound: 60.99999924824721
gap: 0.0
time: 292.40202713012695
preprocess_time: 1.227972
sepa_time: 0.0
node: 23619
formulation: LEFPAD