instance: treeB.700.70
obj: 142.0
bound: 142.0
gap: 0.0
time: 45.070481061935425
preprocess_time: 0.218033
sepa_time: 0.0
node: 735
formulation: LEVFP