instance: treeB.100.20
obj: 19.0
bound: 19.0
gap: 0.0
time: 159.63428211212158
preprocess_time: 0.017276
sepa_time: 0.0
node: 296
formulation: EF