instance: treeB.250.25
obj: 535.0
bound: 535.0
gap: 0.0
time: 34.68813705444336
preprocess_time: 0.051581
sepa_time: 0.0
node: 16601
formulation: LEVFP