instance: treeB.250.50
obj: 577.0
bound: 574.0
gap: 0.005199306759098787
time: 7198.715012073517
preprocess_time: 1.286963
sepa_time: 0.0
node: 3043929
formulation: LEFP