instance: treeB.300.15
obj: 80.0
bound: 80.0
gap: 0.0
time: 1.0906908512115479
preprocess_time: 1.778289
sepa_time: 0.0
node: 420
formulation: LEFPA