instance: treeB.200.20
obj: 329.0
bound: 329.0
gap: 0.0
time: 0.002241849899291992
preprocess_time: 1.354232
sepa_time: 0.0
node: 0
formulation: LEFPA