instance: treeB.400.20
obj: 82.0
bound: 82.0
gap: 0.0
time: 30.009094953536987
preprocess_time: 1.287267
sepa_time: 0.0
node: 946
formulation: LEFP