instance: treeB.300.30
obj: 645.0
bound: 644.0
gap: 0.0015503875968992248
time: 7199.947358131409
preprocess_time: 0.056046
sepa_time: 6.92639374761785e-310
node: 4388560
formulation: LEVFP