instance: treeB.600.30
obj: 164.0
bound: 164.0
gap: 0.0
time: 3.0113320350646973
preprocess_time: 1.881908
sepa_time: 0.0
node: 675
formulation: LEFPA