instance: treeB.500.25
obj: 140.0
bound: 140.0
gap: 0.0
time: 443.9377338886261
preprocess_time: 1.88514
sepa_time: 3.2279643336695754e13
node: 223261
formulation: LEFPAV