instance: treeB.500.75
obj: 102.0
bound: 102.0
gap: 0.0
time: 400.04214096069336
preprocess_time: 1.828071
sepa_time: 1.6601293774913247e14
node: 38000
formulation: LEFPAV