instance: treeB.200.20
obj: 46.0
bound: 46.0
gap: 0.0
time: 63.671924114227295
preprocess_time: 1.716027
sepa_time: 0.0
node: 23114
formulation: LEFPA