instance: treeB.350.35
obj: 70.0
bound: 70.0
gap: 0.0
time: 11.825501918792725
preprocess_time: 1.358168
sepa_time: 0.0
node: 698
formulation: LEFPAI