instance: treeB.350.52
obj: 778.0
bound: 768.0
gap: 0.012853470437017995
time: 7198.584687948227
preprocess_time: 1.41892
sepa_time: 0.0
node: 516820
formulation: LEFPAD