instance: K200.con.red
org_node: 81
org_edge: 271
org_min_len: 0.0204342890268351
org_avg_len: 0.2768164057573524
org_max_len: 1.0
dtf_node: 109
dtf_edge: 299
dtf_min_len: 0.00944592863534055
dtf_avg_len: 0.25089379919813554
dtf_max_len: 0.5536322578818933
sdb_node: 109
sdb_edge: 299
sdb_min_len: 0.00944592863534055
sdb_avg_len: 0.25089379919813554
sdb_max_len: 0.5536322578818933
dlt: 0.5536328115147048
algo: None