instance: K200.con.red
obj: 12.0
bound: 11.0
gap: 0.08333333333333333
time: 7198.996801137924
preprocess_time: 1.029206
sepa_time: 0.0
node: 35521
formulation: LEFPAD