instance: K200.con.red
obj: 18.0
bound: 7.252642497069296
gap: 0.5970754168261665
time: 1866.6541929244995
preprocess_time: 22.629865
node: 351
algo: EFPV