instance: K200.con.red
obj: 75.0
bound: 71.48040935672516
gap: 0.046927875243601945
time: 3604.433084011078
preprocess_time: 0.053876
node: 89117
formulation: LEFPD