instance: K200.con.red
obj: 64.0
bound: 36.99182894315117
gap: 0.42200267276260356
time: 1800.6241309642792
preprocess_time: 0.096318
node: 3319
formulation: EFPI