instance: K200.con.red
obj: 69.0
bound: 36.598572849634266
gap: 0.4695859007292576
time: 1800.3735060691833
preprocess_time: 0.057459
node: 1873
algo: EFP