instance: K200.con.red
obj: 13.0
bound: 8.612436584170334
gap: 0.33750487813814734
time: 1800.3643028736115
preprocess_time: 0.054061
node: 2696
algo: ESFV