instance: K200.con.red
obj: 15.0
bound: 7.821441847150158
gap: 0.47857054352013234
time: 1800.6513900756836
preprocess_time: 0.064343
node: 4082
formulation: LEVFP