instance: K200.con.red
obj: 443.0
bound: 390.0
gap: 0.11963882618510158
time: 3599.553447008133
preprocess_time: 0.466008
sepa_time: 0.0
node: 141059
formulation: EFP