instance: K200.con.red
obj: 57.0
bound: 49.0
gap: 0.14035087719298245
time: 3599.934569120407
preprocess_time: 0.072658
node: 48729
formulation: LEFP