instance: K200.con.red
org_node: 81
org_edge: 271
org_min_len: 0.0204342890268351
org_avg_len: 0.2768164057573524
org_max_len: 1.0
dtf_node: 143
dtf_edge: 333
dtf_min_len: 0.0012571362306764838
dtf_avg_len: 0.22527701489562335
dtf_max_len: 1.0
sdb_node: 750
sdb_edge: 940
sdb_min_len: 0.0204342890268351
sdb_avg_len: 0.07980558080876876
sdb_max_len: 0.09111494891427743
dlt: 0.09134941389992629
formulation: None