instance: K200.con.red
obj: 64.0
bound: 45.18466442501461
gap: 0.29398961835868737
time: 1798.130825996399
preprocess_time: 3.766223
node: 22625
algo: EFPV