instance: K200.con.red
obj: 60.0
bound: 41.84766840921794
gap: 0.30253885984586343
time: 1800.7076451778412
preprocess_time: 0.058713
node: 11314
formulation: LEVFP