instance: K200.con.red
org_node: 81
org_edge: 271
org_min_len: 0.0204342890268351
org_avg_len: 0.2768164057573524
org_max_len: 1.0
dtf_node: 125
dtf_edge: 315
dtf_min_len: 0.0030164455310008748
dtf_avg_len: 0.2381499871753729
dtf_max_len: 1.0
sdb_node: 1020
sdb_edge: 1210
sdb_min_len: 0.0204342890268351
sdb_avg_len: 0.061997723934084585
sdb_max_len: 0.0690643543231645
dlt: 0.0692041014393381
formulation: None