instance: K200.con.red
obj: 12.0
bound: 10.0
gap: 0.16666666666666666
time: 3599.920727968216
preprocess_time: 0.082757
sepa_time: 0.0
node: 7958
formulation: LEVFP