instance: K200.con.red
obj: 442.0
bound: 411.0
gap: 0.07013574660633484
time: 3599.4114429950714
preprocess_time: 0.626849
sepa_time: 0.0
node: 10584
formulation: EVFP