instance: K200.con.red
obj: 438.0
bound: 426.0
gap: 0.0273972602739726
time: 3599.9331409931183
preprocess_time: 0.070825
sepa_time: 4.84e-322
node: 173850
formulation: LEVFP