instance: K200.con.red
obj: 348.0
bound: 334.0
gap: 0.040229885057471264
time: 3599.9362411499023
preprocess_time: 0.07018
sepa_time: 0.0
node: 113898
formulation: LEFPD