instance: K200.con.red
obj: 438.0
bound: 426.0
gap: 0.0273972602739726
time: 7198.36451292038
preprocess_time: 1.639966
sepa_time: 2.8134308175680522e14
node: 719408
formulation: LEFPAV