instance: K200.con.red
obj: 61.0
bound: 44.664537902440316
gap: 0.2677944606152935
time: 1795.171648979187
preprocess_time: 7.24632
node: 31466
algo: EFPV