instance: K200.con.red
obj: 14.0
bound: 8.02598474006591
gap: 0.4267153757065299
time: 1800.4145109653473
preprocess_time: 0.079517
node: 2121
algo: EFP