instance: K200.con.red
obj: 330.0
bound: 320.0
gap: 0.030303030303030304
time: 3599.9299240112305
preprocess_time: 0.075061
sepa_time: 5.9e-322
node: 409883
formulation: LEVFP