instance: K200.con.red
obj: 0.0
bound: 0.0
gap: 0.0
time: 1.144848108291626
preprocess_time: 0.053654
node: 0
algo: EVFP0