instance: K200.con.red
obj: 12.0
bound: 11.0
gap: 0.08333333333333333
time: 7199.951339960098
preprocess_time: 0.05664
sepa_time: 0.0
node: 59076
formulation: EFP