instance: K200.con.red
obj: 331.0
bound: 318.0
gap: 0.03927492447129909
time: 3599.9322390556335
preprocess_time: 0.069944
sepa_time: 0.0
node: 644943
formulation: LEFPI