instance: K200.con.red
obj: 76.00000083887173
bound: 71.68146135515622
gap: 0.05682288731635152
time: 3604.4962289333344
preprocess_time: 0.052381
node: 277935
formulation: LEFPDB