instance: K200.con.red
obj: 14.0
bound: 8.022123562174368
gap: 0.4269911741273523
time: 1801.3075749874115
preprocess_time: 0.061999
node: 4786
algo: F0