instance: K200.con.red
obj: 12.0
bound: 10.0
gap: 0.16666666666666666
time: 3599.923833847046
preprocess_time: 0.079605
sepa_time: 0.0
node: 18142
formulation: EFP