instance: K200.con.red
obj: 15.0
bound: 8.3113237656753
gap: 0.4459117489520072
time: 1788.251347064972
preprocess_time: 12.167309
node: 512
algo: EFPV