instance: K200.con.red
obj: 70.00000013437503
bound: 42.50464813452796
gap: 0.39279074210037884
time: 1804.4414570331573
preprocess_time: 0.109121
node: 3731
algo: F0