instance: K200.con.red
obj: 12.0
bound: 10.0
gap: 0.16666666666666666
time: 3599.9167428016663
preprocess_time: 0.085443
node: 13917
formulation: LEFPI