instance: K200.con.red
obj: 12.0
bound: 11.0
gap: 0.08333333333333333
time: 7198.863581895828
preprocess_time: 1.145078
sepa_time: 5.856353959262868e13
node: 51011
formulation: LEFPAV