instance: K200.con.red
obj: 438.0
bound: 426.0
gap: 0.0273972602739726
time: 7198.353492975235
preprocess_time: 1.64825
sepa_time: 0.0
node: 753885
formulation: LEFPAI