instance: K200.con.red
obj: 15.0
bound: 7.7391660395244335
gap: 0.48405559736181075
time: 1800.6239619255066
preprocess_time: 0.086845
node: 4097
algo: F