instance: K200.con.red
obj: 15.0
bound: 7.93680955680674
gap: 0.4708793628764115
time: 1800.438140153885
preprocess_time: 0.147599
node: 1476
algo: EFP0