instance: K200.con.red
obj: 69.0
bound: 36.65102388157484
gap: 0.46882574084606204
time: 1800.4368708133698
preprocess_time: 0.068339
node: 3330
formulation: EFP