instance: K200.con.red
obj: 447.0
bound: 435.0
gap: 0.026845637583892617
time: 7199.025782108307
preprocess_time: 0.977112
sepa_time: 0.0
node: 238965
formulation: LEFPD