instance: K200.con.red
obj: 15.0
bound: 8.035185906955503
gap: 0.46432093953320436
time: 1800.7102220058441
preprocess_time: 0.043012
node: 2277
formulation: EFP