instance: K200.con.red
obj: 12.0
bound: 11.0
gap: 0.08333333333333333
time: 7199.993430137634
preprocess_time: 0.053045
sepa_time: 1.0e-322
node: 15616
formulation: EVFP