instance: K200.con.red
obj: 12.0
bound: 10.0
gap: 0.16666666666666666
time: 7199.9309549331665
preprocess_time: 0.073208
sepa_time: 6.91914002226643e-310
node: 10652
formulation: LEVFP