instance: K200.con.red
obj: 438.0
bound: 425.0
gap: 0.02968036529680365
time: 3599.937119960785
preprocess_time: 0.068121
sepa_time: 0.0
node: 283820
formulation: LEFPV2