instance: K200.con.red
obj: 333.0
bound: 294.0
gap: 0.11711711711711711
time: 3599.5074129104614
preprocess_time: 0.505984
sepa_time: 0.0
node: 218962
formulation: EFP