instance: K200.con.red
obj: 65.0
bound: 39.674573446396884
gap: 0.38962194697791
time: 1800.4361319541931
preprocess_time: 0.133968
node: 3736
algo: F