instance: K200.con.red
obj: 447.0
bound: 432.0
gap: 0.03355704697986577
time: 3599.94229888916
preprocess_time: 0.067841
sepa_time: 0.0
node: 107705
formulation: LEFPD