instance: K200.con.red
obj: 64.0
bound: 36.93415685232408
gap: 0.42290379918177545
time: 1800.6091508865356
preprocess_time: 0.077593
node: 3610
algo: EFP0