instance: K200.con.red
obj: 438.0
bound: 423.0
gap: 0.03424657534246575
time: 7198.986797094345
preprocess_time: 1.016433
sepa_time: 0.0
node: 172458
formulation: LEFPAD