instance: K200.con.red
obj: 443.0
bound: 388.0
gap: 0.12415349887133183
time: 3599.392771959305
preprocess_time: 0.63033
sepa_time: 0.0
node: 172757
formulation: EFP