instance: K200.con.red
obj: 14.0
bound: 7.501106025205215
gap: 0.46420671248202605
time: 3601.4840099811554
preprocess_time: 0.060895
node: 12600
formulation: LEFPI