instance: K200.con.red
obj: 216.0
bound: 216.0
gap: 0.0
time: 0.0603179931640625
preprocess_time: 1.835201
sepa_time: 0.0
node: 1
formulation: LEFPA