instance: K200.con.red
obj: 60.0
bound: 32.67100192653919
gap: 0.45548330122358766
time: 1805.17853307724
preprocess_time: 0.093096
node: 3929
algo: SF