instance: K200.con.red
obj: 16.0
bound: 7.757016758815909
gap: 0.5151864525707859
time: 1800.2703030109406
preprocess_time: 0.077074
node: 640
algo: EDF