instance: K200.con.red
obj: 14.0
bound: 7.810964996528005
gap: 0.4420739288162705
time: 3603.423910856247
preprocess_time: 0.060846
node: 22708
formulation: LEFP