instance: K200.con.red
obj: 1.0
bound: 0.0
gap: 0.9999999999
time: 5.099251985549927
preprocess_time: 0.076976
node: 0
algo: EVFPV