instance: K200.con.red
obj: 438.0
bound: 425.0
gap: 0.02968036529680365
time: 7199.060846090317
preprocess_time: 0.941374
sepa_time: 0.0
node: 765319
formulation: LEFP