instance: K200.con.red
obj: 63.0
bound: 36.14405635258747
gap: 0.42628481979952226
time: 3615.4022908210754
preprocess_time: 0.060486
node: 61511
formulation: EFP