instance: K200.con.red
obj: 12.0
bound: 10.000000000000005
gap: 0.1666666666666662
time: 7198.226912975311
preprocess_time: 1.785771
sepa_time: 8.28826870301873e13
node: 49146
formulation: LEFPAV