instance: K200.con.red
obj: 446.0
bound: 389.0
gap: 0.12780269058295965
time: 7199.519057035446
preprocess_time: 0.500896
sepa_time: 0.0
node: 480961
formulation: EFP