instance: K200.con.red
obj: 438.0
bound: 425.0
gap: 0.02968036529680365
time: 3599.9368431568146
preprocess_time: 0.067826
sepa_time: 0.0
node: 324619
formulation: LEFP