instance: K200.con.red
obj: 62.0
bound: 45.48402911685733
gap: 0.26638662714703276
time: 1800.860233783722
preprocess_time: 0.084629
node: 15699
algo: RF