instance: K200.con.red
obj: 12.0
bound: 11.0
gap: 0.08333333333333333
time: 7199.949620008469
preprocess_time: 0.057707
sepa_time: 0.0
node: 55937
formulation: EFP