instance: K200.con.red
obj: 14.0
bound: 7.999999999999999
gap: 0.4285714285683674
time: 1800.2660148143768
preprocess_time: 0.077658
node: 5401
algo: EFPLg