instance: K200.con.red
obj: 58.0
bound: 49.0
gap: 0.15517241379310345
time: 3599.931603908539
preprocess_time: 0.070208
node: 18800
formulation: LEVFP