instance: K200.con.red
obj: 13.0
bound: 8.040607603165876
gap: 0.3814917228304596
time: 1800.488904953003
preprocess_time: 0.048579
node: 6779
algo: ERF