instance: K200.con.red
obj: 447.0
bound: 435.0
gap: 0.026845637583892617
time: 7199.035530090332
preprocess_time: 0.968239
sepa_time: 0.0
node: 254397
formulation: LEFPD