instance: K200.con.red
obj: 12.0
bound: 10.0
gap: 0.16666666666666666
time: 3599.6921801567078
preprocess_time: 0.310466
sepa_time: 0.0
node: 16481
formulation: LEFPV2