instance: K200.con.red
obj: 12.0
bound: 10.0
gap: 0.16666666666666666
time: 3599.92285490036
preprocess_time: 0.079423
node: 15929
formulation: LEFPV