instance: K200.con.red
obj: 67.0
bound: 45.71038937010377
gap: 0.31775538253529034
time: 1800.3376281261444
preprocess_time: 0.069187
node: 3097
formulation: EFPD