instance: K200.con.red
obj: 15.0
bound: 7.84576223859162
gap: 0.47694918409071235
time: 1801.34139585495
preprocess_time: 0.104131
node: 3558
algo: RF