instance: K200.con.red
obj: 58.0
bound: 49.0
gap: 0.15517241379310345
time: 3599.931111097336
preprocess_time: 0.079414
node: 71251
formulation: EFP