instance: K200.con.red
obj: 17.0
bound: 7.544288692745841
gap: 0.5562183121881493
time: 1800.448734998703
preprocess_time: 0.058403
node: 1266
algo: RF