instance: K200.con.red
obj: 216.0
bound: 216.0
gap: 0.0
time: 0.10482406616210938
preprocess_time: 1.318832
sepa_time: 0.0
node: 1
formulation: LEFPAI