instance: K200.con.red
obj: 14.0
bound: 7.687406774874008
gap: 0.4508995160772073
time: 1800.5010180473328
preprocess_time: 0.052649
node: 3832
algo: ERF