instance: K200.con.red
obj: 446.0
bound: 389.0
gap: 0.12780269058295965
time: 7199.520787000656
preprocess_time: 0.498082
sepa_time: 0.0
node: 514225
formulation: EFP