instance: K200.con.red
obj: 438.0
bound: 425.0
gap: 0.02968036529680365
time: 3599.932936191559
preprocess_time: 0.071642
sepa_time: 0.0
node: 283695
formulation: LEFPV