instance: K200.con.red
obj: 15.0
bound: 13.99999999999993
gap: 0.06666666666622684
time: 10.424152135848999
preprocess_time: 0.090996
node: 1804
algo: SFD