instance: K200.con.red
obj: 12.0
bound: 10.0
gap: 0.16666666666666666
time: 3599.922656059265
preprocess_time: 0.08054
node: 18129
formulation: EFP