instance: K200.con.red
obj: 330.0
bound: 318.0
gap: 0.03636363636363636
time: 3599.9328031539917
preprocess_time: 0.071245
sepa_time: 0.0
node: 637629
formulation: LEFP