instance: K200.con.red
obj: 14.0
bound: 8.471771867226535
gap: 0.39487343805242703
time: 3603.9770860671997
preprocess_time: 0.060094
node: 53156
formulation: LEFPDB