instance: K200.con.red
obj: 332.0
bound: 314.0
gap: 0.05421686746987952
time: 3599.518319129944
preprocess_time: 0.497865
sepa_time: 0.0
node: 31348
formulation: EVFP