instance: K200.con.red
obj: 437.99999277587267
bound: 426.0
gap: 0.02739724423240605
time: 7199.037992954254
preprocess_time: 0.962812
sepa_time: 0.0
node: 607287
formulation: LEFPI