instance: K200.con.red
obj: 65.0
bound: 64.0
gap: 0.015384615384591715
time: 0.5708210468292236
preprocess_time: 0.128044
node: 9
algo: SFD