instance: K200.con.red
obj: 76.0
bound: 70.42009555430545
gap: 0.0734197953379896
time: 3607.5227241516113
preprocess_time: 0.053633
node: 101780
formulation: LEFPI