instance: K200.con.red
obj: 0.0
bound: 0.0
gap: 0.0
time: 27.421224117279053
preprocess_time: 0.056344
node: 1522
algo: EVFPV