instance: K200.con.red
obj: 330.0
bound: 318.0
gap: 0.03636363636363636
time: 3599.9324309825897
preprocess_time: 0.072155
sepa_time: 0.0
node: 588734
formulation: LEFPV