instance: K200.con.red
obj: 12.0
bound: 10.0
gap: 0.16666666666666666
time: 7198.379016876221
preprocess_time: 1.64331
sepa_time: 4.174073009241963e13
node: 31361
formulation: LEFPAV