instance: K200.con.red
obj: 12.0
bound: 10.0
gap: 0.16666666666666666
time: 7199.012277841568
preprocess_time: 0.995576
sepa_time: 0.0
node: 31241
formulation: LEFPA