instance: K200.con.red
obj: 65.0
bound: 35.45049261575401
gap: 0.4546078059107774
time: 1800.4989080429077
preprocess_time: 0.054473
node: 4284
algo: ERF