instance: K200.con.red
obj: 14.0
bound: 8.45564974092736
gap: 0.3960250185023598
time: 1779.3178551197052
preprocess_time: 21.13902
node: 1521
algo: EFPV