instance: K200.con.red
obj: 66.0
bound: 37.04931677453118
gap: 0.4386467155367418
time: 1800.5871539115906
preprocess_time: 0.077941
node: 3826
algo: ERF