instance: K200.con.red
obj: 60.0
bound: 44.63067967104519
gap: 0.2561553388154865
time: 1801.9865260124207
preprocess_time: 0.082429
node: 23239
algo: ESFV