instance: K200.con.red
obj: 12.0
bound: 10.0
gap: 0.16666666666666666
time: 3599.9261338710785
preprocess_time: 0.08149
sepa_time: 0.0
node: 16721
formulation: LEFPV