instance: K200.con.red
obj: 17.0
bound: 7.544288692745841
gap: 0.5562183121881493
time: 1800.413449048996
preprocess_time: 0.090075
node: 1269
algo: RF