instance: K200.con.red
obj: 59.0
bound: 42.304430071163644
gap: 0.2829757615052213
time: 3602.7289271354675
preprocess_time: 0.052768
node: 15811
formulation: LEVFP