instance: K200.con.red
obj: 438.0
bound: 425.0
gap: 0.02968036529680365
time: 3598.6754820346832
preprocess_time: 1.333037
sepa_time: 0.0
node: 356452
formulation: LEFP