instance: K200.con.red
obj: 59.99999900000361
bound: 41.91681426523167
gap: 0.3013864172687855
time: 1801.1992721557617
preprocess_time: 0.117926
node: 16348
algo: EVFPL