instance: K200.con.red
obj: 21.0
bound: 7.738347585021742
gap: 0.6315072578531004
time: 1800.0688409805298
preprocess_time: 0.106111
node: 40
algo: EFPD