instance: K200.con.red
obj: 75.0
bound: 36.97260649883314
gap: 0.5070319133482154
time: 1889.6168961524963
preprocess_time: 6.939798
node: 638
algo: EFPV