instance: K200.con.red
obj: 439.0
bound: 394.0
gap: 0.10250569476082004
time: 7199.4971470832825
preprocess_time: 0.518297
sepa_time: 0.0
node: 276258
formulation: EFP