instance: K200.con.red
obj: 58.0
bound: 48.0
gap: 0.1724137931034483
time: 3599.9516520500183
preprocess_time: 0.052518
sepa_time: 0.0
node: 60243
formulation: LEFPV2