instance: K200.con.red
obj: 438.0
bound: 425.0
gap: 0.02968036529680365
time: 7198.997364997864
preprocess_time: 1.004941
sepa_time: 0.0
node: 754306
formulation: LEFP