instance: K200.con.red
obj: 12.0
bound: 10.0
gap: 0.16666666666666666
time: 7198.7650010585785
preprocess_time: 1.246675
sepa_time: 0.0
node: 46368
formulation: LEFPV2