instance: K200.con.red
obj: 12.0
bound: 10.0
gap: 0.16666666666666666
time: 3599.0186021327972
preprocess_time: 0.983152
sepa_time: 0.0
node: 17270
formulation: LEFPV2