instance: K200.con.red
obj: 62.0
bound: 53.0
gap: 0.14516129032258066
time: 3599.932785987854
preprocess_time: 0.070437
node: 18257
formulation: LEFPD