instance: K200.con.red
obj: 438.0
bound: 423.0
gap: 0.03424657534246575
time: 3599.9362671375275
preprocess_time: 0.067932
sepa_time: 0.0
node: 266924
formulation: LEFP