instance: K200.con.red
obj: 442.0
bound: 411.0
gap: 0.07013574660633484
time: 3599.530787229538
preprocess_time: 0.505042
sepa_time: 6.9289154234074e-310
node: 10596
formulation: EVFP