instance: K200.con.red
org_node: 81
org_edge: 271
org_min_len: 0.0204342890268351
org_avg_len: 0.2768164057573524
org_max_len: 1.0
dtf_node: 121
dtf_edge: 311
dtf_min_len: 0.0204342890268351
dtf_avg_len: 0.24121300951846456
dtf_max_len: 1.0
sdb_node: 184
sdb_edge: 374
sdb_min_len: 0.00944592863534055
sdb_avg_len: 0.20058087155145055
sdb_max_len: 0.27681612894094665
dlt: 0.2768164057573524
algo: None