instance: K200.con.red
obj: 13.0
bound: 7.885020379817947
gap: 0.3934599707802082
time: 3602.8821399211884
preprocess_time: 0.058764
node: 23330
formulation: EFP