instance: K200.con.red
obj: 76.0
bound: 70.2869468356011
gap: 0.07517175216304452
time: 3603.3094680309296
preprocess_time: 0.053386
node: 91756
formulation: LEFP