instance: K200.con.red
obj: 16.0
bound: 7.4364311723111935
gap: 0.5352230517272053
time: 1800.3318858146667
preprocess_time: 0.071713
node: 1140
algo: SF