instance: K200.con.red
obj: 438.0
bound: 426.0
gap: 0.0273972602739726
time: 7199.946135997772
preprocess_time: 0.057771
sepa_time: 1.5e-323
node: 390396
formulation: LEVFP