instance: K200.con.red
obj: 59.0
bound: 42.519721961121775
gap: 0.2793267464211914
time: 1800.6766171455383
preprocess_time: 0.135399
node: 19321
algo: RF