instance: K200.con.red
obj: 57.0
bound: 49.0
gap: 0.14035087719298245
time: 3599.941591024399
preprocess_time: 0.060451
sepa_time: 1.93e-322
node: 15953
formulation: EVFP