instance: K200.con.red
obj: 13.0
bound: 7.90224522112931
gap: 0.39213498298703664
time: 3601.5363268852234
preprocess_time: 0.060895
node: 8009
formulation: LEFPD