instance: K200.con.red
obj: 0.0
bound: 0.0
gap: 0.0
time: 0.9372508525848389
preprocess_time: 0.112014
node: 0
algo: EVFP