instance: K200.con.red
obj: 438.0
bound: 426.0
gap: 0.0273972602739726
time: 7199.945843935013
preprocess_time: 0.058169
sepa_time: 0.0
node: 381355
formulation: LEVFP