instance: K200.con.red
obj: 15.0
bound: 7.670292968628591
gap: 0.488647135421503
time: 1800.6456859111786
preprocess_time: 0.099033
node: 2425
formulation: EVFP