instance: K200.con.red
obj: 12.0
bound: 10.0
gap: 0.16666666666666666
time: 7199.931597948074
preprocess_time: 0.072354
sepa_time: 0.0
node: 10503
formulation: LEVFP