instance: K200.con.red
obj: 66.99999949999925
bound: 36.410551294425204
gap: 0.45655893184788354
time: 1800.2405848503113
preprocess_time: 0.055754
node: 683
algo: EFPD