instance: K200.con.red
obj: 13.99999961194405
bound: 8.444944333764631
gap: 0.3967896737225952
time: 1767.386734008789
preprocess_time: 33.187551
node: 1130
formulation: EFPV