instance: K200.con.red
obj: 12.0
bound: 11.0
gap: 0.08333333333333333
time: 7198.802906990051
preprocess_time: 1.204748
sepa_time: 5.8563461767821195e13
node: 51796
formulation: LEFPAV