instance: K200.con.red
obj: 16.0
bound: 8.694348326046809
gap: 0.45660322961922073
time: 1800.3397860527039
preprocess_time: 0.101834
node: 1067
formulation: EFPD