instance: K200.con.red
obj: 16.0
bound: 7.928757410468087
gap: 0.5044526618425917
time: 1800.4856600761414
preprocess_time: 0.077825
node: 737
algo: ESF