instance: K200.con.red
obj: 439.0
bound: 426.0
gap: 0.029612756264236904
time: 3598.9986069202423
preprocess_time: 1.00387
sepa_time: 0.0
node: 336010
formulation: LEFPV