instance: K200.con.red
obj: 17.0
bound: 7.613946868211077
gap: 0.5521207724549243
time: 1800.6748559474945
preprocess_time: 0.063943
node: 1345
algo: EVFPL