instance: K200.con.red
obj: 13.0
bound: 7.908636718422564
gap: 0.39164332934909785
time: 3601.5302560329437
preprocess_time: 0.058182
node: 12312
formulation: LEVFP