instance: K200.con.red
obj: 330.0
bound: 318.0
gap: 0.03636363636363636
time: 3599.9346930980682
preprocess_time: 0.070479
sepa_time: 0.0
node: 586194
formulation: LEFPV2