instance: K200.con.red
obj: 12.0
bound: 10.0
gap: 0.16666666666666666
time: 3599.922476053238
preprocess_time: 0.08025
node: 14666
formulation: LEFP