instance: K200.con.red
obj: 19.0
bound: 7.770905470474616
gap: 0.5910049752350676
time: 1800.7181169986725
preprocess_time: 0.073445
node: 2180
algo: EVFP0