instance: K200.con.red
obj: 438.0
bound: 426.0
gap: 0.0273972602739726
time: 7199.946010828018
preprocess_time: 0.057984
sepa_time: 6.9496168090484e-310
node: 383924
formulation: LEVFP