instance: K200.con.red
obj: 12.0
bound: 11.0
gap: 0.08333333333333333
time: 3599.9450640678406
preprocess_time: 0.058675
sepa_time: 0.0
node: 10232
formulation: EVFP