instance: K200.con.red
obj: 58.0
bound: 48.0
gap: 0.1724137931034483
time: 3599.9368538856506
preprocess_time: 0.071414
node: 53682
formulation: LEFPV