instance: K200.con.red
obj: 60.99999997220066
bound: 42.27215019648017
gap: 0.3070139308889275
time: 1800.9091720581055
preprocess_time: 0.082884
node: 8934
algo: RF