instance: K200.con.red
obj: 64.0
bound: 45.204174548819125
gap: 0.29368477267424226
time: 1792.7859790325165
preprocess_time: 9.519937
node: 22640
formulation: EFPV