instance: K200.con.red
obj: 14.0
bound: 7.999999999999999
gap: 0.4285714285683674
time: 1800.4684188365936
preprocess_time: 0.073963
node: 5753
formulation: EFPI