instance: K200.con.red
obj: 85.0
bound: 39.263996083180245
gap: 0.5380706343148934
time: 1800.8376870155334
preprocess_time: 0.102921
node: 1030
formulation: EVFP