instance: K200.con.red
obj: 17.999999935833067
bound: 7.698739470107583
gap: 0.5722922501328053
time: 1800.2749950885773
preprocess_time: 0.088597
node: 6504
algo: SF