instance: K200.con.red
obj: 85.0
bound: 32.04333195446196
gap: 0.6230196240644205
time: 1800.3457791805267
preprocess_time: 0.052231
node: 2852
algo: SF