instance: K200.con.red
obj: 438.0
bound: 423.0
gap: 0.03424657534246575
time: 3599.937075138092
preprocess_time: 0.067338
sepa_time: 0.0
node: 258533
formulation: LEFPV2