instance: K200.con.red
obj: 12.0
bound: 10.0
gap: 0.16666666666666666
time: 7198.920835018158
preprocess_time: 1.08929
sepa_time: 0.0
node: 50894
formulation: LEFPAD