instance: K200.con.red
obj: 12.0
bound: 11.0
gap: 0.08333333333333333
time: 3600.0043609142303
preprocess_time: 0.079703
sepa_time: 0.0
node: 10202
formulation: EVFP