instance: K200.con.red
obj: 440.0
bound: 412.0
gap: 0.06363636363636363
time: 7199.67702293396
preprocess_time: 0.334449
sepa_time: 6.94431151887474e-310
node: 33224
formulation: EVFP