instance: K200.con.red
obj: 65.0
bound: 36.97435029990067
gap: 0.43116384153932635
time: 1800.5044989585876
preprocess_time: 0.07802
node: 2473
algo: EFPLg