instance: K200.con.red
obj: 0.0
bound: 0.0
gap: 0.0
time: 2.3262221813201904
preprocess_time: 0.071024
node: 0
algo: EVFP0