instance: K200.con.red
obj: 63.0
bound: 36.94204112907983
gap: 0.41361839477585405
time: 1800.4619450569153
preprocess_time: 0.055375
node: 2841
algo: ESF