instance: K200.con.red
obj: 438.0
bound: 426.0
gap: 0.0273972602739726
time: 7198.740239858627
preprocess_time: 1.26359
sepa_time: 0.0
node: 721002
formulation: LEFP