instance: K200.con.red
obj: 57.0
bound: 49.0
gap: 0.14035087719298245
time: 3599.929862976074
preprocess_time: 0.072541
node: 45855
formulation: LEFPI