instance: K200.con.red
obj: 438.0
bound: 426.0
gap: 0.0273972602739726
time: 7198.928551912308
preprocess_time: 1.074669
sepa_time: 3.0900298515669406e14
node: 507193
formulation: LEFPAV