instance: K400.red
obj: 716.0
bound: 71.1546897732375
gap: 0.9006219416573638
time: 1801.1633019447327
preprocess_time: 0.316131
node: 0
algo: F