instance: K400.4.red
obj: 38.0
bound: 25.0
gap: 0.34210526315789475
time: 7199.911171913147
preprocess_time: 0.106476
sepa_time: -1.0
node: 1217
formulation: LEVFP