instance: K400.2.red
obj: 39.0
bound: 24.0
gap: 0.38461538461538464
time: 7200.194333076477
preprocess_time: 1.036813
sepa_time: 0.0
node: 10256
formulation: LEFPV