instance: K400.4.red
obj: 36.0
bound: 25.0
gap: 0.3055555555555556
time: 7199.036052942276
preprocess_time: 1.083141
sepa_time: 0.0
node: 10233
formulation: LEFP