instance: K400.red
obj: 43.0
bound: 28.0
gap: 0.3488372093023256
time: 3598.6050260066986
preprocess_time: 1.433364
sepa_time: 0.0
node: 8887
formulation: LEFP