instance: K400.9.con.red
obj: 78.0
bound: 16.974648097074457
gap: 0.7823763064467603
time: 1800.2226209640503
preprocess_time: 0.18568
node: 0
algo: EVFPV