instance: K400.red
obj: 45.0
bound: 30.0
gap: 0.3333333333333333
time: 3599.864103078842
preprocess_time: 0.148493
sepa_time: 8.8e-322
node: 772
formulation: EVFP