instance: K400.8.con.red
obj: 1.0
bound: 0.0
gap: 0.9999999999
time: 222.32785892486572
preprocess_time: 0.320387
node: 130
algo: EVFPV