instance: K400.10.con.red
obj: 39.0
bound: 26.0
gap: 0.3333333333333333
time: 7199.050154924393
preprocess_time: 0.987513
sepa_time: 0.0
node: 5593
formulation: LEFPD