instance: K400.1.con.red
obj: 1392.0
bound: 1338.0
gap: 0.03879310344827586
time: 3599.8745880126953
preprocess_time: 0.139732
sepa_time: 0.0
node: 275273
formulation: LEFP