instance: K400.red
obj: 693.0
bound: 76.9798803823175
gap: 0.8889179215261089
time: 1780.773041009903
preprocess_time: 23.627355
node: 0
algo: EFPV