instance: K400.1.con.red
obj: 251.0
bound: 32.2691362288687
gap: 0.8714377042671082
time: 1800.3177700042725
preprocess_time: 0.148894
node: 453
algo: SF