instance: K400.3.con.red
obj: 160.0
bound: 113.0
gap: 0.29375
time: 3599.536568880081
preprocess_time: 0.474139
node: 2515
formulation: EFP