instance: K400.4.red
obj: 38.0
bound: 24.0
gap: 0.3684210526315789
time: 3598.5995659828186
preprocess_time: 1.413461
sepa_time: 0.0
node: 3927
formulation: LEFPV2