instance: K400.7.con.red
obj: 38.0
bound: 27.0
gap: 0.2894736842105263
time: 7198.876968860626
preprocess_time: 1.693484
sepa_time: 0.0
node: 10368
formulation: LEFPA