instance: K400.2.red
obj: 327.0
bound: 19.15595479190656
gap: 0.9414190984954108
time: 1800.270357131958
preprocess_time: 0.166897
node: 60
algo: RF