instance: K400.red
obj: 59.0
bound: 24.21894584191149
gap: 0.5895093925089755
time: 3604.1418550014496
preprocess_time: 0.16239
node: 1952
formulation: EFP