instance: K400.4.red
obj: 927.0
bound: 888.0
gap: 0.042071197411003236
time: 3599.639762878418
preprocess_time: 0.36471
sepa_time: 0.0
node: 100359
formulation: LEFPI