instance: K400.9.con.red
obj: 246.0
bound: 16.91481557753935
gap: 0.9312405870827949
time: 1800.8340260982513
preprocess_time: 0.155627
node: 34
algo: SF