instance: K400.red
obj: 1525.0000000000002
bound: 1485.0
gap: 0.026229508196721457
time: 7198.511972904205
preprocess_time: 1.491209
sepa_time: 0.0
node: 319970
formulation: LEFPI