instance: K400.10.con.red
obj: 1541.0
bound: 1390.0
gap: 0.09798831927319922
time: 3595.2603120803833
preprocess_time: 4.757224
sepa_time: 0.0
node: 2927
formulation: EVFP