instance: K400.10.con.red
obj: 1373.0
bound: 74.08472449662412
gap: 0.9460417155886971
time: 1800.1717829704285
preprocess_time: 0.41112
node: 6
algo: ESF