instance: K400.2.red
obj: 37.0
bound: 25.0
gap: 0.32432432432432434
time: 7199.2040140628815
preprocess_time: 1.188805
sepa_time: 2.821358979003612e14
node: 10202
formulation: LEFPAV