instance: K400.1.con.red
obj: 226.0
bound: 181.53918515664793
gap: 0.19672926921828496
time: 3603.9206359386444
preprocess_time: 0.126622
node: 11519
formulation: LEFPD