instance: K400.10.con.red
obj: 1373.0
bound: 73.90350896939535
gap: 0.9461737006777203
time: 1763.4170429706573
preprocess_time: 47.350363
node: 3
algo: EFPV