instance: K400.10.con.red
obj: 264.0
bound: 15.235253900987605
gap: 0.9422907049201447
time: 1800.7338309288025
preprocess_time: 0.152717
node: 83
algo: SF