instance: K400.9.con.red
obj: 422.0
bound: 125.49529551815677
gap: 0.7026177831321635
time: 1800.6500079631805
preprocess_time: 0.212096
node: 510
formulation: LEVFP