instance: K400.9.con.red
obj: 46.0
bound: 34.0
gap: 0.2608695652173913
time: 3599.656033039093
preprocess_time: 0.386173
node: 2793
formulation: LEFPD