instance: K400.3.con.red
obj: 1382.0
bound: 1338.0
gap: 0.03183791606367583
time: 7198.98526597023
preprocess_time: 1.022467
sepa_time: 0.0
node: 110779
formulation: LEFPD