instance: K400.1.con.red
obj: 700.0
bound: 111.39705750800368
gap: 0.8408613464170175
time: 1800.7265450954437
preprocess_time: 0.198931
node: 513
formulation: EFP