instance: K400.2.red
obj: 1031.0
bound: 18.858279705725984
gap: 0.9817087490729154
time: 1800.418876171112
preprocess_time: 0.141068
node: 0
formulation: EFPI