instance: K400.7.con.red
obj: 188.0
bound: 186.99999999999994
gap: 0.005319148936167686
time: 140.38779282569885
preprocess_time: 0.316039
node: 3402
algo: SFD