instance: K400.2.red
obj: 38.0
bound: 24.0
gap: 0.3684210526315789
time: 7198.771581172943
preprocess_time: 1.241627
sepa_time: 0.0
node: 8864
formulation: LEFPAD