instance: K400.3.con.red
obj: 679.0
bound: 679.0
gap: 0.0
time: 0.3678300380706787
preprocess_time: 1.478208
sepa_time: 0.0
node: 1
formulation: LEFPAI