instance: K400.red
obj: 1525.0
bound: 1485.0
gap: 0.02622950819672131
time: 7199.914782047272
preprocess_time: 0.098572
sepa_time: 0.0
node: 207616
formulation: LEVFP