instance: K400.5.con.red
obj: 0.0
bound: 0.0
gap: 0.0
time: 13.228599071502686
preprocess_time: 0.195511
node: 0
algo: EVFP0