instance: K400.3.con.red
obj: 529.0
bound: 94.21897534138662
gap: 0.8218922961408907
time: 1724.2149658203125
preprocess_time: 76.665251
node: 0
formulation: EFPV