instance: K400.1.con.red
obj: 1391.0
bound: 1330.0
gap: 0.04385334291876348
time: 7198.96572303772
preprocess_time: 1.045403
sepa_time: 0.0
node: 636313
formulation: LEFPAD