instance: K400.9.con.red
org_node: 211
org_edge: 862
org_min_len: 0.00034869935141920635
org_avg_len: 0.17476269431493838
org_max_len: 1.0
dtf_node: 328
dtf_edge: 979
dtf_min_len: 0.00034869935141920635
dtf_avg_len: 0.15387685648567612
dtf_max_len: 1.0
sdb_node: 3246
sdb_edge: 3897
sdb_min_len: 0.00034869935141920635
sdb_avg_len: 0.03865677251718651
sdb_max_len: 0.04366878210939861
dlt: 0.043690673578734594
formulation: None