instance: K400.6.con.red
obj: 1583.0
bound: 74.16101857359641
gap: 0.9531515991322225
time: 1799.976947069168
preprocess_time: 0.554675
node: 0
algo: EFP