instance: K400.8.con.red
obj: 45.0
bound: 27.0
gap: 0.4
time: 7198.13528585434
preprocess_time: 1.901107
sepa_time: 0.0
node: 7334
formulation: LEFPA