instance: K400.1.con.red
obj: 664.0
bound: 664.0
gap: 0.0
time: 0.3447129726409912
preprocess_time: 1.991271
sepa_time: 0.0
node: 1
formulation: LEFPA