instance: K400.1.con.red
obj: 664.0
bound: 664.0
gap: 0.0
time: 1.2001571655273438
preprocess_time: 1.923375
sepa_time: 0.0
node: 34
formulation: LEFPAD