instance: K400.2.red
obj: 1031.0
bound: 22.84621201215616
gap: 0.9778407254973288
time: 1670.0967218875885
preprocess_time: 130.785616
node: 0
algo: EFPV