instance: K400.4.red
obj: 59.000000000000014
bound: 19.44373163037976
gap: 0.6704452266025966
time: 1800.19034409523
preprocess_time: 0.140041
node: 694
algo: RF