instance: K400.8.con.red
obj: 427.0
bound: 23.709164623398504
gap: 0.9444750243009533
time: 3601.3520328998566
preprocess_time: 0.172838
node: 322
formulation: LEFPD