instance: K400.6.con.red
obj: 915.0
bound: 112.00612764953259
gap: 0.8775889315304696
time: 3601.7945778369904
preprocess_time: 0.542617
node: 38
formulation: LEVFP