instance: K400.3.con.red
obj: 1339.0
bound: 1299.0
gap: 0.029873039581777446
time: 3599.8850989341736
preprocess_time: 0.12809
sepa_time: 0.0
node: 166399
formulation: LEFP