instance: K400.red
obj: 260.0
bound: 18.593173063444613
gap: 0.9284877959094713
time: 1800.284243106842
preprocess_time: 0.149941
node: 95
algo: SF