instance: K400.9.con.red
obj: 43.999999294662686
bound: 32.0
gap: 0.2727272610688045
time: 7200.000605106354
preprocess_time: 0.125497
sepa_time: 0.0
node: 991
formulation: LEVFP