instance: K400.8.con.red
obj: 1663.9999997651564
bound: 1481.0
gap: 0.1099759614128507
time: 3595.4757640361786
preprocess_time: 4.616645
sepa_time: 0.0
node: 10362
formulation: EFP