instance: K400.9.con.red
obj: 176.0
bound: 142.0
gap: 0.19318181818181818
time: 3599.8414709568024
preprocess_time: 0.244849
sepa_time: 6.9496572955629e-310
node: 1078
formulation: EVFP