instance: K400.7.con.red
obj: 171.0
bound: 128.0
gap: 0.25146198830409355
time: 3599.587562084198
preprocess_time: 0.417573
node: 8830
formulation: EFP