instance: K400.8.con.red
obj: 952.0
bound: 29.92459703304908
gap: 0.9685665997550987
time: 3602.9365339279175
preprocess_time: 0.172144
node: 4911
formulation: LEFPDB