instance: K400.red
obj: 1523.0
bound: 1475.0
gap: 0.03151674326986211
time: 7198.565248012543
preprocess_time: 1.447201
sepa_time: 0.0
node: 100929
formulation: LEFPD