instance: K400.4.red
obj: 1310.0
bound: 1258.0
gap: 0.03969465648854962
time: 3599.8941462039948
preprocess_time: 0.118243
sepa_time: 0.0
node: 42527
formulation: LEFPD