instance: K400.red
obj: 820.0
bound: 98.87864645248828
gap: 0.8794162848139314
time: 1799.9839091300964
preprocess_time: 0.377561
node: 0
algo: EVFPL