instance: K400.10.con.red
obj: 41.0
bound: 25.0
gap: 0.3902439024390244
time: 3599.8885049819946
preprocess_time: 0.118795
sepa_time: 0.0
node: 1243
formulation: EVFP