instance: K400.5.con.red
obj: 40.0
bound: 29.0
gap: 0.275
time: 7199.903001070023
preprocess_time: 0.103561
sepa_time: 0.0
node: 12584
formulation: EFP