instance: K400.5.con.red
obj: 66.0
bound: 16.969136460131228
gap: 0.742891871815068
time: 1800.415874004364
preprocess_time: 0.152284
node: 515
algo: ERF