instance: K400.8.con.red
obj: 42.0
bound: 27.0
gap: 0.35714285714285715
time: 7198.407436847687
preprocess_time: 1.604061
sepa_time: 3.735110967106606e14
node: 6540
formulation: LEFPAV