instance: K400.8.con.red
obj: 47.0
bound: 27.0
gap: 0.425531914893617
time: 7203.175333976746
preprocess_time: 1.9121
sepa_time: 0.0
node: 1446
formulation: LEFPAI