instance: K400.6.con.red
obj: 618.0
bound: 180.5491677596675
gap: 0.7078492431072195
time: 3603.7209231853485
preprocess_time: 0.554959
node: 2098
formulation: LEFP