instance: K400.9.con.red
org_node: 211
org_edge: 862
org_min_len: 0.00034869935141920635
org_avg_len: 0.17476269431493838
org_max_len: 1.0
dtf_node: 363
dtf_edge: 1014
dtf_min_len: 0.0002613082367695918
dtf_avg_len: 0.14856552514741336
dtf_max_len: 1.0
sdb_node: 588
sdb_edge: 1239
sdb_min_len: 0.0002613082367695918
sdb_avg_len: 0.12158631355890032
sdb_max_len: 0.17476251955224406
dlt: 0.17476269431493838
algo: None