instance: K400.4.red
obj: 172.0
bound: 171.0
gap: 0.005813953488368713
time: 17.28604793548584
preprocess_time: 0.224077
node: 600
algo: SFD