instance: K400.10.con.red
obj: 167.0
bound: 127.0
gap: 0.23952095808383234
time: 3599.5616290569305
preprocess_time: 0.44696
node: 7421
formulation: EFP