instance: K400.10.con.red
obj: 761.0
bound: 114.70020461987436
gap: 0.8492769978712755
time: 1755.1031610965729
preprocess_time: 45.789874
node: 0
algo: EFPV