instance: K400.red
obj: 106.0
bound: 26.76165813252956
gap: 0.7475315270509026
time: 1800.4352719783783
preprocess_time: 0.170053
node: 0
algo: ESFV