instance: K400.10.con.red
obj: 429.0
bound: 112.16627984454303
gap: 0.7385401402223383
time: 1800.139531135559
preprocess_time: 0.232564
node: 510
algo: RF