instance: K400.8.con.red
obj: 1656.0
bound: 1489.0
gap: 0.10084541062801933
time: 7195.982400178909
preprocess_time: 4.092484
sepa_time: 0.0
node: 30603
formulation: EFP