instance: K400.4.red
obj: 1263.0
bound: 1229.0
gap: 0.026920031670625493
time: 3599.926749944687
preprocess_time: 0.082981
sepa_time: 0.0
node: 96368
formulation: LEFPV2