instance: K400.7.con.red
obj: 42.0
bound: 29.0
gap: 0.30952380952380953
time: 3599.953202009201
preprocess_time: 0.152273
sepa_time: 0.0
node: 1091
formulation: EVFP