instance: K400.4.red
obj: 38.99999937965633
bound: 26.0
gap: 0.3333333227291679
time: 3599.8846259117126
preprocess_time: 0.150001
sepa_time: 7.86e-322
node: 705
formulation: EVFP