instance: K400.red
obj: 1525.0
bound: 1485.0
gap: 0.02622950819672131
time: 7199.842680931091
preprocess_time: 0.164038
sepa_time: 4.96e-321
node: 219823
formulation: LEVFP