instance: K400.2.red
obj: 1578.0
bound: 1531.0
gap: 0.029784537389100127
time: 3599.643290042877
preprocess_time: 0.370897
sepa_time: 0.0
node: 99013
formulation: LEFP