instance: K400.5.con.red
obj: 1342.0
bound: 1243.0
gap: 0.07377049180327869
time: 7196.2957129478455
preprocess_time: 3.728082
sepa_time: 0.0
node: 3824
formulation: EVFP