instance: K400.4.red
obj: 857.0
bound: 16.00854282629862
gap: 0.981320253411439
time: 1800.3756668567657
preprocess_time: 0.242305
node: 0
algo: EFP