instance: K400.5.con.red
obj: 39.0
bound: 27.0
gap: 0.3076923076923077
time: 7198.84836602211
preprocess_time: 1.171195
sepa_time: 0.0
node: 10386
formulation: LEFPA