instance: K400.1.con.red
obj: 342.0
bound: 79.5613956727267
gap: 0.7673643401380017
time: 1800.4298510551453
preprocess_time: 0.281542
node: 510
algo: EVFP0