instance: K400.4.red
obj: 1264.0
bound: 1230.0
gap: 0.02689873417721519
time: 3599.8923518657684
preprocess_time: 0.121108
sepa_time: 0.0
node: 93960
formulation: LEFP