instance: K400.3.con.red
obj: 670.0
bound: 68.73926127560166
gap: 0.8974040876482218
time: 1800.320611000061
preprocess_time: 0.322896
node: 0
formulation: EFPI