instance: K400.10.con.red
obj: 1522.0
bound: 1484.0
gap: 0.024967148488830485
time: 7198.889688968658
preprocess_time: 1.112949
sepa_time: 0.0
node: 223241
formulation: LEFPAI