instance: K400.6.con.red
obj: 1717.0
bound: 1675.0
gap: 0.0244612696563774
time: 3599.860929965973
preprocess_time: 0.154755
sepa_time: 0.0
node: 108779
formulation: LEFPV2