instance: K400.5.con.red
obj: 305.0
bound: 25.68867278208357
gap: 0.9157748433371307
time: 1706.255409002304
preprocess_time: 94.513042
node: 0
algo: EFPV