instance: K400.6.con.red
obj: 150.0
bound: 0.0
gap: 0.9999999999993334
time: 1800.4337708950043
preprocess_time: 0.591365
node: 485
algo: EVFPV