instance: K400.6.con.red
obj: 1737.0
bound: 1554.0
gap: 0.10535405872193437
time: 7195.714941978455
preprocess_time: 4.352471
sepa_time: 0.0
node: 33586
formulation: EFP