instance: K400.3.con.red
obj: 44.0
bound: 31.0
gap: 0.29545454545454547
time: 7199.1205701828
preprocess_time: 1.128749
sepa_time: 3.872403009160597e14
node: 10202
formulation: LEFPAV