instance: K400.6.con.red
obj: 1492.0
bound: 185.03005285748154
gap: 0.8759852192643639
time: 3603.077215194702
preprocess_time: 0.555085
node: 25781
formulation: LEFPDB