instance: K400.7.con.red
obj: 42.0
bound: 29.0
gap: 0.30952380952380953
time: 3599.9328949451447
preprocess_time: 0.166452
sepa_time: 2.121995791e-314
node: 1084
formulation: EVFP