instance: K400.7.con.red
obj: 1.0
bound: 0.0
gap: 0.9999999999
time: 90.69383597373962
preprocess_time: 0.179865
node: 0
algo: EVFPV