instance: K400.9.con.red
obj: 186.0
bound: 184.99999999999997
gap: 0.005376344086018768
time: 23.83227801322937
preprocess_time: 0.253111
node: 1224
algo: SFD