instance: K400.8.con.red
obj: 1649.0
bound: 1488.0
gap: 0.0976349302607641
time: 7194.746449947357
preprocess_time: 5.313321
sepa_time: 0.0
node: 19050
formulation: EFP