instance: K400.red
obj: 1573.0
bound: 1518.0
gap: 0.03496503496503497
time: 3599.64977312088
preprocess_time: 0.364133
sepa_time: 0.0
node: 52682
formulation: LEFPD