instance: K400.10.con.red
obj: 431.0
bound: 180.0606732650929
gap: 0.5822258160901366
time: 3603.2561268806458
preprocess_time: 0.351501
node: 12958
formulation: LEFP