instance: K400.5.con.red
obj: 1328.9999999913205
bound: 1295.0
gap: 0.02558314521560761
time: 7199.0428919792175
preprocess_time: 0.961968
sepa_time: 0.0
node: 634216
formulation: LEFPV