instance: K400.7.con.red
obj: 1246.0
bound: 20.217152270992578
gap: 0.9837743561227199
time: 1801.0533978939056
preprocess_time: 0.224805
node: 0
algo: EVFP0