instance: K400.9.con.red
obj: 113.0
bound: 17.030828150802527
gap: 0.8492847066293144
time: 1800.3007640838623
preprocess_time: 0.150936
node: 130
algo: F