instance: K400.9.con.red
obj: 1394.0
bound: 1362.0
gap: 0.02295552367288379
time: 7199.000014066696
preprocess_time: 1.012058
sepa_time: 0.0
node: 464857
formulation: LEFPV2