instance: K400.1.con.red
obj: 1434.0
bound: 1338.0
gap: 0.06694560669456066
time: 3598.5887219905853
preprocess_time: 1.42563
sepa_time: 0.0
node: 353941
formulation: LEFPD