instance: K400.2.red
obj: 0.0
bound: 0.0
gap: 0.0
time: 33.939709186553955
preprocess_time: 0.337939
node: 0
algo: EVFP0