instance: K400.4.red
obj: 1264.0
bound: 1226.0
gap: 0.030063291139240507
time: 7198.944969892502
preprocess_time: 1.061052
sepa_time: 0.0
node: 71613
formulation: LEFPAD