instance: K400.4.red
obj: 39.0
bound: 27.0
gap: 0.3076923076923077
time: 3599.861801147461
preprocess_time: 0.14846
sepa_time: 0.0
node: 1192
formulation: LEFPD