instance: K400.3.con.red
obj: 380.0
bound: 63.04383848386472
gap: 0.8340951618843471
time: 1800.6682798862457
preprocess_time: 0.233674
node: 0
formulation: EVFP