instance: K400.10.con.red
obj: 92.0
bound: 19.310175964584023
gap: 0.7901067829927931
time: 3601.7478959560394
preprocess_time: 0.123056
node: 909
formulation: EFP