instance: K400.5.con.red
obj: 41.0
bound: 28.0
gap: 0.3170731707317073
time: 7198.98256111145
preprocess_time: 1.331518
sepa_time: 0.0
node: 10234
formulation: LEFP