instance: K400.3.con.red
obj: 45.0
bound: 31.0
gap: 0.3111111111111111
time: 3599.634984970093
preprocess_time: 0.375663
sepa_time: 0.0
node: 783
formulation: EVFP