instance: K400.8.con.red
obj: 171.0
bound: 116.0
gap: 0.3216374269005848
time: 3599.4731929302216
preprocess_time: 0.578494
node: 1497
formulation: EFP