instance: K400.5.con.red
obj: 302.0
bound: 25.34795139530815
gap: 0.9160663861079479
time: 1689.281704902649
preprocess_time: 111.570349
node: 0
algo: EFPV