instance: K400.6.con.red
org_node: 241
org_edge: 1035
org_min_len: 0.014855072463768116
org_avg_len: 0.17931249629737323
org_max_len: 1.0
dtf_node: 612
dtf_edge: 1406
dtf_min_len: 0.0002584745424363266
dtf_avg_len: 0.13199746349059877
dtf_max_len: 1.0
sdb_node: 789
sdb_edge: 1583
sdb_min_len: 0.0002584745424363266
sdb_avg_len: 0.11723842935425223
sdb_max_len: 0.17931231698487693
dlt: 0.17931249629737323
algo: None