instance: K400.red
obj: 1524.0
bound: 1479.0
gap: 0.02952755905511811
time: 3599.8668401241302
preprocess_time: 0.13678
sepa_time: 0.0
node: 162562
formulation: LEFPI