instance: K400.9.con.red
obj: 1406.0
bound: 1257.0
gap: 0.10597439544807966
time: 7197.041301012039
preprocess_time: 2.996487
sepa_time: 0.0
node: 26318
formulation: EFP