instance: K400.1.con.red
obj: 58.0
bound: 46.0
gap: 0.20689655172413793
time: 7199.9041249752045
preprocess_time: 0.102051
sepa_time: 2.121995791e-314
node: 4769
formulation: LEVFP