instance: K400.7.con.red
obj: 174.0
bound: 130.0
gap: 0.25287356321839083
time: 3599.5898389816284
preprocess_time: 0.420497
node: 1262
formulation: LEFP