instance: K400.7.con.red
obj: 38.0
bound: 28.0
gap: 0.2631578947368421
time: 7198.070541858673
preprocess_time: 1.93984
sepa_time: 0.0
node: 10528
formulation: LEFPA