instance: K400.2.red
obj: 1576.0
bound: 1536.0
gap: 0.025380710659898477
time: 3599.8800089359283
preprocess_time: 0.132538
sepa_time: 1.0e-323
node: 77695
formulation: LEVFP