instance: K400.4.red
obj: 857.0
bound: 16.308482526564056
gap: 0.9809702654297991
time: 1709.7731499671936
preprocess_time: 109.791315
node: 0
algo: EFPV