instance: K400.6.con.red
obj: 1718.0
bound: 1680.0
gap: 0.02211874272409779
time: 3598.608771085739
preprocess_time: 1.431373
sepa_time: 0.0
node: 115080
formulation: LEFP