instance: K400.3.con.red
obj: 1339.0
bound: 1304.0
gap: 0.026138909634055265
time: 7199.894778966904
preprocess_time: 0.115996
sepa_time: 1.0
node: 282120
formulation: LEVFP