instance: K400.red
obj: 979.0
bound: 19.436123504894955
gap: 0.9801469627119581
time: 1800.1335489749908
preprocess_time: 0.105614
node: 47
algo: EFPLg