instance: K400.6.con.red
obj: 891.0
bound: 891.0
gap: 0.0
time: 0.5261127948760986
preprocess_time: 1.528064
sepa_time: 0.0
node: 1
formulation: LEFPAD