instance: K400.2.red
obj: 38.0
bound: 25.0
gap: 0.34210526315789475
time: 7198.403395175934
preprocess_time: 1.980825
sepa_time: 0.0
node: 10202
formulation: LEFPA