instance: K400.4.red
obj: 1260.9999999834886
bound: 1232.0
gap: 0.022997620922972483
time: 7198.26598405838
preprocess_time: 1.745752
sepa_time: 0.0
node: 223329
formulation: LEFPA