instance: K400.7.con.red
obj: 1420.0
bound: 1385.0
gap: 0.02464788732394366
time: 7198.675915002823
preprocess_time: 1.335937
sepa_time: 1.3833125619788598e14
node: 332567
formulation: LEFPV2