instance: K400.7.con.red
obj: 1425.0
bound: 1386.0
gap: 0.02736842105263158
time: 7198.860716819763
preprocess_time: 1.146089
sepa_time: 0.0
node: 300206
formulation: LEFPA