instance: K400.6.con.red
obj: 285.0
bound: 19.493917252775194
gap: 0.9316002903408128
time: 1800.9260959625244
preprocess_time: 0.179096
node: 35
algo: SF