instance: K400.8.con.red
obj: 46.0
bound: 27.0
gap: 0.41304347826086957
time: 3599.9134690761566
preprocess_time: 0.128465
sepa_time: 0.0
node: 2776
formulation: LEFPI