instance: K400.3.con.red
obj: 238.0
bound: 19.03482369657605
gap: 0.9200217491736637
time: 1800.3852090835571
preprocess_time: 0.141373
node: 30
algo: SF