instance: K400.8.con.red
obj: 44.0
bound: 27.0
gap: 0.38636363636363635
time: 3599.881093978882
preprocess_time: 0.128228
sepa_time: 0.0
node: 1450
formulation: LEFPV2