instance: K400.6.con.red
obj: 1115.0
bound: 20.99403166326631
gap: 0.9811712720507942
time: 1800.727322101593
preprocess_time: 0.137607
node: 0
algo: ESF