instance: K400.3.con.red
obj: 56.0
bound: 27.282356358825094
gap: 0.5128150650200647
time: 3603.1086370944977
preprocess_time: 0.148658
node: 1863
formulation: EFP