instance: K400.2.red
obj: 773.0
bound: 115.81433695714375
gap: 0.850175501995823
time: 1800.7191898822784
preprocess_time: 0.276359
node: 70
formulation: LEVFP