instance: K400.4.red
obj: 1308.0
bound: 1266.0
gap: 0.03211009174311927
time: 3599.8966629505157
preprocess_time: 0.11988
sepa_time: 0.0
node: 44696
formulation: LEFPD