instance: K400.red
obj: 1.0
bound: 0.0
gap: 0.9999999999
time: 38.665245056152344
preprocess_time: 0.327321
node: 0
algo: EVFP0