instance: K400.2.red
obj: 38.0
bound: 23.0
gap: 0.39473684210526316
time: 3599.654983997345
preprocess_time: 0.395364
node: 3942
formulation: LEFP