instance: K400.5.con.red
obj: 42.0
bound: 29.0
gap: 0.30952380952380953
time: 3599.8714170455933
preprocess_time: 0.138205
sepa_time: 0.0
node: 830
formulation: EVFP