instance: K400.4.red
obj: 40.0
bound: 25.0
gap: 0.375
time: 3599.858533859253
preprocess_time: 0.150356
sepa_time: 0.0
node: 4135
formulation: LEFPV2