instance: K400.8.con.red
org_node: 235
org_edge: 987
org_min_len: 0.0012628985060834745
org_avg_len: 0.20031501464206397
org_max_len: 1.0
dtf_node: 284
dtf_edge: 1036
dtf_min_len: 0.0012628985060834745
dtf_avg_len: 0.19084065584142587
dtf_max_len: 1.0
sdb_node: 294
sdb_edge: 1046
sdb_min_len: 0.0012628985060834745
sdb_avg_len: 0.1890161753840508
sdb_max_len: 0.4006296286540986
dlt: 0.40063002928412794
formulation: None