instance: K400.9.con.red
obj: 1161.0
bound: 214.560508164295
gap: 0.8151933607541976
time: 3605.9963250160217
preprocess_time: 0.168112
node: 119100
formulation: LEFPDB