instance: K400.10.con.red
obj: 40.0
bound: 26.0
gap: 0.35
time: 7199.849995136261
preprocess_time: 0.157708
sepa_time: 8.74e-322
node: 2296
formulation: EVFP