instance: K400.5.con.red
obj: 491.0
bound: 78.72640538970117
gap: 0.8396610888191748
time: 1800.2095251083374
preprocess_time: 0.336228
node: 24
algo: EFP