instance: K400.8.con.red
org_node: 235
org_edge: 987
org_min_len: 0.0012628985060834745
org_avg_len: 0.20031501464206397
org_max_len: 1.0
dtf_node: 610
dtf_edge: 1362
dtf_min_len: 2.4012101412118625e-5
dtf_avg_len: 0.1451622022406138
dtf_max_len: 1.0
sdb_node: 749
sdb_edge: 1501
sdb_min_len: 2.4012101412118625e-5
sdb_avg_len: 0.13171946665670586
sdb_max_len: 0.2003148143270493
dlt: 0.20031501464206397
algo: None