instance: K400.8.con.red
obj: 816.0
bound: 90.98382108811022
gap: 0.888500219254658
time: 1799.9075961112976
preprocess_time: 0.593181
node: 0
algo: RF