instance: K400.10.con.red
obj: 40.0
bound: 25.0
gap: 0.375
time: 3599.8720240592957
preprocess_time: 0.166955
sepa_time: 0.0
node: 2898
formulation: LEFPV