instance: K400.3.con.red
obj: 43.0
bound: 30.0
gap: 0.3023255813953488
time: 3599.6652569770813
preprocess_time: 0.372671
sepa_time: 0.0
node: 5654
formulation: LEFPV