instance: K400.8.con.red
obj: 1501.0
bound: 90.16670135054761
gap: 0.9399289131574673
time: 1800.6127858161926
preprocess_time: 0.725788
node: 0
algo: ESFV