instance: K400.7.con.red
obj: 94.0
bound: 20.609040998486154
gap: 0.7807548829939975
time: 1800.4946620464325
preprocess_time: 0.216135
node: 0
formulation: EFP