instance: K400.7.con.red
obj: 43.0
bound: 28.0
gap: 0.3488372093023256
time: 7198.566637992859
preprocess_time: 1.444734
sepa_time: 0.0
node: 4054
formulation: LEFPD