instance: K400.9.con.red
obj: 1019.9999995252222
bound: 906.0
gap: 0.11176470546890742
time: 3597.387323141098
preprocess_time: 2.715126
sepa_time: 0.0
node: 10351
formulation: EFP