instance: K400.8.con.red
obj: 289.0
bound: 18.05435617589422
gap: 0.937528179321841
time: 1800.6435360908508
preprocess_time: 0.157074
node: 24
algo: F