instance: K400.7.con.red
obj: 41.0
bound: 29.0
gap: 0.2926829268292683
time: 7199.926419973373
preprocess_time: 0.106915
sepa_time: 0.0
node: 10298
formulation: EFP