instance: K400.red
obj: 44.0
bound: 28.0
gap: 0.36363636363636365
time: 7198.026200056076
preprocess_time: 1.987637
sepa_time: 3.133020047758275e14
node: 10304
formulation: LEFPAV