instance: K400.1.con.red
obj: 360.0
bound: 28.278659488577826
gap: 0.9214481680870279
time: 1801.4283561706543
preprocess_time: 0.20445
node: 204
formulation: EFPI