instance: K400.8.con.red
obj: 1340.0
bound: 18.29293526318545
gap: 0.9863485557736685
time: 1800.6352519989014
preprocess_time: 0.231016
node: 0
formulation: EVFP