instance: K400.7.con.red
obj: 1429.0
bound: 1283.0
gap: 0.10216934919524143
time: 7195.8049919605255
preprocess_time: 4.241527
sepa_time: 0.0
node: 14227
formulation: EFP