instance: K400.5.con.red
obj: 42.0
bound: 28.0
gap: 0.3333333333333333
time: 3599.860366821289
preprocess_time: 0.149909
node: 1203
formulation: LEFPD