instance: K400.7.con.red
obj: 1209.0
bound: 184.90151462161006
gap: 0.8470624362103435
time: 3605.111762046814
preprocess_time: 0.421841
node: 9544
formulation: LEFPD