instance: K400.5.con.red
obj: 99.0
bound: 17.2355470112015
gap: 0.8259035655425849
time: 1800.315020084381
preprocess_time: 0.144312
node: 117
algo: SF