instance: K400.1.con.red
obj: 57.0
bound: 46.0
gap: 0.19298245614035087
time: 3598.573180913925
preprocess_time: 1.435765
sepa_time: 0.0
node: 3694
formulation: LEFPD