instance: K400.4.red
obj: 485.0
bound: 103.04774837019465
gap: 0.787530415731395
time: 1776.9666619300842
preprocess_time: 23.908827
node: 8
algo: EFPV