instance: K400.5.con.red
obj: 0.0
bound: 0.0
gap: 0.0
time: 18.9876070022583
preprocess_time: 0.15316
node: 0
algo: EVFP0