instance: K400.3.con.red
obj: 0.0
bound: 0.0
gap: 0.0
time: 26.454649925231934
preprocess_time: 0.313333
node: 0
algo: EVFP