instance: K400.4.red
obj: 1264.0
bound: 1233.0
gap: 0.0245253164556962
time: 7198.894190073013
preprocess_time: 1.111169
sepa_time: 0.0
node: 171456
formulation: LEFPA