instance: K400.9.con.red
obj: 45.0
bound: 32.0
gap: 0.28888888888888886
time: 7200.060976982117
preprocess_time: 0.165489
sepa_time: 0.0
node: 951
formulation: LEVFP