instance: K400.3.con.red
obj: 451.0
bound: 64.30825319833636
gap: 0.8574096381409709
time: 1801.030119895935
preprocess_time: 0.214213
node: 0
algo: SF