instance: K400.red
obj: 43.0
bound: 28.0
gap: 0.3488372093023256
time: 3598.626352071762
preprocess_time: 1.398237
sepa_time: 0.0
node: 7452
formulation: LEFPI