instance: K400.3.con.red
obj: 310.0
bound: 96.65936414980791
gap: 0.6881955995165266
time: 3602.385279893875
preprocess_time: 0.408403
node: 722
formulation: LEVFP