instance: K400.6.con.red
org_node: 241
org_edge: 1035
org_min_len: 0.014855072463768116
org_avg_len: 0.17931249629737323
org_max_len: 1.0
dtf_node: 429
dtf_edge: 1223
dtf_min_len: 0.0009718629312224988
dtf_avg_len: 0.151748514855095
dtf_max_len: 1.0
sdb_node: 2855
sdb_edge: 3649
sdb_min_len: 0.014855072463768116
sdb_avg_len: 0.0508600804789755
sdb_max_len: 0.05916016350798959
dlt: 0.05917312377813317
formulation: None