instance: K400.7.con.red
obj: 41.0
bound: 29.0
gap: 0.2926829268292683
time: 7199.022401094437
preprocess_time: 1.077145
sepa_time: 0.0
node: 10294
formulation: LEFPV2