instance: K400.4.red
obj: 305.0
bound: 63.26343616339397
gap: 0.7925788978246779
time: 1800.4950568675995
preprocess_time: 0.268303
node: 0
algo: EVFP0