instance: K400.5.con.red
obj: 1342.0
bound: 1243.0
gap: 0.07377049180327869
time: 7196.262449979782
preprocess_time: 3.765356
sepa_time: 0.0
node: 3832
formulation: EVFP