instance: K400.1.con.red
obj: 1389.0
bound: 1348.0
gap: 0.029517638588912886
time: 3599.648670911789
preprocess_time: 0.364878
sepa_time: 0.0
node: 108680
formulation: LEVFP