instance: K400.3.con.red
obj: 1350.0
bound: 1240.0
gap: 0.08148148148148149
time: 7197.385431051254
preprocess_time: 2.660099
sepa_time: 4.2439915824e-314
node: 3872
formulation: EVFP