instance: K400.6.con.red
obj: 285.0
bound: 19.391851829282565
gap: 0.9319584146337693
time: 1800.505401134491
preprocess_time: 0.205031
node: 0
algo: SF