instance: K400.8.con.red
obj: 45.0
bound: 27.0
gap: 0.4
time: 7198.083893060684
preprocess_time: 1.935995
sepa_time: 0.0
node: 4691
formulation: LEFPAI