instance: K400.5.con.red
obj: 39.0
bound: 28.0
gap: 0.28205128205128205
time: 7198.488051176071
preprocess_time: 1.517639
sepa_time: 0.0
node: 10411
formulation: LEFPAI