instance: K400.5.con.red
obj: 946.0
bound: 865.0
gap: 0.08562367864693446
time: 3597.8018980026245
preprocess_time: 2.212702
sepa_time: 0.0
node: 1626
formulation: EVFP