instance: K400.1.con.red
obj: 951.0
bound: 28.171515664131007
gap: 0.9703769551375099
time: 1800.1868710517883
preprocess_time: 0.15256
node: 172
algo: EFPLg