instance: K400.7.con.red
obj: 42.0
bound: 28.0
gap: 0.3333333333333333
time: 7198.909687042236
preprocess_time: 1.098228
sepa_time: 0.0
node: 10398
formulation: LEFPI