instance: K400.red
obj: 1525.0
bound: 1485.0
gap: 0.02622950819672131
time: 7199.881584882736
preprocess_time: 0.128895
sepa_time: 0.0
node: 201010
formulation: LEVFP