instance: K400.6.con.red
obj: 318.0
bound: 24.990756169742
gap: 0.9214127164470626
time: 1800.686450958252
preprocess_time: 0.183005
node: 7
algo: RF