instance: K400.3.con.red
obj: 124.0
bound: 19.659471682828766
gap: 0.8414558735248958
time: 1800.4518568515778
preprocess_time: 0.133711
node: 515
algo: F