instance: K400.2.red
obj: 789.0
bound: 789.0
gap: 0.0
time: 0.12843990325927734
preprocess_time: 1.928095
sepa_time: 0.0
node: 1
formulation: LEFPAI