instance: K400.red
obj: 70.0
bound: 26.29330153118586
gap: 0.6243814066964528
time: 3606.9349851608276
preprocess_time: 0.162087
node: 1681
formulation: LEFPI