instance: K400.7.con.red
obj: 1209.0
bound: 184.19103991856946
gap: 0.8476500910515681
time: 3604.5511498451233
preprocess_time: 0.419687
node: 90326
formulation: LEFPDB