instance: K400.5.con.red
obj: 1327.0
bound: 1294.0
gap: 0.024868123587038434
time: 7198.902288913727
preprocess_time: 1.104462
sepa_time: 3.8677392520064756e14
node: 520039
formulation: LEFPAV