instance: K400.9.con.red
obj: 198.0
bound: 126.2605819504556
gap: 0.3623202931793342
time: 1801.5229740142822
preprocess_time: 0.227492
node: 622
algo: RF