instance: K400.5.con.red
obj: 40.0
bound: 28.0
gap: 0.3
time: 7199.299399137497
preprocess_time: 1.385829
sepa_time: 0.0
node: 10282
formulation: LEFPV2