instance: K400.8.con.red
obj: 45.0
bound: 27.0
gap: 0.4
time: 3599.879525899887
preprocess_time: 0.126876
sepa_time: 0.0
node: 2542
formulation: LEFPV