instance: K400.2.red
obj: 1587.0
bound: 1424.0
gap: 0.10270951480781348
time: 7194.879565954208
preprocess_time: 5.166194
sepa_time: 0.0
node: 18722
formulation: EFP