instance: K400.6.con.red
obj: 46.0
bound: 30.0
gap: 0.34782608695652173
time: 7199.013306856155
preprocess_time: 1.033867
sepa_time: 0.0
node: 9387
formulation: LEFP