instance: K400.2.red
obj: 37.0
bound: 25.0
gap: 0.32432432432432434
time: 7198.109898090363
preprocess_time: 2.007016
sepa_time: 3.1358078998202675e14
node: 10339
formulation: LEFPAV