instance: K400.1.con.red
obj: 31.0
bound: 23.0
gap: 0.25806451612903225
time: 7198.794977903366
preprocess_time: 1.212511
sepa_time: 0.0
node: 13244
formulation: LEFPA