instance: K400.9.con.red
obj: 1.0
bound: 0.0
gap: 0.9999999999
time: 158.587984085083
preprocess_time: 0.299346
node: 0
algo: EVFPV