instance: K400.2.red
obj: 1576.0
bound: 1536.0
gap: 0.025380710659898477
time: 7199.879715919495
preprocess_time: 0.133535
sepa_time: 6.94431266996785e-310
node: 181567
formulation: LEVFP