instance: K400.9.con.red
obj: 416.0
bound: 127.95505158459191
gap: 0.6924157413830261
time: 3602.404247045517
preprocess_time: 0.120297
node: 540
formulation: LEVFP