instance: K400.9.con.red
obj: 44.0
bound: 31.0
gap: 0.29545454545454547
time: 7199.8408880233765
preprocess_time: 0.20323
sepa_time: 0.0
node: 13328
formulation: EFP