instance: K400.7.con.red
obj: 722.0
bound: 722.0
gap: 0.0
time: 0.169525146484375
preprocess_time: 1.515418
sepa_time: 0.0
node: 1
formulation: LEFPAI