instance: K400.2.red
obj: 319.0
bound: 18.35345842992547
gap: 0.9424656475547972
time: 1800.2792809009552
preprocess_time: 0.14639
node: 70
algo: F