instance: K400.5.con.red
obj: 42.0
bound: 28.0
gap: 0.3333333333333333
time: 7198.564484119415
preprocess_time: 1.800503
sepa_time: 0.0
node: 10219
formulation: LEFPA