instance: K400.4.red
obj: 1262.0
bound: 1232.0
gap: 0.02377179080824089
time: 7199.052114009857
preprocess_time: 0.953662
sepa_time: 0.0
node: 223120
formulation: LEFPV