instance: K400.9.con.red
obj: 89.0
bound: 0.0
gap: 0.9999999999988763
time: 1800.7365210056305
preprocess_time: 0.291511
node: 7992
algo: EVFPV