instance: K400.10.con.red
obj: 59.000000000004256
bound: 24.39477794299623
gap: 0.5865291874058791
time: 3601.5777609348297
preprocess_time: 0.118511
node: 703
formulation: LEFPD