instance: K400.2.red
obj: 809.0
bound: 75.60243935590796
gap: 0.9065482826254652
time: 1800.3654041290283
preprocess_time: 0.364658
node: 0
algo: EFP0