instance: K400.3.con.red
obj: 178.0
bound: 0.0
gap: 0.9999999999994382
time: 1800.7293870449066
preprocess_time: 0.240197
node: 1318
algo: EVFPV