instance: K400.8.con.red
obj: 872.0
bound: 90.71377652877791
gap: 0.8959704397604731
time: 1800.2614860534668
preprocess_time: 0.460312
node: 0
algo: EVFPL