instance: K400.1.con.red
obj: 1393.0
bound: 1345.0
gap: 0.03445800430725054
time: 7198.681394100189
preprocess_time: 1.330577
sepa_time: 4.3296374726714475e14
node: 790956
formulation: LEFPV