instance: K400.4.red
obj: 39.0
bound: 39.0
gap: 0.0
time: 74.18719696998596
preprocess_time: 0.145389
node: 510
algo: SFD