instance: K400.red
obj: 1033.0
bound: 990.0
gap: 0.041626331074540175
time: 3599.6207659244537
preprocess_time: 0.38441
sepa_time: 0.0
node: 14210
formulation: LEVFP