instance: K400.9.con.red
obj: 43.0
bound: 32.0
gap: 0.2558139534883721
time: 7199.931799888611
preprocess_time: 0.108491
sepa_time: 0.0
node: 11378
formulation: EFP