instance: K400.9.con.red
obj: 963.0
bound: 17.645583318308383
gap: 0.9816764451522257
time: 1800.3414449691772
preprocess_time: 0.12647
node: 0
algo: ESF