instance: K400.red
obj: 170.0
bound: 121.0
gap: 0.28823529411764703
time: 3599.7649569511414
preprocess_time: 0.253056
sepa_time: 0.0
node: 1739
formulation: LEFPV2