instance: K400.red
obj: 1522.0
bound: 1482.0
gap: 0.026281208935611037
time: 3599.8775668144226
preprocess_time: 0.135719
sepa_time: 0.0
node: 163012
formulation: LEFPV