instance: K400.4.red
obj: 38.99999937965633
bound: 26.0
gap: 0.3333333227291679
time: 3600.1066761016846
preprocess_time: 0.112223
sepa_time: 0.0
node: 720
formulation: EVFP