instance: K400.6.con.red
obj: 49.0
bound: 31.0
gap: 0.3673469387755102
time: 7199.059152841568
preprocess_time: 1.101281
sepa_time: 0.0
node: 10202
formulation: LEFPI