instance: K400.3.con.red
obj: 42.0
bound: 30.0
gap: 0.2857142857142857
time: 3599.9946858882904
preprocess_time: 0.146818
node: 10202
formulation: EFP