instance: K400.7.con.red
obj: 414.0
bound: 71.34217005394866
gap: 0.8276759177438854
time: 1800.336569070816
preprocess_time: 0.337601
node: 0
algo: EVFP0