instance: K400.5.con.red
obj: 57.0
bound: 29.05449092214385
gap: 0.4902720890843355
time: 3602.603238105774
preprocess_time: 0.15148
node: 624
formulation: LEFPD