instance: K400.10.con.red
obj: 1520.0
bound: 1475.0
gap: 0.029605263157894735
time: 7198.16980099678
preprocess_time: 1.844424
sepa_time: 0.0
node: 81695
formulation: LEFPAD