instance: K400.red
obj: 44.0
bound: 27.0
gap: 0.38636363636363635
time: 3599.004457950592
preprocess_time: 1.415041
sepa_time: 0.0
node: 10202
formulation: LEFPV