instance: K400.9.con.red
obj: 377.0
bound: 73.67767258387191
gap: 0.8045685077348743
time: 1800.7880368232727
preprocess_time: 0.325127
node: 0
formulation: EVFP