instance: K400.9.con.red
obj: 44.0
bound: 31.0
gap: 0.29545454545454547
time: 3599.623787879944
preprocess_time: 0.389127
node: 7300
formulation: LEFPI