instance: K400.6.con.red
obj: 1168.0
bound: 1110.0
gap: 0.04965753424657534
time: 3599.612282037735
preprocess_time: 0.405513
sepa_time: 0.0
node: 27646
formulation: LEFP