instance: K400.2.red
obj: 350.0
bound: 19.015086228045377
gap: 0.9456711822053144
time: 1800.3301939964294
preprocess_time: 0.308223
node: 12
algo: EVFPL