instance: K400.4.red
obj: 1275.0
bound: 1140.0
gap: 0.10588235294117647
time: 7197.5023810863495
preprocess_time: 2.532995
sepa_time: 0.0
node: 27928
formulation: EFP