instance: K400.7.con.red
obj: 1420.0
bound: 1383.0
gap: 0.026056338028169014
time: 3599.908033132553
preprocess_time: 0.094718
sepa_time: 0.0
node: 137415
formulation: LEFPI