instance: K400.9.con.red
obj: 44.0
bound: 31.0
gap: 0.29545454545454547
time: 3599.8856608867645
preprocess_time: 0.125141
sepa_time: 0.0
node: 8956
formulation: LEFPV2