instance: K400.red
obj: 40.0
bound: 28.0
gap: 0.3
time: 7198.408128023148
preprocess_time: 1.610541
sepa_time: 0.0
node: 3437
formulation: LEFPAD