instance: K400.8.con.red
obj: 1637.0
bound: 1598.0
gap: 0.023824068417837508
time: 7198.454981088638
preprocess_time: 1.55553
sepa_time: 0.0
node: 190409
formulation: LEFP