instance: K400.5.con.red
obj: 110.00000037267984
bound: 27.60591640364604
gap: 0.7490371244527988
time: 3603.3050038814545
preprocess_time: 0.149616
node: 3488
formulation: LEFPI