instance: K400.9.con.red
obj: 963.0
bound: 17.1336968484974
gap: 0.9822079991188
time: 1800.0517349243164
preprocess_time: 0.178813
node: 0
algo: EFPLg