instance: K400.7.con.red
obj: 1434.0
bound: 1311.0
gap: 0.08577405857740586
time: 3596.6210589408875
preprocess_time: 3.391369
sepa_time: 0.0
node: 3054
formulation: EVFP