instance: K400.10.con.red
obj: 40.0
bound: 25.0
gap: 0.375
time: 3599.887535095215
preprocess_time: 0.121366
node: 877
formulation: LEVFP