instance: K400.3.con.red
obj: 869.0
bound: 27.137603631295665
gap: 0.9687714572711248
time: 1617.3015050888062
preprocess_time: 183.600809
node: 0
algo: EFPV