instance: K400.9.con.red
obj: 714.0
bound: 119.03971066765787
gap: 0.8332777161516228
time: 1800.5896649360657
preprocess_time: 0.259093
node: 27
algo: ESFV