instance: K400.4.red
obj: 1263.0
bound: 1232.0
gap: 0.02454473475851148
time: 7198.575357913971
preprocess_time: 1.433549
sepa_time: 1.0616122442090377e14
node: 202958
formulation: LEFPV2