instance: K400.4.red
obj: 40.0
bound: 25.0
gap: 0.375
time: 3599.8872559070587
preprocess_time: 0.148298
node: 4314
formulation: LEFPV