instance: K400.10.con.red
obj: 38.0
bound: 25.0
gap: 0.34210526315789475
time: 7198.788849830627
preprocess_time: 1.30491
sepa_time: 0.0
node: 10371
formulation: LEFPAI