instance: K400.red
obj: 43.0
bound: 28.0
gap: 0.3488372093023256
time: 7198.748319149017
preprocess_time: 1.352242
sepa_time: 0.0
node: 10398
formulation: LEFP