instance: K400.4.red
obj: 1262.0
bound: 1226.0
gap: 0.028526148969889066
time: 7198.205599069595
preprocess_time: 1.813437
sepa_time: 0.0
node: 62125
formulation: LEFPAD