instance: K400.5.con.red
obj: 504.9999990000042
bound: 76.80211325824544
gap: 0.8479166071080931
time: 1800.2103810310364
preprocess_time: 0.267105
node: 0
algo: ERF