instance: K400.5.con.red
obj: 44.0
bound: 42.99999999999999
gap: 0.022727272727221234
time: 112.35033988952637
preprocess_time: 0.141187
node: 1011
algo: SFD