instance: K400.1.con.red
org_node: 217
org_edge: 854
org_min_len: 0.0001035001035001035
org_avg_len: 0.011372872614090411
org_max_len: 1.0
dtf_node: 379
dtf_edge: 1016
dtf_min_len: 4.650136293580728e-6
dtf_avg_len: 0.009559481508300414
dtf_max_len: 1.0
sdb_node: 587
sdb_edge: 1224
sdb_min_len: 4.650136293580728e-6
sdb_avg_len: 0.00793499445460231
sdb_max_len: 0.011372861241217797
dlt: 0.011372872614090411
algo: None