instance: K400.8.con.red
obj: 176.0
bound: 116.0
gap: 0.3409090909090909
time: 3599.482658147812
preprocess_time: 0.548432
node: 1747
formulation: LEFP