instance: K400.5.con.red
obj: 645.0
bound: 75.99467037006933
gap: 0.8821788056276626
time: 1775.8850438594818
preprocess_time: 30.741931
node: 0
algo: EFPV