instance: K400.4.red
obj: 152.99999905937923
bound: 120.0
gap: 0.2156862696879622
time: 3599.632006883621
preprocess_time: 0.375375
node: 9222
formulation: LEFPV