instance: K400.4.red
obj: 102.0
bound: 15.888488660686967
gap: 0.8442305033257708
time: 1800.5235478878021
preprocess_time: 0.10395
node: 540
algo: ERF