instance: K400.7.con.red
obj: 1430.0
bound: 1327.0
gap: 0.07202797202797202
time: 7195.968629837036
preprocess_time: 4.164983
sepa_time: 1.2683e-320
node: 3628
formulation: EVFP