instance: K400.10.con.red
obj: 96.0
bound: 17.722838301542225
gap: 0.8153871010247524
time: 1800.3519458770752
preprocess_time: 0.299243
node: 9
algo: EVFPL