instance: K400.8.con.red
obj: 1501.0
bound: 97.9022305173315
gap: 0.9347753294354264
time: 1743.3967308998108
preprocess_time: 57.836876
node: 0
formulation: EFPV