instance: K400.red
obj: 171.0
bound: 119.0
gap: 0.30409356725146197
time: 3599.549367904663
preprocess_time: 0.465934
node: 1435
formulation: LEVFP