instance: K400.red
obj: 482.0
bound: 77.26707978776068
gap: 0.8396948552119405
time: 1800.021252155304
preprocess_time: 0.335887
node: 0
algo: EFP