instance: K400.9.con.red
obj: 1020.0
bound: 936.0
gap: 0.08235294117647059
time: 3597.62100815773
preprocess_time: 2.505072
sepa_time: 0.0
node: 2837
formulation: EVFP