instance: K400.6.con.red
obj: 47.999999151106564
bound: 32.0
gap: 0.33333332154314654
time: 3599.805852174759
preprocess_time: 0.242449
sepa_time: 0.0
node: 3011
formulation: LEFPV2