instance: K400.2.red
obj: 0.0
bound: 0.0
gap: 0.0
time: 28.91496515274048
preprocess_time: 0.165079
node: 0
algo: EVFP0