instance: K400.red
obj: 43.0
bound: 27.0
gap: 0.37209302325581395
time: 3599.8465490341187
preprocess_time: 0.163065
sepa_time: 0.0
node: 8347
formulation: LEFPV