instance: K400.2.red
obj: 1576.0
bound: 1536.0
gap: 0.025380710659898477
time: 7199.879764080048
preprocess_time: 0.133077
sepa_time: 5.3e-322
node: 186914
formulation: LEVFP