instance: K400.red
obj: 40.0
bound: 28.0
gap: 0.3
time: 7198.080460071564
preprocess_time: 1.949642
sepa_time: 0.0
node: 4086
formulation: LEFPAD