instance: K400.10.con.red
obj: 234.0
bound: 187.43964867635955
gap: 0.1989758603573528
time: 3604.9437839984894
preprocess_time: 0.151047
node: 13471
formulation: LEFPD