instance: K400.10.con.red
obj: 1520.0
bound: 1483.0
gap: 0.024342105263157894
time: 3598.9740409851074
preprocess_time: 1.031891
sepa_time: 0.0
node: 137352
formulation: LEFPV