instance: K400.3.con.red
obj: 159.0
bound: 116.0
gap: 0.27044025157232704
time: 3599.5936319828033
preprocess_time: 0.425797
node: 1681
formulation: LEFPV