instance: K400.3.con.red
obj: 71.0
bound: 26.532208491656288
gap: 0.6263069226518462
time: 1800.463233947754
preprocess_time: 0.161771
node: 537
algo: RF