instance: K400.9.con.red
obj: 1395.0
bound: 1357.0
gap: 0.02724014336917563
time: 3599.6537368297577
preprocess_time: 0.3643
sepa_time: 0.0
node: 155783
formulation: LEFP