instance: K400.red
obj: 788.0
bound: 788.0
gap: 0.0
time: 0.31331801414489746
preprocess_time: 1.189075
sepa_time: 0.0
node: 1
formulation: LEFPAD