instance: K400.8.con.red
obj: 1637.0
bound: 1598.0
gap: 0.023824068417837508
time: 7198.670464038849
preprocess_time: 1.340119
sepa_time: 0.0
node: 201991
formulation: LEFP