instance: K400.2.red
obj: 1000.0
bound: 22.9799829770861
gap: 0.9770200170228162
time: 3603.0066509246826
preprocess_time: 0.128156
node: 475
formulation: LEFPD