instance: K400.7.con.red
obj: 690.0
bound: 86.51891311088573
gap: 0.874610270853662
time: 1799.9433732032776
preprocess_time: 0.315544
node: 0
algo: EFPLg