instance: K400.10.con.red
obj: 225.0
bound: 109.74217578550177
gap: 0.5122569965086534
time: 1800.628357887268
preprocess_time: 0.218989
node: 1048
algo: EVFPL