instance: K400.6.con.red
obj: 616.0
bound: 182.04844442463227
gap: 0.7044668109988591
time: 3603.5894858837128
preprocess_time: 0.555545
node: 2122
formulation: LEFPI