instance: K400.9.con.red
obj: 1009.0
bound: 970.0
gap: 0.03865213082259663
time: 3599.6386461257935
preprocess_time: 0.380261
sepa_time: 0.0
node: 77122
formulation: LEFPV2