instance: K400.2.red
obj: 1031.0
bound: 22.12278922158718
gap: 0.9785423964872114
time: 1800.5608668327332
preprocess_time: 0.198253
node: 0
algo: ESFV