instance: K400.1.con.red
obj: 176.9999999956138
bound: 125.0
gap: 0.2937853107169627
time: 3599.8172249794006
preprocess_time: 0.462104
node: 10202
formulation: EFP