instance: K400.9.con.red
obj: 1069.0
bound: 1013.0
gap: 0.052385406922357346
time: 3599.8605489730835
preprocess_time: 0.160448
sepa_time: 0.0
node: 13491
formulation: LEFPD