instance: K400.1.con.red
org_node: 217
org_edge: 854
org_min_len: 0.0001035001035001035
org_avg_len: 0.011372872614090411
org_max_len: 1.0
dtf_node: 439
dtf_edge: 1076
dtf_min_len: 4.945959290192934e-5
dtf_avg_len: 0.0090264249186182
dtf_max_len: 1.0
sdb_node: 2376
sdb_edge: 3013
sdb_min_len: 0.0001035001035001035
sdb_avg_len: 0.003223509197621396
sdb_max_len: 0.0037525037525037524
dlt: 0.003753047962649836
formulation: None