instance: K400.5.con.red
obj: 663.0
bound: 663.0
gap: 0.0
time: 0.3492238521575928
preprocess_time: 1.505856
sepa_time: 0.0
node: 1
formulation: LEFPAD