instance: K400.1.con.red
obj: 1395.0
bound: 1327.0
gap: 0.04874551971326165
time: 7198.176521062851
preprocess_time: 1.838571
sepa_time: 0.0
node: 667074
formulation: LEFPAD