instance: K400.5.con.red
obj: 39.0
bound: 28.0
gap: 0.28205128205128205
time: 7198.816652059555
preprocess_time: 1.18776
sepa_time: 3.274153371767109e14
node: 10344
formulation: LEFPAV