instance: K400.5.con.red
obj: 1328.0
bound: 1295.0
gap: 0.024849397590361446
time: 7198.94553899765
preprocess_time: 1.059633
sepa_time: 0.0
node: 646293
formulation: LEFPV