instance: K400.7.con.red
obj: 642.0
bound: 114.13370069815407
gap: 0.8222216500027472
time: 1778.5318820476532
preprocess_time: 22.34148
node: 35
algo: EFPV