instance: K400.10.con.red
obj: 170.99999952942272
bound: 131.0
gap: 0.2339181265467794
time: 3599.652750968933
preprocess_time: 0.386983
node: 3823
formulation: LEFP