instance: K400.5.con.red
obj: 300.0
bound: 17.41185010611224
gap: 0.9419604996459786
time: 1800.2496149539948
preprocess_time: 0.151488
node: 271
algo: F