instance: K400.7.con.red
obj: 495.0
bound: 113.3145849450587
gap: 0.7710816465754833
time: 1800.2359509468079
preprocess_time: 0.408391
node: 73
algo: ESFV