instance: K400.4.red
obj: 34.0
bound: 23.0
gap: 0.3235294117647059
time: 7198.136981010437
preprocess_time: 1.905661
sepa_time: 0.0
node: 8620
formulation: LEFPA