instance: K400.6.con.red
obj: 47.0
bound: 33.0
gap: 0.2978723404255319
time: 7199.837451934814
preprocess_time: 0.174479
sepa_time: 0.0
node: 1527
formulation: EVFP