instance: K400.5.con.red
obj: 1329.0
bound: 1295.0
gap: 0.025583145221971408
time: 7198.492245912552
preprocess_time: 1.517266
sepa_time: 0.0
node: 390082
formulation: LEFPA