instance: K400.5.con.red
obj: 874.0
bound: 18.080836886370427
gap: 0.9793125436081597
time: 1800.5698890686035
preprocess_time: 0.203142
node: 9
formulation: EFPI