instance: K400.6.con.red
obj: 185.99999999421544
bound: 132.0
gap: 0.29032258062309046
time: 3599.651253938675
preprocess_time: 0.378135
sepa_time: 0.0
node: 1573
formulation: LEFPV2