instance: K400.5.con.red
org_node: 220
org_edge: 799
org_min_len: 0.009718755200532534
org_avg_len: 0.23581390534140384
org_max_len: 1.0
dtf_node: 325
dtf_edge: 904
dtf_min_len: 0.0010565676405916782
dtf_avg_len: 0.20842401589356352
dtf_max_len: 1.0
sdb_node: 3045
sdb_edge: 3624
sdb_min_len: 0.009718755200532534
sdb_avg_len: 0.05199097968205883
sdb_max_len: 0.05891163255117324
dlt: 0.05895347633535096
formulation: None