instance: K400.7.con.red
obj: 1419.0
bound: 1387.0
gap: 0.02255109231853418
time: 7199.883906126022
preprocess_time: 0.129875
sepa_time: 6.9132763024457e-310
node: 156185
formulation: LEVFP