instance: K400.3.con.red
obj: 869.0
bound: 25.596333179715067
gap: 0.9705450711394566
time: 1608.813558101654
preprocess_time: 192.363186
node: 0
algo: EFPV