instance: K400.1.con.red
obj: 58.0
bound: 46.0
gap: 0.20689655172413793
time: 7198.183276176453
preprocess_time: 1.825805
sepa_time: 1.840666653042252e14
node: 11633
formulation: LEFPAV