instance: K400.9.con.red
obj: 1393.0
bound: 1362.0
gap: 0.022254127781765973
time: 7198.5499958992
preprocess_time: 1.455138
sepa_time: 0.0
node: 323359
formulation: LEFPI