instance: K400.5.con.red
obj: 218.99999983217202
bound: 108.23186399108297
gap: 0.5057905750042205
time: 1801.350075006485
preprocess_time: 0.218598
node: 722
algo: RF