instance: K400.7.con.red
obj: 944.0
bound: 25.635629711042597
gap: 0.9728436125941314
time: 1703.5472948551178
preprocess_time: 97.269869
node: 0
algo: EFPV