instance: K400.4.red
obj: 37.0
bound: 24.0
gap: 0.35135135135135137
time: 7198.950411081314
preprocess_time: 1.063279
sepa_time: 0.0
node: 10233
formulation: LEFP