instance: K400.2.red
obj: 1600.0
bound: 1427.0
gap: 0.108125
time: 7195.048649072647
preprocess_time: 4.975692
sepa_time: 0.0
node: 30395
formulation: EFP