instance: K400.5.con.red
obj: 1329.0
bound: 1292.0
gap: 0.02784048156508653
time: 3599.9361300468445
preprocess_time: 0.089451
sepa_time: 0.0
node: 285867
formulation: LEFPV