instance: K400.9.con.red
obj: 178.0
bound: 138.0
gap: 0.2247191011235955
time: 3599.552184820175
preprocess_time: 0.461164
node: 10239
formulation: EFP