instance: K400.1.con.red
obj: 66.0
bound: 46.26309752475405
gap: 0.2990439768972128
time: 3602.247316122055
preprocess_time: 0.115371
node: 5010
formulation: LEFP