instance: K400.7.con.red
obj: 664.0
bound: 107.78410829881602
gap: 0.837674535694428
time: 1800.611897945404
preprocess_time: 0.325857
node: 38
algo: EVFPL