instance: K400.1.con.red
obj: 549.0
bound: 111.45681025112216
gap: 0.7969821306899783
time: 1800.636812210083
preprocess_time: 0.155118
node: 470
algo: ERF