instance: K400.7.con.red
obj: 42.0
bound: 29.0
gap: 0.30952380952380953
time: 7199.1314108371735
preprocess_time: 1.040903
sepa_time: 0.0
node: 10219
formulation: LEFP