instance: K400.8.con.red
obj: 574.0
bound: 66.68780178176861
gap: 0.8838191606587856
time: 1799.814565896988
preprocess_time: 0.494649
node: 0
algo: EVFPV