instance: K400.2.red
obj: 39.0
bound: 24.0
gap: 0.38461538461538464
time: 3599.8502159118652
preprocess_time: 0.176559
sepa_time: 0.0
node: 4849
formulation: LEFPV2