instance: K400.7.con.red
obj: 1468.0
bound: 1423.0
gap: 0.030653950953678476
time: 3599.660061120987
preprocess_time: 0.365316
sepa_time: 0.0
node: 39685
formulation: LEFPD