instance: K400.4.red
obj: 240.0
bound: 61.22770454739562
gap: 0.7448845643855413
time: 1800.347548007965
preprocess_time: 0.179036
node: 147
algo: EVFPV