instance: K400.10.con.red
obj: 1002.0
bound: 16.25026767400458
gap: 0.9837821679899171
time: 1800.3148889541626
preprocess_time: 0.161353
node: 0
algo: ERF