instance: K400.3.con.red
obj: 217.0
bound: 142.16974972919843
gap: 0.34483986299892666
time: 3604.1761388778687
preprocess_time: 0.41912
node: 10540
formulation: LEFP