instance: K400.8.con.red
obj: 2250.0
bound: 61.67673443385867
gap: 0.9725881180293529
time: 1800.3039801120758
preprocess_time: 0.454502
node: 0
algo: EVFP0