instance: K400.red
obj: 38.0
bound: 27.0
gap: 0.2894736842105263
time: 7199.424644947052
preprocess_time: 1.559214
sepa_time: 0.0
node: 10216
formulation: LEFPA