instance: K400.10.con.red
obj: 42.0
bound: 25.0
gap: 0.40476190476190477
time: 3599.8859848976135
preprocess_time: 0.123165
node: 5039
formulation: LEFPV