instance: K400.5.con.red
obj: 629.0
bound: 77.52569473098883
gap: 0.8767477031302441
time: 1800.3255019187927
preprocess_time: 0.234527
node: 0
algo: EFP0