instance: K400.red
obj: 44.0
bound: 28.0
gap: 0.36363636363636365
time: 3599.791318178177
preprocess_time: 0.21712
sepa_time: 0.0
node: 1255
formulation: EFP