instance: K400.6.con.red
obj: 1164.0
bound: 1115.0
gap: 0.04209621993127148
time: 3599.6012818813324
preprocess_time: 0.40294
sepa_time: 0.0
node: 16335
formulation: LEVFP