instance: K400.3.con.red
org_node: 210
org_edge: 806
org_min_len: 0.008385894495412844
org_avg_len: 0.16797894684172976
org_max_len: 1.0
dtf_node: 450
dtf_edge: 1046
dtf_min_len: 7.359116779812047e-5
dtf_avg_len: 0.12943693227001404
dtf_max_len: 1.0
sdb_node: 595
sdb_edge: 1191
sdb_min_len: 7.359116779812047e-5
sdb_avg_len: 0.11367844765275824
sdb_max_len: 0.16797877886278292
dlt: 0.16797894684172976
algo: None