instance: K400.10.con.red
org_node: 221
org_edge: 923
org_min_len: 0.003612539799167279
org_avg_len: 0.14091711291885145
org_max_len: 1.0
dtf_node: 407
dtf_edge: 1109
dtf_min_len: 1.140038237672919e-5
dtf_avg_len: 0.11728268279900836
dtf_max_len: 1.0
sdb_node: 2566
sdb_edge: 3268
sdb_min_len: 0.003612539799167279
sdb_avg_len: 0.039800029138341395
sdb_max_len: 0.04648678803711868
dlt: 0.04650264726322098
formulation: None