instance: K400.5.con.red
obj: 1329.0
bound: 1287.0
gap: 0.03160270880361174
time: 7198.193146944046
preprocess_time: 1.81967
sepa_time: 0.0
node: 130813
formulation: LEFPAD