instance: K400.10.con.red
obj: 1058.0
bound: 1014.0
gap: 0.04158790170132325
time: 3599.623600959778
preprocess_time: 0.391832
sepa_time: 0.0
node: 75661
formulation: LEFP