instance: K400.red
obj: 1089.0
bound: 1037.0
gap: 0.047750229568411386
time: 3599.6184601783752
preprocess_time: 0.40019
sepa_time: 0.0
node: 20691
formulation: LEFPD