instance: K400.7.con.red
obj: 1419.0
bound: 1386.0
gap: 0.023255813953488372
time: 7198.6098709106445
preprocess_time: 1.401965
sepa_time: 0.0
node: 391894
formulation: LEFP