instance: K400.10.con.red
obj: 2044.0
bound: 71.0556904251888
gap: 0.9652369420619934
time: 1800.3594028949738
preprocess_time: 0.342092
node: 0
formulation: EVFP