instance: K400.8.con.red
obj: 1501.0
bound: 70.52403003343407
gap: 0.9530153031089078
time: 1799.8837468624115
preprocess_time: 0.415857
node: 0
algo: EFPLg