instance: K400.3.con.red
obj: 679.0
bound: 679.0
gap: 0.0
time: 0.16794085502624512
preprocess_time: 1.908984
sepa_time: 0.0
node: 1
formulation: LEFPAV