instance: K400.2.red
obj: 1576.0
bound: 1536.0
gap: 0.025380710659898477
time: 7199.9240181446075
preprocess_time: 0.087925
sepa_time: 0.0
node: 198397
formulation: LEVFP