instance: K400.5.con.red
obj: 42.0
bound: 28.0
gap: 0.3333333333333333
time: 3598.598556995392
preprocess_time: 1.420506
sepa_time: 0.0
node: 1478
formulation: LEFPD