instance: K400.2.red
obj: 1090.0
bound: 1037.0
gap: 0.04862385321100918
time: 3599.6105768680573
preprocess_time: 0.396473
sepa_time: 0.0
node: 16892
formulation: LEFPI