instance: K400.4.red
obj: 485.0
bound: 103.04774837019465
gap: 0.787530415731395
time: 1759.0466990470886
preprocess_time: 41.797322
node: 53
formulation: EFPV