instance: K400.5.con.red
obj: 663.0
bound: 663.0
gap: 0.0
time: 0.11134004592895508
preprocess_time: 1.489284
sepa_time: 0.0
node: 1
formulation: LEFPAI