instance: K400.6.con.red
obj: 317.0
bound: 25.03301027872553
gap: 0.9210315133160326
time: 1800.5396890640259
preprocess_time: 0.331585
node: 0
algo: EVFPL