instance: K400.4.red
obj: 645.0
bound: 75.02263790450772
gap: 0.8836858327060525
time: 1800.1840071678162
preprocess_time: 0.186891
node: 0
algo: ESF