instance: K400.2.red
obj: 38.0
bound: 25.0
gap: 0.34210526315789475
time: 7199.8328058719635
preprocess_time: 0.179274
sepa_time: 0.0
node: 963
formulation: LEVFP