instance: K400.8.con.red
obj: 44.0
bound: 27.0
gap: 0.38636363636363635
time: 3599.6197459697723
preprocess_time: 0.395602
node: 1154
formulation: LEFPV