instance: K400.5.con.red
obj: 164.0
bound: 126.0
gap: 0.23170731707317074
time: 3599.612387895584
preprocess_time: 0.399043
node: 1195
formulation: LEVFP