instance: K400.2.red
obj: 799.0
bound: 76.43659055259994
gap: 0.9043346801593362
time: 1799.87877202034
preprocess_time: 0.684461
node: 0
algo: ERF