instance: K400.9.con.red
obj: 630.0
bound: 119.43572348122827
gap: 0.8104194865376042
time: 3603.7658581733704
preprocess_time: 0.47546
node: 2074
formulation: EFP