instance: K400.2.red
obj: 565.0
bound: 72.19918225508285
gap: 0.8722138367165131
time: 1800.1856381893158
preprocess_time: 0.607022
node: 0
algo: SF