instance: K400.red
obj: 254.0
bound: 18.492586396928434
gap: 0.9271945417440113
time: 1800.2092590332031
preprocess_time: 0.223903
node: 63
algo: EVFPV