instance: K400.2.red
obj: 175.0
bound: 134.0
gap: 0.2342857142857143
time: 3599.452407836914
preprocess_time: 0.556825
node: 8369
formulation: EFP