instance: K400.6.con.red
obj: 615.0
bound: 69.0764094537917
gap: 0.8876806350343406
time: 1803.022707939148
preprocess_time: 0.318026
node: 0
algo: SF