instance: K400.9.con.red
obj: 45.0
bound: 31.0
gap: 0.3111111111111111
time: 3599.6300818920135
preprocess_time: 0.381301
node: 767
formulation: LEVFP