instance: K400.4.red
obj: 1280.0
bound: 1163.0
gap: 0.09140625
time: 3597.34556889534
preprocess_time: 2.666412
sepa_time: 8.43e-321
node: 2918
formulation: EVFP