instance: K400.4.red
obj: 1064.0
bound: 172.48205436461927
gap: 0.8378928060482115
time: 3604.97611284256
preprocess_time: 0.223218
node: 104593
formulation: LEFPDB