instance: K400.8.con.red
obj: 65.0
bound: 25.618999860597615
gap: 0.6058615406052584
time: 3604.1277220249176
preprocess_time: 0.173131
node: 1230
formulation: LEFPI