instance: K400.5.con.red
obj: 1329.0
bound: 1293.0
gap: 0.02708803611738149
time: 3599.922994852066
preprocess_time: 0.089223
sepa_time: 0.0
node: 277811
formulation: LEFP