instance: K400.9.con.red
obj: 963.0
bound: 17.709896609675223
gap: 0.9816096608413568
time: 1800.3218050003052
preprocess_time: 0.282925
node: 0
algo: EFP0