instance: K400.6.con.red
obj: 1115.0
bound: 20.92989192551825
gap: 0.9812287964792679
time: 1800.3303451538086
preprocess_time: 0.289315
node: 0
algo: EFP