instance: K400.4.red
obj: 927.0
bound: 888.0
gap: 0.042071197411003236
time: 3599.6283478736877
preprocess_time: 0.382849
sepa_time: 0.0
node: 84741
formulation: LEFP