instance: K400.2.red
obj: 39.0
bound: 27.0
gap: 0.3076923076923077
time: 3599.8843989372253
preprocess_time: 0.125508
sepa_time: 5.2e-322
node: 1025
formulation: EVFP