instance: K400.9.con.red
obj: 1442.0
bound: 1393.0
gap: 0.03398058252427184
time: 3599.87966299057
preprocess_time: 0.135785
sepa_time: 0.0
node: 85971
formulation: LEFPD