instance: K400.red
obj: 1523.0
bound: 1486.0
gap: 0.024294156270518712
time: 7198.4094479084015
preprocess_time: 1.597881
sepa_time: 0.0
node: 201915
formulation: LEFPAI