instance: K400.3.con.red
obj: 1381.0
bound: 1335.0
gap: 0.0333091962346126
time: 3599.8365318775177
preprocess_time: 0.180728
sepa_time: 0.0
node: 47673
formulation: LEFPD