instance: K400.4.red
obj: 207.0
bound: 101.52527347813572
gap: 0.5095397416512721
time: 1800.7081649303436
preprocess_time: 0.206612
node: 620
algo: RF