instance: K400.red
obj: 1524.0
bound: 1484.0
gap: 0.026246719160104987
time: 3598.5931758880615
preprocess_time: 1.419925
sepa_time: 0.0
node: 205630
formulation: LEFPV