instance: K400.10.con.red
obj: 149.0
bound: 19.141134076992124
gap: 0.8715360129055082
time: 3601.2708320617676
preprocess_time: 0.119099
node: 513
formulation: LEVFP