instance: K400.3.con.red
obj: 67.0
bound: 20.053654815250376
gap: 0.7006917191743217
time: 1800.2912240028381
preprocess_time: 0.237287
node: 94
algo: EFP