instance: K400.1.con.red
obj: 58.0
bound: 47.0
gap: 0.1896551724137931
time: 7199.075491905212
preprocess_time: 0.935488
sepa_time: 0.0
node: 10776
formulation: LEFP