instance: K400.9.con.red
obj: 45.0
bound: 31.0
gap: 0.3111111111111111
time: 3599.8555901050568
preprocess_time: 0.155856
sepa_time: 5.0e-324
node: 757
formulation: LEVFP