instance: K400.10.con.red
obj: 1373.0
bound: 75.49249203067015
gap: 0.9450163932769376
time: 1800.1618468761444
preprocess_time: 0.354467
node: 0
algo: EFP