instance: K400.7.con.red
obj: 301.9999997795894
bound: 170.9620188459504
gap: 0.43390059943454273
time: 3604.020176887512
preprocess_time: 0.427161
node: 12896
formulation: LEFPI