instance: K400.10.con.red
obj: 1565.0
bound: 1513.0
gap: 0.033226837060702875
time: 3598.9602501392365
preprocess_time: 1.047931
sepa_time: 0.0
node: 49521
formulation: LEFPD