instance: K400.9.con.red
obj: 44.0
bound: 31.0
gap: 0.29545454545454547
time: 3599.659215927124
preprocess_time: 0.382498
node: 8768
formulation: LEFPV