instance: K400.6.con.red
obj: 40.0
bound: 29.0
gap: 0.275
time: 7198.435611963272
preprocess_time: 1.594508
sepa_time: 3.502165087394013e14
node: 3504
formulation: LEFPAV