instance: K400.10.con.red
obj: 1519.0
bound: 1483.0
gap: 0.02369980250164582
time: 7198.068133115768
preprocess_time: 1.937638
sepa_time: 0.0
node: 225718
formulation: LEFPAI