instance: K400.3.con.red
obj: 37.0
bound: 29.0
gap: 0.21621621621621623
time: 7198.099662065506
preprocess_time: 1.917918
sepa_time: 0.0
node: 13820
formulation: LEFPAI