instance: K400.4.red
obj: 1280.0
bound: 1128.0
gap: 0.11875
time: 3596.7446620464325
preprocess_time: 3.358092
sepa_time: 0.0
node: 10370
formulation: EFP