instance: K400.3.con.red
obj: 1336.0
bound: 1301.0
gap: 0.02619760479041916
time: 7198.672523021698
preprocess_time: 1.342673
sepa_time: 0.0
node: 387322
formulation: LEFP