instance: K400.10.con.red
obj: 40.0
bound: 26.0
gap: 0.35
time: 7199.839684963226
preprocess_time: 0.168675
sepa_time: 0.0
node: 10233
formulation: EFP