instance: K400.7.con.red
obj: 257.0
bound: 19.528843748518444
gap: 0.92401228113381
time: 1800.4497499465942
preprocess_time: 0.108385
node: 43
algo: SF