instance: K400.5.con.red
obj: 78.0
bound: 17.929070774046863
gap: 0.7701401182804631
time: 1800.491026878357
preprocess_time: 0.15886
node: 40
algo: ESF