instance: K400.10.con.red
obj: 1543.0
bound: 1361.0
gap: 0.11795204147764096
time: 7195.35813498497
preprocess_time: 4.729466
sepa_time: 0.0
node: 45520
formulation: EFP