instance: K400.9.con.red
obj: 176.0
bound: 141.0
gap: 0.19886363636363635
time: 3599.6272552013397
preprocess_time: 0.391158
node: 10244
formulation: LEFPI