instance: K400.3.con.red
obj: 43.0
bound: 31.0
gap: 0.27906976744186046
time: 7198.661023855209
preprocess_time: 1.350953
sepa_time: 2.6246233329943594e14
node: 10231
formulation: LEFPV