instance: K400.5.con.red
obj: 1329.0
bound: 1290.0
gap: 0.029345372460496615
time: 3599.6575770378113
preprocess_time: 0.351727
sepa_time: 0.0
node: 212005
formulation: LEFPV2