instance: K400.7.con.red
obj: 288.0
bound: 23.537098166524558
gap: 0.9182739646992486
time: 1800.4501287937164
preprocess_time: 0.167526
node: 11
algo: RF