instance: K400.3.con.red
obj: 658.0
bound: 69.13428958780341
gap: 0.8949326905959073
time: 1800.5757839679718
preprocess_time: 0.342895
node: 0
algo: EFP