instance: K400.10.con.red
obj: 0.0
bound: 0.0
gap: 0.0
time: 94.54795908927917
preprocess_time: 0.333799
node: 0
algo: EVFP0