instance: K400.5.con.red
obj: 60.0
bound: 21.970495019558932
gap: 0.6338250830062947
time: 3604.053951025009
preprocess_time: 0.152956
node: 2335
formulation: EFP