instance: K400.7.con.red
obj: 944.0
bound: 20.655290389573327
gap: 0.9781193957736534
time: 1800.358146905899
preprocess_time: 0.25455
node: 0
algo: EFP0