instance: K400.2.red
obj: 39.0
bound: 26.0
gap: 0.3333333333333333
time: 7198.8472402095795
preprocess_time: 1.160615
sepa_time: 0.0
node: 2325
formulation: LEFPAD