instance: K400.3.con.red
obj: 36.0
bound: 30.0
gap: 0.16666666666666666
time: 7199.168343067169
preprocess_time: 1.153015
sepa_time: 0.0
node: 10390
formulation: LEFPA