instance: K400.6.con.red
obj: 1717.0
bound: 1681.0
gap: 0.020966802562609202
time: 7198.441725969315
preprocess_time: 1.570489
sepa_time: 0.0
node: 222467
formulation: LEFPA