instance: K400.2.red
obj: 1581.0
bound: 1537.0
gap: 0.027830487033523088
time: 7198.895483016968
preprocess_time: 1.106143
sepa_time: 0.0
node: 244019
formulation: LEFPAI