instance: K400.2.red
org_node: 228
org_edge: 948
org_min_len: 0.004557176670081605
org_avg_len: 0.23443750923233359
org_max_len: 1.0
dtf_node: 305
dtf_edge: 1025
dtf_min_len: 0.0022456680243690408
dtf_avg_len: 0.21682610609975836
dtf_max_len: 1.0
sdb_node: 311
sdb_edge: 1031
sdb_min_len: 0.0022456680243690408
sdb_avg_len: 0.21556426649103042
sdb_max_len: 0.4688745495896487
dlt: 0.46887501846466717
formulation: None