instance: K400.5.con.red
obj: 39.0
bound: 28.0
gap: 0.28205128205128205
time: 7198.4955241680145
preprocess_time: 1.522143
sepa_time: 0.0
node: 10418
formulation: LEFPAI