instance: K400.6.con.red
obj: 50.0
bound: 31.0
gap: 0.38
time: 3598.5739130973816
preprocess_time: 1.443207
sepa_time: 0.0
node: 2935
formulation: LEFPI