instance: K400.9.con.red
obj: 1395.0
bound: 1359.0
gap: 0.025806451612903226
time: 3599.6392951011658
preprocess_time: 0.364424
sepa_time: 0.0
node: 96354
formulation: LEFPI