instance: K400.2.red
obj: 732.0
bound: 116.8723076707791
gap: 0.8403383774988209
time: 1800.407361984253
preprocess_time: 0.23462
node: 0
algo: RF