instance: K400.4.red
obj: 35.0
bound: 25.0
gap: 0.2857142857142857
time: 7200.991142034531
preprocess_time: 0.149605
sepa_time: 0.0
node: 10298
formulation: EFP