instance: K400.6.con.red
obj: 51.0
bound: 32.0
gap: 0.37254901960784315
time: 3599.6101949214935
preprocess_time: 0.402349
node: 559
formulation: LEFPD