instance: K400.9.con.red
obj: 1275.0
bound: 17.173185260962036
gap: 0.9865308350893641
time: 1800.8348271846771
preprocess_time: 0.207274
node: 0
formulation: EVFP