instance: K400.7.con.red
obj: 172.0
bound: 129.0
gap: 0.25
time: 3599.589618206024
preprocess_time: 0.42064
node: 1191
formulation: LEVFP