instance: K400.red
obj: 88.00000007380234
bound: 26.62189750392989
gap: 0.6974784377082632
time: 1732.6104879379272
preprocess_time: 68.097702
node: 0
algo: EFPV