instance: K400.3.con.red
obj: 59.0
bound: 20.053655158219883
gap: 0.6601075396900696
time: 1800.284658908844
preprocess_time: 0.193303
node: 148
formulation: EFP