instance: K400.1.con.red
obj: 1029.9999983356781
bound: 853.0
gap: 0.17184465885600286
time: 3597.3813569545746
preprocess_time: 2.654663
sepa_time: 0.0
node: 3113
formulation: EVFP