instance: K400.3.con.red
obj: 941.0
bound: 902.0
gap: 0.04144527098831031
time: 3599.618633031845
preprocess_time: 0.386585
sepa_time: 1.5e-323
node: 28327
formulation: LEVFP