instance: K400.8.con.red
obj: 43.0
bound: 27.0
gap: 0.37209302325581395
time: 7198.028764009476
preprocess_time: 1.987935
sepa_time: 0.0
node: 1801
formulation: LEFPAD