instance: K400.6.con.red
obj: 49.0
bound: 31.0
gap: 0.3673469387755102
time: 3599.5924351215363
preprocess_time: 0.424454
node: 1068
formulation: LEFPI