instance: K400.1.con.red
obj: 1029.0
bound: 823.0
gap: 0.2001943634596696
time: 3597.5701410770416
preprocess_time: 2.483934
sepa_time: 0.0
node: 10451
formulation: EFP