instance: K400.7.con.red
obj: 1434.0
bound: 1284.0
gap: 0.10460251046025104
time: 7195.807713031769
preprocess_time: 4.231561
sepa_time: 0.0
node: 25160
formulation: EFP