instance: K400.6.con.red
obj: 1583.0
bound: 70.70463713944204
gap: 0.9553350365511449
time: 1800.1160321235657
preprocess_time: 0.347072
node: 0
algo: ERF