instance: K400.10.con.red
obj: 169.0
bound: 130.0
gap: 0.23076923076923078
time: 3599.634526014328
preprocess_time: 0.371318
node: 1522
formulation: LEVFP