instance: K400.8.con.red
obj: 1046.0
bound: 19.86362041965225
gap: 0.9810099231168734
time: 1800.583317041397
preprocess_time: 0.199859
node: 0
formulation: EFPI