instance: K400.1.con.red
obj: 1389.0
bound: 1349.0
gap: 0.028797696184305256
time: 7199.890387058258
preprocess_time: 0.129264
sepa_time: 1.635e-321
node: 331438
formulation: LEVFP