instance: K400.10.con.red
obj: 1524.0
bound: 1478.0
gap: 0.030183727034120734
time: 3599.871798992157
preprocess_time: 0.141811
sepa_time: 0.0
node: 130261
formulation: LEFP