instance: K400.3.con.red
obj: 62.0
bound: 26.591176383307513
gap: 0.5711100583328287
time: 3602.4363119602203
preprocess_time: 0.14422
node: 596
formulation: LEVFP