instance: K400.4.red
obj: 286.0
bound: 63.49022589208042
gap: 0.778006203174272
time: 1800.6795971393585
preprocess_time: 0.237291
node: 33
formulation: EVFP