instance: K400.2.red
obj: 41.0
bound: 39.99999999999997
gap: 0.02439024390238023
time: 221.00382208824158
preprocess_time: 0.141093
node: 1249
algo: SFD