instance: K400.9.con.red
obj: 1012.0
bound: 970.0
gap: 0.041501976284584984
time: 3599.6213619709015
preprocess_time: 0.386103
sepa_time: 0.0
node: 38851
formulation: LEFPI