instance: K400.3.con.red
obj: 43.0
bound: 29.0
gap: 0.32558139534883723
time: 3599.867758989334
preprocess_time: 0.144039
sepa_time: 0.0
node: 9466
formulation: LEFPI