instance: K400.8.con.red
obj: 1637.0
bound: 1598.0
gap: 0.023824068417837508
time: 7198.519325971603
preprocess_time: 1.489219
sepa_time: 0.0
node: 164334
formulation: LEFPAI