instance: K400.6.con.red
obj: 2372.0
bound: 67.80414928976714
gap: 0.9714147768592477
time: 1800.5104789733887
preprocess_time: 0.311015
node: 0
algo: EVFP0