instance: K400.7.con.red
obj: 1434.0
bound: 1311.0
gap: 0.08577405857740586
time: 3597.206429004669
preprocess_time: 3.106268
sepa_time: 6.94277260266274e-310
node: 3048
formulation: EVFP