instance: K400.red
obj: 44.0
bound: 29.0
gap: 0.3409090909090909
time: 7199.858114957809
preprocess_time: 0.152249
sepa_time: 5.0e-324
node: 2520
formulation: LEVFP