instance: K400.7.con.red
obj: 1435.0
bound: 1310.0
gap: 0.08710801393728224
time: 3595.8608980178833
preprocess_time: 4.154528
sepa_time: 0.0
node: 3009
formulation: EVFP