instance: K400.5.con.red
obj: 297.0
bound: 20.279946230793367
gap: 0.9317173527579579
time: 1800.3748230934143
preprocess_time: 0.257011
node: 47
algo: EVFPL