instance: K400.8.con.red
obj: 794.0
bound: 66.38733262427687
gap: 0.9163887498433646
time: 1799.9936609268188
preprocess_time: 0.306874
node: 0
algo: F