instance: K400.3.con.red
obj: 1110.0
bound: 146.67532370451846
gap: 0.8678600687345899
time: 3603.7659120559692
preprocess_time: 0.41855
node: 42802
formulation: LEFPDB