instance: K400.red
obj: 348.0
bound: 102.9400040675559
gap: 0.7041953906102693
time: 3603.250402212143
preprocess_time: 0.457624
node: 622
formulation: LEVFP