instance: K400.1.con.red
obj: 192.0
bound: 131.93794865486728
gap: 0.31282318408907
time: 3602.0382800102234
preprocess_time: 0.119855
node: 2740
formulation: LEVFP