instance: K400.9.con.red
obj: 456.0
bound: 73.77792156549435
gap: 0.8382063123561883
time: 1800.0077238082886
preprocess_time: 0.205824
node: 207
algo: EVFPV