instance: K400.9.con.red
obj: 1395.0
bound: 1360.0
gap: 0.025089605734767026
time: 7198.489225149155
preprocess_time: 1.521892
sepa_time: 0.0
node: 338590
formulation: LEFPA