instance: K400.10.con.red
obj: 1522.0
bound: 1474.0
gap: 0.03153745072273324
time: 7198.673833847046
preprocess_time: 1.339938
sepa_time: 0.0
node: 84576
formulation: LEFPD