instance: K400.10.con.red
obj: 40.0
bound: 25.0
gap: 0.375
time: 7199.857626914978
preprocess_time: 0.154676
sepa_time: 6.93801546989793e-310
node: 1373
formulation: LEVFP