instance: K400.1.con.red
obj: 58.0
bound: 46.0
gap: 0.20689655172413793
time: 3599.8635499477386
preprocess_time: 0.14412
sepa_time: 0.0
node: 1099
formulation: LEVFP