instance: K400.1.con.red
obj: 1389.0
bound: 1349.0
gap: 0.028797696184305256
time: 7199.92352104187
preprocess_time: 0.088319
sepa_time: 0.0
node: 353719
formulation: LEVFP