instance: K400.7.con.red
obj: 42.0
bound: 29.0
gap: 0.30952380952380953
time: 7199.855509996414
preprocess_time: 0.152539
sepa_time: 5.34e-322
node: 1712
formulation: LEVFP