instance: K400.3.con.red
obj: 44.0
bound: 30.0
gap: 0.3181818181818182
time: 3599.8843290805817
preprocess_time: 0.144392
node: 2941
formulation: LEFPV