instance: K400.2.red
obj: 1576.0
bound: 1536.0
gap: 0.025380710659898477
time: 7198.15251994133
preprocess_time: 1.861318
sepa_time: 5.4400703762301144e14
node: 386134
formulation: LEFPAV