instance: K400.7.con.red
obj: 42.0
bound: 28.0
gap: 0.3333333333333333
time: 7198.6568949222565
preprocess_time: 1.450044
sepa_time: 3.5472008574946425e14
node: 10270
formulation: LEFPAV