instance: K400.4.red
obj: 1263.0
bound: 1226.0
gap: 0.02929532858273951
time: 3599.8911900520325
preprocess_time: 0.120463
sepa_time: 0.0
node: 130959
formulation: LEFP