instance: K400.7.con.red
obj: 404.0
bound: 112.20084790472762
gap: 0.7222751289485152
time: 3602.0009241104126
preprocess_time: 0.196727
node: 510
formulation: LEVFP