instance: K400.8.con.red
obj: 1046.0
bound: 19.833802094751086
gap: 0.9810384301196471
time: 1800.3637030124664
preprocess_time: 0.182936
node: 0
algo: ESF