instance: K400.1.con.red
obj: 251.0
bound: 27.026449368391106
gap: 0.892324902914421
time: 1800.260036945343
preprocess_time: 0.104276
node: 433
algo: SF