instance: K400.3.con.red
obj: 451.0
bound: 63.49615447731127
gap: 0.859210300493576
time: 1800.1290171146393
preprocess_time: 0.242572
node: 0
algo: SF