instance: K400.10.con.red
obj: 41.99999999387294
bound: 25.0
gap: 0.40476190467507
time: 3599.887976884842
preprocess_time: 0.124293
node: 1520
formulation: LEFPD