instance: K400.10.con.red
obj: 41.0
bound: 24.0
gap: 0.4146341463414634
time: 3599.691306114197
preprocess_time: 0.394578
sepa_time: 0.0
node: 6390
formulation: LEFPI