instance: K400.6.con.red
obj: 47.0
bound: 32.0
gap: 0.3191489361702128
time: 3599.7326879501343
preprocess_time: 0.415727
sepa_time: 2.121995791e-314
node: 791
formulation: EVFP