instance: K400.7.con.red
obj: 1420.0
bound: 1385.0
gap: 0.02464788732394366
time: 3598.595775127411
preprocess_time: 1.414957
sepa_time: 0.0
node: 181598
formulation: LEFP