instance: K400.1.con.red
obj: 1390.0
bound: 1346.0
gap: 0.031654676258992806
time: 7198.919079065323
preprocess_time: 1.083833
sepa_time: 0.0
node: 532968
formulation: LEFPAI