instance: K400.10.con.red
obj: 1002.0
bound: 16.11501658507885
gap: 0.9839171491165896
time: 1800.4001500606537
preprocess_time: 0.224091
node: 0
algo: EFP0