instance: K400.3.con.red
obj: 1340.0
bound: 1303.0
gap: 0.027611940298507463
time: 3599.0210959911346
preprocess_time: 0.984414
sepa_time: 0.0
node: 219291
formulation: LEFP