instance: K400.10.con.red
obj: 40.0
bound: 25.0
gap: 0.375
time: 7200.072471141815
preprocess_time: 1.074164
sepa_time: 0.0
node: 10273
formulation: LEFPV