instance: K400.5.con.red
obj: 1328.0
bound: 1290.0
gap: 0.0286144578313253
time: 3599.915987968445
preprocess_time: 0.092816
sepa_time: 0.0
node: 221267
formulation: LEFPV