instance: K400.red
obj: 44.0
bound: 29.0
gap: 0.3409090909090909
time: 7199.861684799194
preprocess_time: 0.151339
sepa_time: 5.0e-324
node: 2610
formulation: LEVFP