instance: K400.1.con.red
obj: 247.0
bound: 131.17864164819912
gap: 0.46891238199090685
time: 1800.3345880508423
preprocess_time: 0.171502
node: 910
algo: RF