instance: K400.7.con.red
obj: 42.0
bound: 29.0
gap: 0.30952380952380953
time: 7198.861446857452
preprocess_time: 1.14502
sepa_time: 4.651533366244044e14
node: 5101
formulation: LEFPAV