instance: K400.10.con.red
obj: 40.0
bound: 25.0
gap: 0.375
time: 7201.161583900452
preprocess_time: 0.108774
sepa_time: 0.0
node: 10429
formulation: EFP