instance: K400.9.con.red
obj: 1396.0
bound: 1362.0
gap: 0.024355300859598854
time: 3598.608190059662
preprocess_time: 1.402564
sepa_time: 0.0
node: 200387
formulation: LEFPV2