instance: K400.9.con.red
obj: 381.0
bound: 119.87615573302963
gap: 0.6853644206480363
time: 1752.3216669559479
preprocess_time: 48.647071
node: 0
algo: EFPV