instance: K400.5.con.red
obj: 162.0
bound: 125.0
gap: 0.22839506172839505
time: 3599.8223869800568
preprocess_time: 0.185373
sepa_time: 0.0
node: 7032
formulation: LEFPV2