instance: K400.4.red
obj: 35.0
bound: 25.0
gap: 0.2857142857142857
time: 7199.844441890717
preprocess_time: 0.162179
sepa_time: 0.0
node: 10342
formulation: EFP