instance: K400.5.con.red
obj: 1329.0
bound: 1297.0
gap: 0.024078254326561323
time: 7199.891794919968
preprocess_time: 0.118495
sepa_time: 0.0
node: 375629
formulation: LEVFP