instance: K400.7.con.red
obj: 42.0
bound: 29.0
gap: 0.30952380952380953
time: 7198.839724063873
preprocess_time: 1.168086
sepa_time: 0.0
node: 9713
formulation: LEFPA