instance: K400.red
obj: 1275.0
bound: 18.51770448856686
gap: 0.9854763102049683
time: 1800.205335855484
preprocess_time: 0.233706
node: 23
algo: EVFP0