instance: K400.red
obj: 62.00000074549995
bound: 19.618397000172134
gap: 0.6835742457363693
time: 1800.3239262104034
preprocess_time: 0.18571
node: 66
algo: ESF