instance: K400.8.con.red
obj: 44.0
bound: 28.0
gap: 0.36363636363636365
time: 7199.914597988129
preprocess_time: 0.122788
sepa_time: 0.0
node: 5908
formulation: EFP