instance: K400.4.red
obj: 38.0
bound: 24.0
gap: 0.3684210526315789
time: 3598.628711938858
preprocess_time: 1.403221
sepa_time: 0.0
node: 4344
formulation: LEFPV