instance: K400.10.con.red
obj: 289.0
bound: 17.410741420808954
gap: 0.9397552199968757
time: 1800.2151610851288
preprocess_time: 0.166688
node: 22
algo: RF