instance: K400.2.red
obj: 1138.9999941063497
bound: 1078.0
gap: 0.05355574576118399
time: 3599.6308929920197
preprocess_time: 0.395377
sepa_time: 0.0
node: 11160
formulation: LEFPD