instance: K400.1.con.red
obj: 57.0
bound: 46.0
gap: 0.19298245614035087
time: 7199.005763053894
preprocess_time: 1.001018
sepa_time: 0.0
node: 10204
formulation: LEFPD