instance: K400.2.red
obj: 433.0
bound: 72.95101300064645
gap: 0.831521909929031
time: 1800.4717848300934
preprocess_time: 0.389499
node: 0
formulation: EVFP