instance: K400.7.con.red
obj: 281.0
bound: 107.78068915859407
gap: 0.6164388286168836
time: 1800.4143271446228
preprocess_time: 0.192619
node: 120
algo: RF