instance: K400.red
obj: 1034.0
bound: 984.0
gap: 0.048355899419729204
time: 3599.8509221076965
preprocess_time: 0.163381
sepa_time: 0.0
node: 77385
formulation: LEFPV2