instance: K400.2.red
obj: 1577.0
bound: 1533.0
gap: 0.027901077996195307
time: 3599.874713897705
preprocess_time: 0.145295
sepa_time: 0.0
node: 100351
formulation: LEFPV2