instance: K400.10.con.red
obj: 1543.0
bound: 1361.0
gap: 0.11795204147764096
time: 7195.408716917038
preprocess_time: 4.682315
sepa_time: 0.0
node: 47878
formulation: EFP