instance: K400.10.con.red
obj: 39.0
bound: 26.0
gap: 0.3333333333333333
time: 7199.969372987747
preprocess_time: 0.160243
sepa_time: 0.0
node: 10214
formulation: EFP