instance: K400.red
obj: 1.0
bound: 0.0
gap: 0.9999999999
time: 64.98655295372009
preprocess_time: 0.187817
node: 0
algo: EVFPV