instance: K400.2.red
obj: 1576.0
bound: 1536.0
gap: 0.025380710659898477
time: 7199.921551942825
preprocess_time: 0.08625
sepa_time: 0.0
node: 198388
formulation: LEVFP