instance: K400.10.con.red
obj: 1373.0
bound: 74.46249165440986
gap: 0.9457665756340099
time: 1799.9683520793915
preprocess_time: 0.414543
node: 0
algo: ERF