instance: K400.2.red
obj: 176.0
bound: 138.0
gap: 0.2159090909090909
time: 3599.7482068538666
preprocess_time: 0.262247
sepa_time: 0.0
node: 1404
formulation: EVFP