instance: K400.6.con.red
obj: 1742.0
bound: 1559.0
gap: 0.10505166475315729
time: 7194.5725021362305
preprocess_time: 5.543836
sepa_time: 0.0
node: 32065
formulation: EFP