instance: K400.1.con.red
obj: 482.0
bound: 119.18719153580071
gap: 0.7527236690127055
time: 1756.850828886032
preprocess_time: 43.952585
node: 500
algo: EFPV