instance: K400.4.red
obj: 37.0
bound: 26.0
gap: 0.2972972972972973
time: 7198.871706008911
preprocess_time: 1.138063
sepa_time: 0.0
node: 6841
formulation: LEFPA