instance: K400.3.con.red
obj: 663.0
bound: 67.74865672658223
gap: 0.8978149973956681
time: 1800.2169971466064
preprocess_time: 0.393919
node: 99
algo: ERF