instance: K400.10.con.red
obj: 0.0
bound: 0.0
gap: 0.0
time: 68.67398190498352
preprocess_time: 0.272737
node: 0
algo: EVFPV