instance: K400.9.con.red
obj: 963.0
bound: 17.56099944075815
gap: 0.9817642788776154
time: 1650.5760610103607
preprocess_time: 153.805135
node: 0
algo: EFPV