instance: K400.2.red
obj: 1575.0
bound: 1535.0
gap: 0.025396825396825397
time: 7199.016219139099
preprocess_time: 0.991836
sepa_time: 0.0
node: 304310
formulation: LEFP