instance: K400.8.con.red
obj: 1501.0
bound: 70.52403003343407
gap: 0.9530153031089078
time: 1800.1102368831635
preprocess_time: 0.467552
node: 0
formulation: EFPI