instance: K400.5.con.red
obj: 182.0
bound: 182.0
gap: 0.0
time: 43.57640099525452
preprocess_time: 0.26223
node: 550
algo: SFD