instance: K400.8.con.red
obj: 47.0
bound: 27.0
gap: 0.425531914893617
time: 7200.1359322071075
preprocess_time: 0.170434
sepa_time: 0.0
node: 1226
formulation: LEVFP