instance: K400.red
obj: 1525.0
bound: 1485.0
gap: 0.02622950819672131
time: 3599.890911102295
preprocess_time: 0.123357
sepa_time: 3.626e-321
node: 83820
formulation: LEVFP