instance: K400.10.con.red
obj: 1564.0
bound: 1512.0
gap: 0.03324808184143223
time: 3599.879455089569
preprocess_time: 0.139912
sepa_time: 0.0
node: 45006
formulation: LEFPD