instance: K400.5.con.red
obj: 935.0
bound: 899.0
gap: 0.038502673796791446
time: 3599.6517341136932
preprocess_time: 0.363757
sepa_time: 0.0
node: 74106
formulation: LEVFP