instance: K400.7.con.red
obj: 688.0
bound: 76.52253314514584
gap: 0.8887753878702983
time: 1800.1765809059143
preprocess_time: 0.391399
node: 0
formulation: EFP