instance: K400.8.con.red
org_node: 235
org_edge: 987
org_min_len: 0.0012628985060834745
org_avg_len: 0.20031501464206397
org_max_len: 1.0
dtf_node: 337
dtf_edge: 1089
dtf_min_len: 6.760783052783131e-5
dtf_avg_len: 0.1815527267692536
dtf_max_len: 1.0
sdb_node: 3682
sdb_edge: 4434
sdb_min_len: 0.0012628985060834745
sdb_avg_len: 0.04458974277215123
sdb_max_len: 0.050069305405821656
dlt: 0.05007875366051599
formulation: None