instance: K400.red
obj: 43.0
bound: 28.0
gap: 0.3488372093023256
time: 3599.849086999893
preprocess_time: 0.158867
node: 7044
formulation: LEFPV