instance: K400.3.con.red
obj: 622.0
bound: 97.1337533612965
gap: 0.8438364093868473
time: 1800.5720620155334
preprocess_time: 0.175663
node: 0
algo: ESFV