instance: K400.10.con.red
obj: 289.0
bound: 18.37997790278271
gap: 0.9364014605436806
time: 1800.118350982666
preprocess_time: 0.168933
node: 25
algo: RF