instance: K400.10.con.red
obj: 41.0
bound: 25.0
gap: 0.3902439024390244
time: 7198.160665988922
preprocess_time: 1.875367
sepa_time: 0.0
node: 1829
formulation: LEFPAD