instance: K400.7.con.red
obj: 0.0
bound: 0.0
gap: 0.0
time: 40.6157808303833
preprocess_time: 0.185415
node: 0
algo: EVFP