instance: K400.10.con.red
obj: 1541.0
bound: 1393.0
gap: 0.09604153147306943
time: 3595.175956964493
preprocess_time: 4.840918
sepa_time: 0.0
node: 2960
formulation: EVFP