instance: K400.6.con.red
obj: 1748.0
bound: 1575.0
gap: 0.09897025171624714
time: 3594.5182580947876
preprocess_time: 5.797247
sepa_time: 2.121995791e-314
node: 2810
formulation: EVFP