instance: K400.1.con.red
obj: 1.0
bound: 0.0
gap: 0.9999999999
time: 832.72043800354
preprocess_time: 0.340705
node: 1210
algo: EVFPV