instance: K400.7.con.red
org_node: 225
org_edge: 867
org_min_len: 0.004921962664490462
org_avg_len: 0.17881716175438125
org_max_len: 1.0
dtf_node: 346
dtf_edge: 988
dtf_min_len: 0.00015447098506674722
dtf_avg_len: 0.15691748911037287
dtf_max_len: 1.0
sdb_node: 3266
sdb_edge: 3908
sdb_min_len: 0.004921962664490462
sdb_avg_len: 0.03967105405349275
sdb_max_len: 0.044697201536944474
dlt: 0.044704290438595314
formulation: None