instance: K400.5.con.red
obj: 1329.0
bound: 1286.0
gap: 0.03235515425131678
time: 7198.571888923645
preprocess_time: 1.440704
sepa_time: 0.0
node: 105691
formulation: LEFPAD