instance: K400.1.con.red
obj: 951.0
bound: 35.62088341306004
gap: 0.9625437608694466
time: 1620.983705997467
preprocess_time: 180.198581
node: 0
formulation: EFPV