instance: K400.9.con.red
obj: 1396.0
bound: 1362.0
gap: 0.024355300859598854
time: 7198.602334022522
preprocess_time: 1.408554
sepa_time: 4.287831536059124e14
node: 322162
formulation: LEFPV