instance: K400.6.con.red
obj: 197.0
bound: 192.66666666666643
gap: 0.021996615905235384
time: 1801.0385949611664
preprocess_time: 0.363341
node: 18098
algo: SFD