instance: K400.7.con.red
obj: 1419.0
bound: 1387.0
gap: 0.02255109231853418
time: 7199.819876909256
preprocess_time: 0.191179
sepa_time: 0.0
node: 157766
formulation: LEVFP