instance: K400.10.con.red
obj: 1534.0
bound: 1372.0
gap: 0.10560625814863103
time: 7195.304925203323
preprocess_time: 4.712319
sepa_time: 0.0
node: 10871
formulation: EFP