instance: K400.8.con.red
obj: 45.0
bound: 27.0
gap: 0.4
time: 3599.6100380420685
preprocess_time: 0.396956
node: 1584
formulation: LEFPI