instance: K400.2.red
obj: 773.0
bound: 115.81433695714375
gap: 0.850175501995823
time: 1800.546823978424
preprocess_time: 0.217986
node: 14
algo: EVFPL