instance: K400.3.con.red
obj: 42.0
bound: 31.0
gap: 0.2619047619047619
time: 7198.479887008667
preprocess_time: 1.577693
sepa_time: 2.4901117599104988e14
node: 10437
formulation: LEFPAV