instance: K400.3.con.red
obj: 869.0
bound: 20.326538120360105
gap: 0.9766092771916481
time: 1800.5396749973297
preprocess_time: 0.102184
node: 60
algo: ESF