instance: K400.4.red
obj: 213.0
bound: 14.77910654512473
gap: 0.9306145232618883
time: 1800.2485129833221
preprocess_time: 0.155403
node: 0
algo: EVFPV