instance: K400.3.con.red
obj: 64.0
bound: 25.01983583773297
gap: 0.6090650650344707
time: 1800.2404549121857
preprocess_time: 0.105056
node: 580
algo: RF