instance: K400.5.con.red
org_node: 220
org_edge: 799
org_min_len: 0.009718755200532534
org_avg_len: 0.23581390534140384
org_max_len: 1.0
dtf_node: 285
dtf_edge: 864
dtf_min_len: 9.840566126195771e-5
dtf_avg_len: 0.21807327588863623
dtf_max_len: 1.0
sdb_node: 295
sdb_edge: 874
sdb_min_len: 9.840566126195771e-5
sdb_avg_len: 0.21557815831553964
sdb_max_len: 0.471627339054997
dlt: 0.4716278106828077
formulation: None