instance: K400.2.red
obj: 1577.0
bound: 1535.0
gap: 0.02663284717818643
time: 7198.999006032944
preprocess_time: 1.00313
sepa_time: 0.0
node: 408299
formulation: LEFPI