instance: K400.9.con.red
obj: 60.0
bound: 39.378650641634685
gap: 0.3436891559721824
time: 3604.2336530685425
preprocess_time: 0.123848
node: 5328
formulation: LEFP