instance: K400.6.con.red
obj: 282.0
bound: 19.521268386710258
gap: 0.930775644018428
time: 1800.2509961128235
preprocess_time: 0.248391
node: 0
algo: EVFPV