instance: K400.3.con.red
obj: 1350.0
bound: 1202.0
gap: 0.10962962962962963
time: 7197.164713144302
preprocess_time: 2.884357
sepa_time: 0.0
node: 35032
formulation: EFP