instance: K400.1.con.red
obj: 951.0
bound: 34.74571543580088
gap: 0.9634640216236622
time: 1641.3459868431091
preprocess_time: 159.374575
node: 0
algo: EFPV