instance: K400.5.con.red
obj: 1326.9999999898635
bound: 1294.0
gap: 0.024868123579589698
time: 7198.668303966522
preprocess_time: 1.340996
sepa_time: 0.0
node: 795773
formulation: LEFP