instance: K400.5.con.red
obj: 1326.0
bound: 1296.0
gap: 0.02262443438914027
time: 7198.46679186821
preprocess_time: 1.536623
sepa_time: 0.0
node: 374774
formulation: LEFPAI