instance: K400.3.con.red
obj: 44.0
bound: 31.0
gap: 0.29545454545454547
time: 3598.589699983597
preprocess_time: 1.418503
sepa_time: 0.0
node: 5092
formulation: LEFP