instance: K400.9.con.red
obj: 175.0
bound: 142.0
gap: 0.18857142857142858
time: 3599.9208250045776
preprocess_time: 0.125221
sepa_time: 0.0
node: 7527
formulation: LEFPV2