instance: K400.8.con.red
obj: 181.0
bound: 172.70154116690904
gap: 0.045847838856830817
time: 1800.3045201301575
preprocess_time: 0.357255
node: 11401
algo: SFD