instance: K400.1.con.red
obj: 159.0
bound: 41.58236873210999
gap: 0.7384756683510452
time: 1800.6871149539948
preprocess_time: 0.162986
node: 510
algo: RF