instance: K400.8.con.red
obj: 1638.0
bound: 1589.0
gap: 0.029914529914529916
time: 7198.16609287262
preprocess_time: 1.847715
sepa_time: 0.0
node: 64607
formulation: LEFPAD