instance: K400.5.con.red
obj: 104.0
bound: 18.113193815194382
gap: 0.8258346748531061
time: 1800.3287398815155
preprocess_time: 0.241424
node: 33
algo: EFP