instance: K400.8.con.red
obj: 45.0
bound: 26.0
gap: 0.4222222222222222
time: 3599.8395359516144
preprocess_time: 0.172696
node: 4328
formulation: EFP