instance: K400.4.red
obj: 39.0
bound: 25.0
gap: 0.358974358974359
time: 3600.1398978233337
preprocess_time: 0.147476
node: 788
formulation: LEVFP