instance: K400.5.con.red
obj: 41.0
bound: 27.0
gap: 0.34146341463414637
time: 3599.8642320632935
preprocess_time: 0.15031
node: 1006
formulation: LEFPV