instance: K400.red
obj: 1037.0
bound: 983.0
gap: 0.052073288331726135
time: 3599.622531890869
preprocess_time: 0.3818
sepa_time: 0.0
node: 48841
formulation: LEFPI