instance: K400.6.con.red
obj: 0.0
bound: 0.0
gap: 0.0
time: 94.98591589927673
preprocess_time: 0.470869
node: 0
algo: EVFP0