instance: K400.4.red
obj: 39.0
bound: 23.0
gap: 0.41025641025641024
time: 3599.6457459926605
preprocess_time: 0.381268
sepa_time: 0.0
node: 6755
formulation: LEFPI