instance: K400.red
obj: 44.0
bound: 29.0
gap: 0.3409090909090909
time: 7198.8366820812225
preprocess_time: 1.172749
sepa_time: 0.0
node: 3846
formulation: LEFPAD