instance: K400.9.con.red
obj: 42.0
bound: 30.0
gap: 0.2857142857142857
time: 3599.879877090454
preprocess_time: 0.1668
sepa_time: 0.0
node: 5801
formulation: LEFPV