instance: K400.9.con.red
obj: 703.0
bound: 703.0
gap: 0.0
time: 0.5427680015563965
preprocess_time: 1.523681
sepa_time: 0.0
node: 1
formulation: LEFPAD