instance: K400.4.red
obj: 1265.0
bound: 1233.0
gap: 0.025296442687747035
time: 3599.6657559871674
preprocess_time: 0.344356
sepa_time: 0.0
node: 59546
formulation: LEVFP