instance: K400.7.con.red
obj: 41.0
bound: 29.0
gap: 0.2926829268292683
time: 7198.198734998703
preprocess_time: 1.828796
sepa_time: 6.218763026668349e14
node: 10200
formulation: LEFPAV