instance: K400.2.red
obj: 1577.0
bound: 1533.0
gap: 0.027901077996195307
time: 3599.6446969509125
preprocess_time: 0.37184
sepa_time: 0.0
node: 106001
formulation: LEFPV