instance: K400.1.con.red
obj: 58.0
bound: 39.0
gap: 0.3275862068965517
time: 3599.8713989257812
preprocess_time: 0.171091
sepa_time: 5.0e-324
node: 912
formulation: EVFP