instance: K400.3.con.red
obj: 606.0
bound: 92.25832975556546
gap: 0.8477585317563527
time: 1800.28351688385
preprocess_time: 0.184982
node: 7
algo: RF