instance: K400.7.con.red
obj: 42.0
bound: 27.0
gap: 0.35714285714285715
time: 3598.583786010742
preprocess_time: 1.429902
sepa_time: 0.0
node: 6778
formulation: LEFP