instance: K400.10.con.red
obj: 1373.0
bound: 70.3069610033734
gap: 0.9487931820805038
time: 1800.1656041145325
preprocess_time: 0.291888
node: 80
algo: ERF