instance: K400.red
obj: 1542.0
bound: 1379.0
gap: 0.10570687418936446
time: 7196.442271947861
preprocess_time: 3.61926
sepa_time: 0.0
node: 44497
formulation: EFP