instance: K400.3.con.red
obj: 869.0
bound: 18.110269600931517
gap: 0.9791596437272388
time: 1800.2011189460754
preprocess_time: 0.094891
node: 168
algo: ERF