instance: K400.red
obj: 687.0
bound: 76.50209740591745
gap: 0.8886432352168758
time: 1799.6598629951477
preprocess_time: 0.701841
node: 0
algo: ESF