instance: K400.8.con.red
obj: 45.0
bound: 27.0
gap: 0.4
time: 7199.842195034027
preprocess_time: 0.16613
sepa_time: 0.0
node: 6916
formulation: EFP