instance: K400.10.con.red
obj: 39.0
bound: 26.0
gap: 0.3333333333333333
time: 7198.709598064423
preprocess_time: 1.298657
sepa_time: 0.0
node: 10287
formulation: LEFPA