instance: K400.1.con.red
obj: 183.0
bound: 145.0
gap: 0.20765027322404372
time: 3599.627242088318
preprocess_time: 0.398509
node: 8673
formulation: LEFPD