instance: K400.9.con.red
obj: 963.0
bound: 17.418235346596486
gap: 0.9819125281965787
time: 1800.2150588035583
preprocess_time: 0.198923
node: 28
algo: ERF