instance: K400.4.red
obj: 38.0
bound: 25.0
gap: 0.34210526315789475
time: 7199.8574340343475
preprocess_time: 0.152561
sepa_time: 0.0
node: 1358
formulation: LEVFP