instance: K400.2.red
obj: 182.0
bound: 138.0
gap: 0.24175824175824176
time: 3599.560611009598
preprocess_time: 0.452475
node: 2484
formulation: LEFPV