instance: K400.9.con.red
obj: 44.0
bound: 32.0
gap: 0.2727272727272727
time: 7198.464694023132
preprocess_time: 1.547054
sepa_time: 0.0
node: 1718
formulation: LEFPAD