instance: K400.red
obj: 474.0
bound: 71.61088323952609
gap: 0.8489221872582048
time: 1800.0696041584015
preprocess_time: 0.367938
node: 0
algo: EVFP0