instance: K400.7.con.red
obj: 42.0
bound: 29.0
gap: 0.30952380952380953
time: 7198.5672519207
preprocess_time: 1.467356
sepa_time: 0.0
node: 3248
formulation: LEFPAD