instance: K400.9.con.red
obj: 1393.0
bound: 1362.0
gap: 0.022254127781765973
time: 7199.85489487648
preprocess_time: 0.153064
sepa_time: 6.93713667704274e-310
node: 141630
formulation: LEVFP