instance: K400.1.con.red
obj: 57.0
bound: 45.0
gap: 0.21052631578947367
time: 3598.5838661193848
preprocess_time: 1.425371
sepa_time: 0.0
node: 6713
formulation: LEFPV2