instance: K400.7.con.red
obj: 442.0
bound: 102.86537254487668
gap: 0.7672729127942232
time: 1800.1686871051788
preprocess_time: 0.391298
node: 469
algo: ERF