instance: K400.2.red
obj: 1354.0
bound: 198.3334956417643
gap: 0.8535203134107462
time: 3605.201329946518
preprocess_time: 0.359504
node: 125922
formulation: LEFPDB