instance: K400.3.con.red
obj: 1.0
bound: 0.0
gap: 0.9999999999
time: 82.6273250579834
preprocess_time: 0.169902
node: 1049
algo: EVFPV