instance: K400.8.con.red
obj: 287.0
bound: 21.434405606887083
gap: 0.9253156599059944
time: 1800.5085480213165
preprocess_time: 0.126587
node: 0
algo: RF