instance: K400.2.red
obj: 1031.0
bound: 23.102400911716146
gap: 0.9775922396587644
time: 1707.8469259738922
preprocess_time: 93.052021
node: 0
algo: EFPV