instance: K400.10.con.red
obj: 1296.0
bound: 186.33762368505205
gap: 0.8562209693787518
time: 3605.630481004715
preprocess_time: 0.150715
node: 97193
formulation: LEFPDB