instance: K400.5.con.red
obj: 256.0
bound: 177.33619305499084
gap: 0.307280495878822
time: 3603.5084788799286
preprocess_time: 0.181801
node: 14842
formulation: LEFP