instance: K400.1.con.red
obj: 1390.0
bound: 1341.0
gap: 0.03525179856115108
time: 3599.6374468803406
preprocess_time: 0.368214
sepa_time: 0.0
node: 193268
formulation: LEFPI