instance: K400.10.con.red
obj: 1522.0
bound: 1483.0
gap: 0.025624178712220762
time: 3599.050942182541
preprocess_time: 0.955635
sepa_time: 0.0
node: 153930
formulation: LEFP