instance: K400.5.con.red
obj: 42.0
bound: 29.0
gap: 0.30952380952380953
time: 3600.089385032654
preprocess_time: 0.150427
sepa_time: 5.14e-322
node: 826
formulation: EVFP