instance: K400.8.con.red
obj: 1501.0
bound: 68.0378039818884
gap: 0.954671682890084
time: 1799.9943120479584
preprocess_time: 0.481279
node: 0
algo: ERF