instance: K400.8.con.red
obj: 47.0
bound: 28.0
gap: 0.40425531914893614
time: 7198.601124048233
preprocess_time: 1.443106
sepa_time: 0.0
node: 1587
formulation: LEFPD