instance: K400.2.red
obj: 39.0
bound: 25.0
gap: 0.358974358974359
time: 3599.8824939727783
preprocess_time: 0.124994
sepa_time: 0.0
node: 4567
formulation: LEFPV2