instance: K400.1.con.red
obj: 205.0
bound: 130.06381240944404
gap: 0.3655423784903386
time: 1800.8980498313904
preprocess_time: 0.186281
node: 721
algo: EVFPL