instance: K400.9.con.red
obj: 1401.0
bound: 1256.0
gap: 0.10349750178443969
time: 7196.092612981796
preprocess_time: 3.920534
sepa_time: 0.0
node: 11570
formulation: EFP