instance: K400.5.con.red
obj: 237.00000324061727
bound: 183.30400130713446
gap: 0.22656540590400168
time: 3603.0575881004333
preprocess_time: 0.181909
node: 9192
formulation: LEFPD