instance: K400.1.con.red
obj: 1413.0
bound: 992.0
gap: 0.29794762915782025
time: 7196.248313903809
preprocess_time: 3.829639
sepa_time: 0.0
node: 40800
formulation: EFP