instance: K400.red
obj: 1550.0
bound: 1377.0
gap: 0.11161290322580646
time: 3595.208914041519
preprocess_time: 4.834542
sepa_time: 0.0
node: 10351
formulation: EFP