instance: K400.9.con.red
obj: 42.0
bound: 30.0
gap: 0.2857142857142857
time: 3599.7783110141754
preprocess_time: 0.229688
sepa_time: 0.0
node: 5943
formulation: LEFPV2