instance: K400.6.con.red
obj: 1716.0
bound: 1679.0
gap: 0.02156177156177156
time: 7199.863629817963
preprocess_time: 0.149304
sepa_time: 5.0e-324
node: 242977
formulation: LEVFP