instance: K400.4.red
org_node: 197
org_edge: 784
org_min_len: 0.0017925292008789176
org_avg_len: 0.21909347467447715
org_max_len: 1.0
dtf_node: 293
dtf_edge: 880
dtf_min_len: 0.00021685610590584797
dtf_avg_len: 0.19519236834635248
dtf_max_len: 1.0
sdb_node: 2943
sdb_edge: 3530
sdb_min_len: 0.0017925292008789176
sdb_avg_len: 0.04865985386537962
sdb_max_len: 0.054758875910720484
dlt: 0.05477336866861929
formulation: None