instance: K400.5.con.red
obj: 1377.0
bound: 1331.0
gap: 0.03340595497458242
time: 7198.974620103836
preprocess_time: 1.032482
sepa_time: 0.0
node: 155007
formulation: LEFPD