instance: K400.5.con.red
obj: 1327.0
bound: 1294.0
gap: 0.024868123587038434
time: 7198.605250120163
preprocess_time: 1.405939
sepa_time: 0.0
node: 664281
formulation: LEFP