instance: K400.red
obj: 43.0
bound: 30.0
gap: 0.3023255813953488
time: 7199.892313957214
preprocess_time: 0.112694
sepa_time: 0.0
node: 10275
formulation: EFP