instance: K400.5.con.red
obj: 1.0
bound: 0.0
gap: 0.9999999999
time: 90.86973404884338
preprocess_time: 0.257967
node: 0
algo: EVFPV