instance: K400.3.con.red
obj: 670.0
bound: 68.68980239721684
gap: 0.8974779068696916
time: 1800.1298651695251
preprocess_time: 0.306543
node: 0
algo: EFPLg