instance: K400.2.red
obj: 1595.0
bound: 1418.0
gap: 0.11097178683385579
time: 7196.183182954788
preprocess_time: 3.856029
sepa_time: 0.0
node: 35238
formulation: EFP