instance: K400.9.con.red
obj: 176.0
bound: 141.0
gap: 0.19886363636363635
time: 3599.617583990097
preprocess_time: 0.389974
node: 7754
formulation: LEFP