instance: K400.1.con.red
obj: 195.0
bound: 194.0
gap: 0.005128205128202498
time: 15.57745099067688
preprocess_time: 0.245963
node: 521
algo: SFD