instance: K400.9.con.red
obj: 1444.0
bound: 1402.0
gap: 0.029085872576177285
time: 3598.614336013794
preprocess_time: 1.401639
sepa_time: 0.0
node: 70788
formulation: LEFPD