instance: K400.red
obj: 40.0
bound: 28.0
gap: 0.3
time: 7198.417276144028
preprocess_time: 1.603302
sepa_time: 0.0
node: 3645
formulation: LEFPAD