instance: K400.5.con.red
obj: 104.0
bound: 20.279946230793367
gap: 0.8050005170108282
time: 1800.5380129814148
preprocess_time: 0.199355
node: 119
formulation: LEVFP