instance: K400.4.red
obj: 40.0
bound: 26.0
gap: 0.35
time: 3599.869057893753
preprocess_time: 0.149919
node: 1085
formulation: LEFPD