instance: K400.7.con.red
obj: 625.0
bound: 176.25757631842094
gap: 0.7179878778904115
time: 3604.0051341056824
preprocess_time: 0.419297
node: 10312
formulation: LEFP