instance: K400.4.red
obj: 360.0
bound: 63.3655413428586
gap: 0.8239846073807195
time: 1800.5120949745178
preprocess_time: 0.192611
node: 0
algo: EVFP