instance: K400.8.con.red
obj: 176.99999999064727
bound: 117.0
gap: 0.3389830508125293
time: 3599.7124428749084
preprocess_time: 0.29916
sepa_time: 0.0
node: 1282
formulation: LEFPV2