instance: K400.6.con.red
obj: 1775.0
bound: 1722.0
gap: 0.029859154929577466
time: 3599.868108034134
preprocess_time: 0.152607
sepa_time: 0.0
node: 36593
formulation: LEFPD