instance: K400.3.con.red
obj: 44.0
bound: 30.0
gap: 0.3181818181818182
time: 3599.002382993698
preprocess_time: 1.026282
sepa_time: 0.0
node: 8539
formulation: LEFPV