instance: K400.2.red
obj: 39.99999999568334
bound: 25.0
gap: 0.3749999999325522
time: 3599.6238539218903
preprocess_time: 0.396041
node: 1322
formulation: LEFPD