instance: K400.red
obj: 44.0
bound: 29.0
gap: 0.3409090909090909
time: 7198.600167989731
preprocess_time: 1.407219
sepa_time: 0.0
node: 2579
formulation: LEFPAD