instance: K400.10.con.red
obj: 656.0
bound: 115.36193307948042
gap: 0.8241433946957883
time: 1800.2423508167267
preprocess_time: 0.20326
node: 3
algo: RF