instance: K400.red
obj: 290.0
bound: 19.076427686627
gap: 0.934219214873378
time: 1800.4026629924774
preprocess_time: 0.147619
node: 62
algo: F