instance: K400.4.red
obj: 37.0
bound: 24.0
gap: 0.35135135135135137
time: 3599.8600010871887
preprocess_time: 0.149762
node: 2690
formulation: LEFP