instance: K400.5.con.red
obj: 650.0
bound: 113.60792682770138
gap: 0.8252185741111017
time: 1784.8662700653076
preprocess_time: 15.80262
node: 0
algo: EFPV