instance: K400.5.con.red
obj: 874.0
bound: 18.03305617470905
gap: 0.9793672126146373
time: 1800.3411028385162
preprocess_time: 0.153149
node: 0
algo: ERF