instance: K400.4.red
obj: 857.0
bound: 16.349721409242957
gap: 0.9809221453799987
time: 1800.580232143402
preprocess_time: 0.19347
node: 3
formulation: EFPI