instance: K400.10.con.red
org_node: 221
org_edge: 923
org_min_len: 0.003612539799167279
org_avg_len: 0.14091711291885145
org_max_len: 1.0
dtf_node: 486
dtf_edge: 1188
dtf_min_len: 9.453914202831037e-5
dtf_avg_len: 0.10948358183846754
dtf_max_len: 1.0
sdb_node: 671
sdb_edge: 1373
sdb_min_len: 9.453914202831037e-5
sdb_avg_len: 0.09473160613554195
sdb_max_len: 0.14091697200173853
dlt: 0.14091711291885145
algo: None