instance: K400.7.con.red
obj: 722.0
bound: 722.0
gap: 0.0
time: 0.5537509918212891
preprocess_time: 1.931091
sepa_time: 0.0
node: 1
formulation: LEFPAD