instance: K400.3.con.red
obj: 43.0
bound: 31.0
gap: 0.27906976744186046
time: 7199.003875017166
preprocess_time: 1.024675
sepa_time: 0.0
node: 10422
formulation: LEFP