instance: K400.1.con.red
obj: 1431.0
bound: 1339.0
gap: 0.06429070580013976
time: 7198.605240106583
preprocess_time: 1.41066
sepa_time: 0.0
node: 726634
formulation: LEFPD