instance: K400.1.con.red
obj: 951.0
bound: 35.62088341306004
gap: 0.9625437608694466
time: 1642.7869520187378
preprocess_time: 157.970485
node: 0
algo: EFPV