instance: K400.7.con.red
obj: 1418.0
bound: 1382.0
gap: 0.02538787023977433
time: 3599.9090900421143
preprocess_time: 0.10012
sepa_time: 0.0
node: 130230
formulation: LEFPV2