instance: K400.1.con.red
obj: 78.0
bound: 41.813754763100064
gap: 0.46392622098530184
time: 1800.4354300498962
preprocess_time: 0.153497
node: 700
algo: RF