instance: K400.7.con.red
obj: 41.99999962085381
bound: 28.0
gap: 0.3333333273151397
time: 3599.9145889282227
preprocess_time: 0.123431
node: 7240
formulation: EFP