instance: K400.5.con.red
obj: 663.0
bound: 663.0
gap: 0.0
time: 0.11322498321533203
preprocess_time: 1.963053
sepa_time: 0.0
node: 1
formulation: LEFPAI