instance: K400.5.con.red
obj: 39.0
bound: 28.0
gap: 0.28205128205128205
time: 3599.980922937393
preprocess_time: 0.10867
sepa_time: 0.0
node: 5588
formulation: EFP