instance: K400.3.con.red
obj: 44.0
bound: 31.0
gap: 0.29545454545454547
time: 7198.751923084259
preprocess_time: 1.795792
sepa_time: 3.4572612324033694e14
node: 10202
formulation: LEFPAV