instance: K400.6.con.red
obj: 1741.0
bound: 1559.0
gap: 0.10453762205628948
time: 7194.446542024612
preprocess_time: 5.648756
sepa_time: 0.0
node: 33333
formulation: EFP