instance: K400.7.con.red
obj: 172.0
bound: 131.0
gap: 0.23837209302325582
time: 3599.7684049606323
preprocess_time: 0.325387
sepa_time: 0.0
node: 1262
formulation: EVFP