instance: K400.5.con.red
obj: 40.0
bound: 28.0
gap: 0.3
time: 7198.478384017944
preprocess_time: 1.557506
sepa_time: 0.0
node: 9820
formulation: LEFPAI