instance: K400.7.con.red
obj: 1246.0
bound: 19.870580753965015
gap: 0.9840525034076537
time: 1800.4781351089478
preprocess_time: 0.225544
node: 0
formulation: EVFP