instance: K400.5.con.red
obj: 41.0
bound: 28.0
gap: 0.3170731707317073
time: 7199.217526912689
preprocess_time: 0.972842
sepa_time: 0.0
node: 10234
formulation: LEFP