instance: K400.9.con.red
obj: 240.0
bound: 206.39512721273923
gap: 0.14002030328019488
time: 3606.7328531742096
preprocess_time: 0.139783
node: 34490
formulation: LEFPI