instance: K400.8.con.red
obj: 49.0
bound: 29.0
gap: 0.40816326530612246
time: 3600.0678811073303
preprocess_time: 0.133623
sepa_time: 0.0
node: 1410
formulation: LEFPD