instance: K400.1.con.red
obj: 1406.0
bound: 1124.0
gap: 0.20056899004267426
time: 7197.052415847778
preprocess_time: 2.958156
sepa_time: 0.0
node: 10686
formulation: EVFP