instance: K400.9.con.red
obj: 1275.0
bound: 17.209854572699296
gap: 0.9865020748448644
time: 1800.2213549613953
preprocess_time: 0.261943
node: 0
algo: EVFP0