instance: K400.6.con.red
obj: 891.0
bound: 891.0
gap: 0.0
time: 0.3346431255340576
preprocess_time: 1.956871
sepa_time: 0.0
node: 1
formulation: LEFPAI