instance: K400.10.con.red
obj: 41.0
bound: 25.0
gap: 0.3902439024390244
time: 3598.582976102829
preprocess_time: 1.423745
sepa_time: 0.0
node: 4509
formulation: LEFPI