instance: K400.8.con.red
obj: 138.0
bound: 19.907891175506144
gap: 0.8557399190174515
time: 1800.4737901687622
preprocess_time: 0.148125
node: 0
formulation: EFP