instance: K400.9.con.red
obj: 250.00000472201697
bound: 213.87278297343812
gap: 0.144508884264764
time: 3603.8826920986176
preprocess_time: 0.168224
node: 18910
formulation: LEFPD