instance: K400.4.red
obj: 329.0
bound: 88.82773520270194
gap: 0.7300068838821431
time: 1800.5159230232239
preprocess_time: 0.122867
node: 528
algo: ERF