instance: K400.4.red
obj: 37.0
bound: 24.0
gap: 0.35135135135135137
time: 3599.8795189857483
preprocess_time: 0.151879
sepa_time: 0.0
node: 4073
formulation: LEFPV