instance: K400.3.con.red
obj: 44.0
bound: 30.0
gap: 0.3181818181818182
time: 3599.912957906723
preprocess_time: 0.103136
sepa_time: 0.0
node: 3858
formulation: LEFPV2