instance: K400.10.con.red
obj: 41.0
bound: 25.0
gap: 0.3902439024390244
time: 3599.9102640151978
preprocess_time: 0.133122
node: 2959
formulation: LEFPI