instance: K400.10.con.red
obj: 1373.0
bound: 75.07972667717914
gap: 0.9453170235416797
time: 1800.2618448734283
preprocess_time: 0.40513
node: 0
formulation: EFPI