instance: K400.5.con.red
obj: 41.0
bound: 29.0
gap: 0.2926829268292683
time: 7198.913197040558
preprocess_time: 1.094134
sepa_time: 0.0
node: 8233
formulation: LEFPD