instance: K400.7.con.red
obj: 1420.0
bound: 1375.0
gap: 0.03169014084507042
time: 7198.600775003433
preprocess_time: 1.412247
sepa_time: 0.0
node: 112867
formulation: LEFPD