instance: K400.red
obj: 38.0
bound: 27.0
gap: 0.2894736842105263
time: 7198.2992260456085
preprocess_time: 1.952378
sepa_time: 0.0
node: 10229
formulation: LEFPA