instance: K400.1.con.red
obj: 1.0
bound: 0.0
gap: 0.9999999999
time: 102.45862793922424
preprocess_time: 0.277579
node: 480
algo: EVFPV