instance: K400.7.con.red
obj: 562.0
bound: 75.35407414497392
gap: 0.8659180175354794
time: 1799.7902069091797
preprocess_time: 0.58342
node: 0
algo: ERF