instance: K400.4.red
obj: 571.0
bound: 86.77390210994584
gap: 0.8480316950787554
time: 3603.436357975006
preprocess_time: 0.143973
node: 1017
formulation: EFP