instance: K400.1.con.red
org_node: 217
org_edge: 854
org_min_len: 0.0001035001035001035
org_avg_len: 0.011372872614090411
org_max_len: 1.0
dtf_node: 259
dtf_edge: 896
dtf_min_len: 4.230030558719303e-5
dtf_avg_len: 0.010839769210304911
dtf_max_len: 1.0
sdb_node: 314
sdb_edge: 951
sdb_min_len: 1.560054217431689e-5
sdb_avg_len: 0.010212863525166349
sdb_max_len: 0.022745722482435594
dlt: 0.022745745228180823
algo: None