instance: K400.red
obj: 43.0
bound: 28.0
gap: 0.3488372093023256
time: 7199.987812042236
preprocess_time: 0.154424
sepa_time: 0.0
node: 10202
formulation: EFP