instance: K400.4.red
obj: 1264.0
bound: 1230.0
gap: 0.02689873417721519
time: 3599.6566371917725
preprocess_time: 0.346343
sepa_time: 0.0
node: 88317
formulation: LEFPI