instance: K400.9.con.red
obj: 963.0
bound: 17.714737750444133
gap: 0.9816046336962178
time: 1800.514242887497
preprocess_time: 0.208767
node: 0
formulation: EFP