instance: K400.10.con.red
obj: 41.0
bound: 26.0
gap: 0.36585365853658536
time: 7198.743474960327
preprocess_time: 1.929959
sepa_time: 4.238375232459071e14
node: 10202
formulation: LEFPAV