instance: K400.3.con.red
obj: 1338.0
bound: 1294.0
gap: 0.03288490284005979
time: 7198.988980054855
preprocess_time: 1.024587
sepa_time: 0.0
node: 113883
formulation: LEFPAD