instance: K400.6.con.red
obj: 1583.0
bound: 105.60471768137701
gap: 0.933288238988332
time: 1760.7867510318756
preprocess_time: 40.813014
node: 0
algo: EFPV