instance: K400.3.con.red
obj: 1142.0
bound: 18.717412024689672
gap: 0.9836099719572785
time: 1800.5014481544495
preprocess_time: 0.208669
node: 30
formulation: EVFP