instance: K400.5.con.red
obj: 104.0
bound: 18.113193815194382
gap: 0.8258346748531061
time: 1800.4591670036316
preprocess_time: 0.196264
node: 14
formulation: EFP