instance: K400.7.con.red
obj: 937.0
bound: 31.699700062067127
gap: 0.966168943370156
time: 3603.021871805191
preprocess_time: 0.16392
node: 6981
formulation: LEFPDB