instance: K400.8.con.red
obj: 1046.0
bound: 14.779216233748247
gap: 0.9858707301779667
time: 1618.897006034851
preprocess_time: 185.551559
node: 0
algo: EFPV