instance: K400.10.con.red
obj: 1302.0
bound: 15.57814540020606
gap: 0.9880352185865554
time: 1800.3813500404358
preprocess_time: 0.192234
node: 8
formulation: EVFP