instance: K400.9.con.red
obj: 1409.0
bound: 1264.0
gap: 0.10290986515259049
time: 7196.9230489730835
preprocess_time: 3.124813
sepa_time: 0.0
node: 18273
formulation: EFP