instance: K400.2.red
obj: 789.0
bound: 789.0
gap: 0.0
time: 0.12067794799804688
preprocess_time: 1.570857
sepa_time: 0.0
node: 1
formulation: LEFPAI