instance: K400.8.con.red
obj: 1637.0
bound: 1598.0
gap: 0.023824068417837508
time: 7199.879281044006
preprocess_time: 0.13232
sepa_time: 0.0
node: 111346
formulation: LEVFP