instance: K400.1.con.red
obj: 337.9999989999985
bound: 103.90486346895892
gap: 0.6925891604247353
time: 1800.5368881225586
preprocess_time: 0.205791
node: 510
algo: F