instance: K400.3.con.red
obj: 1337.0
bound: 1301.0
gap: 0.02692595362752431
time: 7198.5789539813995
preprocess_time: 1.430835
sepa_time: 4.653205468695183e14
node: 387525
formulation: LEFPV