instance: K400.red
obj: 1535.0
bound: 1432.0
gap: 0.06710097719869706
time: 7196.387317895889
preprocess_time: 3.624972
sepa_time: 4.4e-323
node: 3332
formulation: EVFP