instance: K400.2.red
obj: 801.0
bound: 121.09624067409804
gap: 0.8488186758125057
time: 1800.2196490764618
preprocess_time: 0.684496
node: 0
algo: ESFV