instance: K400.7.con.red
obj: 77.0
bound: 25.714348500649635
gap: 0.6660474220686202
time: 1664.6665802001953
preprocess_time: 136.030041
node: 0
algo: EFPV