instance: K400.3.con.red
obj: 45.0
bound: 31.0
gap: 0.3111111111111111
time: 3600.5493710041046
preprocess_time: 0.146293
node: 1013
formulation: LEFPI