instance: K400.5.con.red
obj: 40.0
bound: 28.0
gap: 0.3
time: 7199.010614871979
preprocess_time: 0.999804
sepa_time: 0.0
node: 10353
formulation: LEFPV2