instance: K400.8.con.red
obj: 179.0
bound: 117.0
gap: 0.3463687150837989
time: 3600.3531341552734
preprocess_time: 0.549288
node: 1080
formulation: LEFPI