instance: K400.9.con.red
obj: 700.0
bound: 78.27459606513521
gap: 0.8881791484782513
time: 1800.5479590892792
preprocess_time: 0.202781
node: 0
formulation: EFP