instance: K400.1.con.red
obj: 57.0
bound: 36.0
gap: 0.3684210526315789
time: 3599.663738012314
preprocess_time: 0.390634
node: 9519
formulation: EFP