instance: K400.4.red
obj: 38.9999992578299
bound: 24.0
gap: 0.38461537290461356
time: 3598.607582092285
preprocess_time: 1.405632
sepa_time: 0.0
node: 7132
formulation: LEFPI