instance: K400.1.con.red
obj: 31.0
bound: 23.0
gap: 0.25806451612903225
time: 7198.4606029987335
preprocess_time: 1.54932
sepa_time: 0.0
node: 12913
formulation: LEFPA