instance: K400.2.red
obj: 1429.0
bound: 76.6957641140469
gap: 0.9463290664001809
time: 1800.1730649471283
preprocess_time: 0.468202
node: 0
algo: EFP