instance: K400.2.red
obj: 444.0
bound: 70.13285128051892
gap: 0.8420431277463893
time: 1800.3957068920135
preprocess_time: 0.406398
node: 0
algo: EVFP0