instance: K400.9.con.red
obj: 963.0
bound: 27.164769184496375
gap: 0.9717915169422705
time: 1534.9997007846832
preprocess_time: 266.183815
node: 0
formulation: EFPV