instance: K400.2.red
obj: 1.0
bound: 0.0
gap: 0.9999999999
time: 122.25720405578613
preprocess_time: 0.253199
node: 486
algo: EVFPV