instance: K400.5.con.red
obj: 1327.0
bound: 1294.0
gap: 0.024868123587038434
time: 7198.19083404541
preprocess_time: 1.819552
sepa_time: 4.059081951879909e14
node: 798871
formulation: LEFPAV