instance: K400.4.red
obj: 1265.0
bound: 1226.0
gap: 0.0308300395256917
time: 3599.891773223877
preprocess_time: 0.11788
sepa_time: 0.0
node: 135257
formulation: LEFPV