instance: K400.9.con.red
obj: 90.0
bound: 26.452092695972777
gap: 0.7060878589328512
time: 1800.3634579181671
preprocess_time: 0.150622
node: 603
algo: RF