instance: K400.2.red
obj: 109.0
bound: 19.047519060912066
gap: 0.8252521187064716
time: 1800.5388300418854
preprocess_time: 0.177667
node: 0
algo: ESF