instance: K400.red
obj: 170.0
bound: 120.0
gap: 0.29411764705882354
time: 3599.5863270759583
preprocess_time: 0.471158
node: 3483
formulation: LEFPI