instance: K400.red
obj: 110.00000004477027
bound: 23.285189500103137
gap: 0.7883164591754105
time: 1800.85271692276
preprocess_time: 0.15437
node: 626
algo: RF