instance: K400.7.con.red
obj: 44.0
bound: 28.0
gap: 0.36363636363636365
time: 3599.8427379131317
preprocess_time: 0.164832
sepa_time: 0.0
node: 4870
formulation: LEFPV2