instance: K400.5.con.red
obj: 935.0000000000002
bound: 895.0
gap: 0.04278074866310184
time: 3599.8950519561768
preprocess_time: 0.107514
sepa_time: 0.0
node: 142083
formulation: LEFPI