instance: K400.6.con.red
obj: 188.0
bound: 133.0
gap: 0.2925531914893617
time: 3599.5605108737946
preprocess_time: 0.559793
node: 1559
formulation: LEFPI