instance: K400.9.con.red
obj: 963.0
bound: 17.083001973589692
gap: 0.9822606417718712
time: 1800.4751570224762
preprocess_time: 0.194077
node: 0
algo: ERF