instance: K400.7.con.red
obj: 417.0
bound: 73.72824115247674
gap: 0.8231936663008176
time: 1800.6087930202484
preprocess_time: 0.352837
node: 0
formulation: EVFP