instance: K400.9.con.red
obj: 44.0
bound: 31.0
gap: 0.29545454545454547
time: 3599.9884040355682
preprocess_time: 0.387172
node: 10202
formulation: EFP