instance: K400.6.con.red
obj: 836.0
bound: 111.00693202322734
gap: 0.8672165884888587
time: 1800.0174708366394
preprocess_time: 0.619037
node: 0
algo: RF