instance: K400.2.red
obj: 1576.0
bound: 1536.0
gap: 0.025380710659898477
time: 3599.8692688941956
preprocess_time: 0.143647
sepa_time: 0.0
node: 75493
formulation: LEVFP