instance: K400.6.con.red
obj: 1583.0
bound: 106.06313522705986
gap: 0.9329986511515141
time: 1760.3315370082855
preprocess_time: 41.09218
node: 0
algo: EFPV