instance: K400.1.con.red
obj: 568.0
bound: 119.12593366233119
gap: 0.7902712435520947
time: 1758.6418459415436
preprocess_time: 42.286637
node: 80
algo: EFPV