instance: K400.8.con.red
obj: 45.0
bound: 26.0
gap: 0.4222222222222222
time: 3598.54594707489
preprocess_time: 1.466
sepa_time: 0.0
node: 2779
formulation: LEFP