instance: K400.2.red
obj: 1429.0
bound: 76.74078036968992
gap: 0.9462975644718092
time: 1800.4260849952698
preprocess_time: 0.260022
node: 0
formulation: EFPI