instance: K400.9.con.red
obj: 1393.0
bound: 1362.0
gap: 0.022254127781765973
time: 7199.886398792267
preprocess_time: 0.124919
sepa_time: 0.0
node: 146343
formulation: LEVFP