instance: K400.red
obj: 45.0
bound: 30.0
gap: 0.3333333333333333
time: 3599.944674015045
preprocess_time: 0.161518
sepa_time: 0.0
node: 759
formulation: EVFP