instance: K400.7.con.red
obj: 42.999999034987255
bound: 28.0
gap: 0.34883719468882773
time: 7198.542991161346
preprocess_time: 1.477286
sepa_time: 0.0
node: 5365
formulation: LEFPAD