instance: K400.8.con.red
obj: 1637.9999983715104
bound: 1595.0
gap: 0.026251525283431464
time: 3599.889331102371
preprocess_time: 0.146616
sepa_time: 0.0
node: 70042
formulation: LEFPV2