instance: K400.7.con.red
obj: 1013.0
bound: 927.0
gap: 0.08489634748272458
time: 3597.909409046173
preprocess_time: 2.100702
sepa_time: -1.0
node: 3013
formulation: EVFP