instance: K400.8.con.red
obj: 49.0
bound: 24.0
gap: 0.5102040816326531
time: 3599.6227798461914
preprocess_time: 0.393005
node: 432
formulation: LEFPD