instance: K400.3.con.red
obj: 1355.0
bound: 1191.0
gap: 0.12103321033210332
time: 3596.387265920639
preprocess_time: 3.652677
sepa_time: 0.0
node: 10880
formulation: EFP