instance: K400.1.con.red
obj: 58.0
bound: 46.0
gap: 0.20689655172413793
time: 3599.87508392334
preprocess_time: 0.154311
node: 1102
formulation: LEVFP