instance: K400.4.red
obj: 237.0
bound: 99.35758154331361
gap: 0.5807696981292334
time: 1800.7035448551178
preprocess_time: 0.279119
node: 622
algo: EVFPL