instance: K400.7.con.red
org_node: 225
org_edge: 867
org_min_len: 0.004921962664490462
org_avg_len: 0.17881716175438125
org_max_len: 1.0
dtf_node: 418
dtf_edge: 1060
dtf_min_len: 0.00030897157685649823
dtf_avg_len: 0.1462589426802346
dtf_max_len: 1.0
sdb_node: 2437
sdb_edge: 3079
sdb_min_len: 0.004921962664490462
sdb_avg_len: 0.050352218006186424
sdb_max_len: 0.0589700431840593
dlt: 0.059009663378945816
formulation: None