instance: K400.7.con.red
obj: 135.0
bound: 27.70931521329612
gap: 0.7947458132342549
time: 3604.048408985138
preprocess_time: 0.164129
node: 1822
formulation: LEFPI