instance: K400.5.con.red
obj: 1326.9999999898635
bound: 1294.0
gap: 0.024868123579589698
time: 7198.689671993256
preprocess_time: 1.322524
sepa_time: 0.0
node: 807572
formulation: LEFP