instance: K400.1.con.red
obj: 710.0
bound: 98.33835055237903
gap: 0.8614952809120209
time: 1800.2906839847565
preprocess_time: 0.326895
node: 451
algo: EFP0