instance: K400.7.con.red
obj: 58.0
bound: 28.939014341082416
gap: 0.5010514768770254
time: 3601.7298588752747
preprocess_time: 0.162367
node: 2328
formulation: LEFP