instance: K400.red
obj: 481.0
bound: 71.5101145854413
gap: 0.8513303231070136
time: 1799.9869270324707
preprocess_time: 0.456365
node: 0
algo: EVFP