instance: K400.7.con.red
obj: 44.0
bound: 28.0
gap: 0.36363636363636365
time: 3599.885444879532
preprocess_time: 0.120504
node: 5328
formulation: LEFPV