instance: K400.6.con.red
obj: 47.0
bound: 32.0
gap: 0.3191489361702128
time: 7199.833986997604
preprocess_time: 0.18335
sepa_time: 0.0
node: 928
formulation: LEVFP