instance: K400.7.con.red
obj: 42.0
bound: 28.0
gap: 0.3333333333333333
time: 7199.074630022049
preprocess_time: 2.078484
sepa_time: 0.0
node: 10416
formulation: LEFPAI