instance: K400.7.con.red
obj: 37.0
bound: 27.0
gap: 0.2702702702702703
time: 7198.424546957016
preprocess_time: 1.599252
sepa_time: 2.3516036336866034e14
node: 10446
formulation: LEFPAV