instance: K400.8.con.red
obj: 133.0
bound: 17.97171716550616
gap: 0.8648743070256193
time: 1800.1039519309998
preprocess_time: 0.178312
node: 30
algo: ERF