instance: K400.7.con.red
obj: 1419.0
bound: 1386.0
gap: 0.023255813953488372
time: 7198.659479856491
preprocess_time: 1.350974
sepa_time: 0.0
node: 260070
formulation: LEFP