instance: K400.3.con.red
obj: 158.0
bound: 116.0
gap: 0.26582278481012656
time: 3599.698893070221
preprocess_time: 0.408104
node: 1343
formulation: LEVFP