instance: K400.5.con.red
obj: 42.0
bound: 28.0
gap: 0.3333333333333333
time: 3599.9148070812225
preprocess_time: 0.111781
sepa_time: 0.0
node: 6233
formulation: LEFPV