instance: K400.4.red
obj: 857.0
bound: 16.00854282629862
gap: 0.981320253411439
time: 1800.1933178901672
preprocess_time: 0.199904
node: 0
formulation: EFP