instance: K400.5.con.red
obj: 41.0
bound: 28.0
gap: 0.3170731707317073
time: 7199.0798189640045
preprocess_time: 1.073012
sepa_time: 0.0
node: 10303
formulation: LEFP