instance: K400.6.con.red
obj: 1716.0
bound: 1679.0
gap: 0.02156177156177156
time: 7199.876451969147
preprocess_time: 0.138211
sepa_time: 0.0
node: 230530
formulation: LEVFP