instance: K400.9.con.red
obj: 1394.0
bound: 1362.0
gap: 0.02295552367288379
time: 7198.573962926865
preprocess_time: 1.435371
sepa_time: 0.0
node: 337933
formulation: LEFPA