instance: K400.4.red
obj: 564.0
bound: 80.53740509538925
gap: 0.8572031824548315
time: 1800.511801958084
preprocess_time: 0.158448
node: 0
formulation: EFPI