instance: K400.2.red
obj: 38.0
bound: 24.0
gap: 0.3684210526315789
time: 3598.9566819667816
preprocess_time: 1.050001
sepa_time: 0.0
node: 6217
formulation: LEFP