instance: K400.7.con.red
obj: 0.0
bound: 0.0
gap: 0.0
time: 27.713624954223633
preprocess_time: 0.195507
node: 0
algo: EVFP0