instance: K400.red
obj: 549.0
bound: 72.6845190121054
gap: 0.8676056119996499
time: 1800.2079479694366
preprocess_time: 0.267339
node: 0
algo: SF