instance: K400.1.con.red
obj: 1394.0
bound: 1346.0
gap: 0.03443328550932568
time: 7198.567830085754
preprocess_time: 1.443656
sepa_time: 2.3046717680673472e14
node: 977270
formulation: LEFPV2