instance: K400.10.con.red
obj: 509.0
bound: 69.86291624989431
gap: 0.8627447617878574
time: 1800.3087151050568
preprocess_time: 0.372542
node: 0
algo: SF