instance: K400.10.con.red
obj: 289.0
bound: 17.329120237084652
gap: 0.9400376462381361
time: 1800.2362871170044
preprocess_time: 0.177043
node: 0
algo: RF