instance: K400.2.red
obj: 1342.0
bound: 17.922826814794792
gap: 0.98664468940768
time: 1800.856477022171
preprocess_time: 0.208225
node: 0
formulation: EVFP