instance: K400.red
obj: 482.0
bound: 76.3576096750459
gap: 0.8415817226657054
time: 1800.2566449642181
preprocess_time: 0.413089
node: 0
formulation: EFP