instance: K400.7.con.red
obj: 140.0
bound: 19.533576874274964
gap: 0.8604744508974215
time: 1800.5270960330963
preprocess_time: 0.146459
node: 319
algo: SF