instance: K400.1.con.red
obj: 0.0
bound: 0.0
gap: 0.0
time: 28.560343027114868
preprocess_time: 0.283598
node: 82
algo: EVFP