instance: K400.5.con.red
obj: 162.0
bound: 125.0
gap: 0.22839506172839505
time: 3599.6367931365967
preprocess_time: 0.397473
node: 7015
formulation: LEFPV