instance: K400.4.red
obj: 857.0
bound: 16.054754426999093
gap: 0.9812663308902015
time: 1800.3695039749146
preprocess_time: 0.158663
node: 0
algo: ERF