instance: K400.9.con.red
obj: 44.0
bound: 33.0
gap: 0.25
time: 7198.784043073654
preprocess_time: 1.368966
sepa_time: 0.0
node: 10202
formulation: LEFP