instance: K400.10.con.red
obj: 1521.0
bound: 1483.0
gap: 0.024983563445101907
time: 7199.054589033127
preprocess_time: 0.951555
sepa_time: 0.0
node: 313796
formulation: LEFP