instance: K400.10.con.red
obj: 753.0
bound: 113.33565288270907
gap: 0.849487844777166
time: 1800.0574247837067
preprocess_time: 0.565894
node: 0
algo: ESFV