instance: K400.5.con.red
obj: 186.9999999863125
bound: 136.0
gap: 0.2727272726740399
time: 3599.679743051529
preprocess_time: 0.403071
node: 1551
formulation: LEFPD