instance: K400.7.con.red
obj: 38.0
bound: 28.0
gap: 0.2631578947368421
time: 7199.1287660598755
preprocess_time: 1.944125
sepa_time: 0.0
node: 10270
formulation: LEFPAI