instance: K400.5.con.red
obj: 42.0
bound: 28.0
gap: 0.3333333333333333
time: 7198.52502989769
preprocess_time: 1.58244
sepa_time: 0.0
node: 10224
formulation: LEFPA