instance: K400.1.con.red
obj: 1008.0
bound: 965.0
gap: 0.04265873015873016
time: 3599.6278760433197
preprocess_time: 0.394626
sepa_time: 0.0
node: 84870
formulation: LEVFP