instance: K400.4.red
obj: 38.0
bound: 25.0
gap: 0.34210526315789475
time: 7199.401531934738
preprocess_time: 1.878239
sepa_time: 0.0
node: 10202
formulation: LEFPAI