instance: K400.1.con.red
obj: 354.0
bound: 28.27834164890744
gap: 0.9201176789576287
time: 1800.4669551849365
preprocess_time: 0.256465
node: 482
algo: EFP0