instance: K400.3.con.red
org_node: 210
org_edge: 806
org_min_len: 0.008385894495412844
org_avg_len: 0.16797894684172976
org_max_len: 1.0
dtf_node: 304
dtf_edge: 900
dtf_min_len: 0.0010576753148853063
dtf_avg_len: 0.1504344790604824
dtf_max_len: 1.0
sdb_node: 3039
sdb_edge: 3635
sdb_min_len: 0.008385894495412844
sdb_avg_len: 0.03724650100534678
sdb_max_len: 0.041980241781345566
dlt: 0.04199473671043244
formulation: None