instance: K400.4.red
obj: 1264.0
bound: 1233.0
gap: 0.0245253164556962
time: 7198.888168096542
preprocess_time: 1.121296
sepa_time: 4.934026962953472e14
node: 172468
formulation: LEFPAV