instance: K400.10.con.red
obj: 1002.0
bound: 22.020042003177302
gap: 0.9780239101763721
time: 1586.6934049129486
preprocess_time: 214.341048
node: 0
formulation: EFPV