instance: K400.red
obj: 1523.0
bound: 1485.0
gap: 0.02495075508864084
time: 7198.542975187302
preprocess_time: 1.467432
sepa_time: 0.0
node: 368052
formulation: LEFP