instance: K400.8.con.red
obj: 1637.0
bound: 1599.0
gap: 0.023213194868662187
time: 7198.953491926193
preprocess_time: 1.054023
sepa_time: 5.717292368048141e14
node: 143528
formulation: LEFPAV