instance: K400.3.con.red
obj: 1337.0
bound: 1301.0
gap: 0.02692595362752431
time: 7198.690944910049
preprocess_time: 1.318693
sepa_time: 6.802874388196709e13
node: 385658
formulation: LEFPV2