instance: K400.4.red
obj: 1263.0
bound: 1232.0
gap: 0.02454473475851148
time: 7198.675352096558
preprocess_time: 1.333797
sepa_time: 0.0
node: 242814
formulation: LEFP