instance: K400.red
obj: 788.0
bound: 788.0
gap: 0.0
time: 0.05542397499084473
preprocess_time: 1.985193
sepa_time: 0.0
node: 1
formulation: LEFPA