instance: K400.3.con.red
obj: 869.0
bound: 19.79728351788728
gap: 0.9772183158596259
time: 1800.1967360973358
preprocess_time: 0.136984
node: 0
algo: EFPLg