instance: K400.8.con.red
obj: 1501.0
bound: 70.0310617093144
gap: 0.9533437297072553
time: 1800.3251230716705
preprocess_time: 0.355669
node: 0
algo: EFP0