instance: K400.red
obj: 43.0
bound: 27.0
gap: 0.37209302325581395
time: 3599.846200942993
preprocess_time: 0.161036
sepa_time: 0.0
node: 8348
formulation: LEFPV2