instance: K400.3.con.red
obj: 171.0
bound: 169.99999999999997
gap: 0.005847953216371016
time: 96.09343791007996
preprocess_time: 0.289832
node: 1456
algo: SFD