instance: K400.5.con.red
org_node: 220
org_edge: 799
org_min_len: 0.009718755200532534
org_avg_len: 0.23581390534140384
org_max_len: 1.0
dtf_node: 391
dtf_edge: 970
dtf_min_len: 0.001429284030130859
dtf_avg_len: 0.19424258800802185
dtf_max_len: 1.0
sdb_node: 2260
sdb_edge: 2839
sdb_min_len: 0.009718755200532534
sdb_avg_len: 0.06636678773081423
sdb_max_len: 0.07780551395129527
dlt: 0.07781858876266327
formulation: None