instance: K400.2.red
obj: 39.0
bound: 25.0
gap: 0.358974358974359
time: 7198.549003839493
preprocess_time: 1.504929
sepa_time: 0.0
node: 10373
formulation: LEFPAI