instance: K400.10.con.red
obj: 40.0
bound: 25.0
gap: 0.375
time: 3599.8433430194855
preprocess_time: 0.166765
sepa_time: 0.0
node: 2952
formulation: LEFPV2