instance: K400.8.con.red
obj: 152.0
bound: 0.0
gap: 0.9999999999993422
time: 1800.6283919811249
preprocess_time: 0.659127
node: 606
algo: EVFPV