instance: K400.8.con.red
obj: 47.0
bound: 27.0
gap: 0.425531914893617
time: 7199.857178926468
preprocess_time: 0.16604
sepa_time: -1.0
node: 1235
formulation: LEVFP