instance: K400.9.con.red
org_node: 211
org_edge: 862
org_min_len: 0.00034869935141920635
org_avg_len: 0.17476269431493838
org_max_len: 1.0
dtf_node: 417
dtf_edge: 1068
dtf_min_len: 7.29811427800306e-5
dtf_avg_len: 0.1410537851118695
dtf_max_len: 1.0
sdb_node: 2404
sdb_edge: 3055
sdb_min_len: 0.00034869935141920635
sdb_avg_len: 0.049311110474460414
sdb_max_len: 0.057667123850260744
dlt: 0.05767168912392967
formulation: None