instance: K400.4.red
obj: 1263.0
bound: 1232.0
gap: 0.02454473475851148
time: 7198.978797912598
preprocess_time: 1.027253
sepa_time: 0.0
node: 246205
formulation: LEFP