instance: K400.1.con.red
obj: 57.0
bound: 45.0
gap: 0.21052631578947367
time: 3599.857985973358
preprocess_time: 0.156885
node: 6020
formulation: LEFPV