instance: K400.red
obj: 1574.0
bound: 1527.0
gap: 0.02986022871664549
time: 7198.596555948257
preprocess_time: 1.415778
sepa_time: 0.0
node: 153116
formulation: LEFPD