instance: K400.9.con.red
obj: 703.0
bound: 703.0
gap: 0.0
time: 0.06379199028015137
preprocess_time: 1.515637
sepa_time: 0.0
node: 1
formulation: LEFPAV