instance: K400.2.red
obj: 350.0
bound: 19.015086228045377
gap: 0.9456711822053144
time: 1800.745598077774
preprocess_time: 0.237868
node: 15
formulation: LEVFP