instance: K400.8.con.red
obj: 287.0
bound: 20.61388894919976
gap: 0.9281746029641375
time: 1800.2982559204102
preprocess_time: 0.191142
node: 0
algo: RF