instance: K400.red
obj: 45.0
bound: 29.0
gap: 0.35555555555555557
time: 3599.8608770370483
preprocess_time: 0.147626
sepa_time: 0.0
node: 914
formulation: LEVFP