instance: K400.6.con.red
obj: 1098.0
bound: 37.06800119562601
gap: 0.9662404360694693
time: 3602.2113869190216
preprocess_time: 0.183004
node: 5917
formulation: LEFPDB