instance: K400.red
obj: 481.0
bound: 71.15497099906261
gap: 0.8520686673614392
time: 1800.407823085785
preprocess_time: 0.308688
node: 0
formulation: EVFP