instance: K400.2.red
obj: 1578.0
bound: 1535.0
gap: 0.027249683143219267
time: 3598.5755269527435
preprocess_time: 1.434701
sepa_time: 0.0
node: 158189
formulation: LEFPV