instance: K400.6.con.red
obj: 48.0
bound: 32.0
gap: 0.3333333333333333
time: 7198.617656946182
preprocess_time: 1.441897
sepa_time: 0.0
node: 8857
formulation: LEFPV