instance: K400.red
obj: 260.0
bound: 18.573484496939937
gap: 0.9285635211652585
time: 1800.317846775055
preprocess_time: 0.113506
node: 12
algo: SF