instance: K400.7.con.red
obj: 1.0
bound: 0.0
gap: 0.9999999999
time: 25.838250875473022
preprocess_time: 0.237972
node: 0
algo: EVFP0