instance: K400.1.con.red
obj: 951.0
bound: 28.221879691593777
gap: 0.9703239961180958
time: 1800.3253898620605
preprocess_time: 0.183514
node: 172
algo: ESF