instance: K400.5.con.red
org_node: 220
org_edge: 799
org_min_len: 0.009718755200532534
org_avg_len: 0.23581390534140384
org_max_len: 1.0
dtf_node: 431
dtf_edge: 1010
dtf_min_len: 9.912794296249028e-5
dtf_avg_len: 0.18654981224532755
dtf_max_len: 1.0
sdb_node: 600
sdb_edge: 1179
sdb_min_len: 9.840566126195771e-5
sdb_avg_len: 0.1598094235519769
sdb_max_len: 0.2358136695274985
dlt: 0.23581390534140384
algo: None