instance: K400.1.con.red
obj: 720.0000000000043
bound: 89.88052359996881
gap: 0.8751659394443669
time: 1800.839432001114
preprocess_time: 0.31986
node: 589
formulation: EFPD