instance: K400.6.con.red
obj: 731.0
bound: 108.27336709133623
gap: 0.8518832187531854
time: 3602.6847019195557
preprocess_time: 0.638207
node: 510
formulation: EFP