instance: K400.5.con.red
obj: 40.0
bound: 27.0
gap: 0.325
time: 7198.5986328125
preprocess_time: 1.409619
sepa_time: 2.673061915231642e14
node: 10245
formulation: LEFPV