instance: K400.1.con.red
obj: 58.0
bound: 46.0
gap: 0.20689655172413793
time: 7198.94532084465
preprocess_time: 1.155212
sepa_time: 2.6285645822027906e14
node: 10286
formulation: LEFPAV