instance: K400.5.con.red
obj: 948.0
bound: 846.0
gap: 0.10759493670886076
time: 3598.259566783905
preprocess_time: 1.822098
sepa_time: 0.0
node: 10371
formulation: EFP