instance: K400.2.red
obj: 1031.0
bound: 18.630149365584593
gap: 0.9819300200138867
time: 1800.607362985611
preprocess_time: 0.229565
node: 0
algo: EFP0