instance: K400.2.red
obj: 1575.0
bound: 1537.0
gap: 0.02412698412698413
time: 7198.799890995026
preprocess_time: 1.206681
sepa_time: 0.0
node: 204752
formulation: LEFPA