instance: K400.10.con.red
obj: 1002.0
bound: 16.291748455472742
gap: 0.98374077000442
time: 1800.2198739051819
preprocess_time: 0.231809
node: 10
algo: EFPLg