instance: K400.6.con.red
obj: 1115.0
bound: 25.909185017387998
gap: 0.9767630627645869
time: 1801.5805320739746
preprocess_time: 0.230393
node: 0
algo: ESFV