instance: K400.6.con.red
obj: 82.0
bound: 33.65804388012806
gap: 0.5895360502416217
time: 3603.231390953064
preprocess_time: 0.185718
node: 971
formulation: LEFP