instance: K400.10.con.red
obj: 1060.9999999999998
bound: 1014.0
gap: 0.04429783223374155
time: 3599.846071958542
preprocess_time: 0.162207
sepa_time: 0.0
node: 68215
formulation: LEFPI