instance: K400.red
obj: 1524.0
bound: 1484.0
gap: 0.026246719160104987
time: 7198.527025938034
preprocess_time: 1.482513
sepa_time: 0.0
node: 419786
formulation: LEFPV