instance: K400.6.con.red
obj: 70.0
bound: 30.892133348149407
gap: 0.5586838093113532
time: 3604.276837825775
preprocess_time: 0.187063
node: 711
formulation: LEFPI