instance: K400.4.red
obj: 1264.0
bound: 1226.0
gap: 0.030063291139240507
time: 3599.6601498126984
preprocess_time: 0.343597
sepa_time: 0.0
node: 94716
formulation: LEFPI