instance: K400.8.con.red
obj: 280.0
bound: 20.853889579624116
gap: 0.9255218229295833
time: 1800.4725778102875
preprocess_time: 0.314436
node: 0
algo: EVFPL