instance: K400.5.con.red
obj: 1345.0
bound: 1223.0
gap: 0.09070631970260223
time: 3596.5062589645386
preprocess_time: 3.536105
sepa_time: 1.5e-323
node: 3098
formulation: EVFP