instance: K400.red
obj: 78.0
bound: 21.113139764426855
gap: 0.7293187209679515
time: 1800.3490359783173
preprocess_time: 0.112104
node: 665
algo: ERF