instance: K400.red
obj: 170.0
bound: 121.0
gap: 0.28823529411764703
time: 3599.5522050857544
preprocess_time: 0.462591
node: 1739
formulation: LEFPV