instance: K400.10.con.red
obj: 1069.0
bound: 974.0
gap: 0.08886810102899906
time: 3597.291627883911
preprocess_time: 2.730661
sepa_time: 0.0
node: 2806
formulation: EVFP