instance: K400.2.red
obj: 38.0
bound: 26.0
gap: 0.3157894736842105
time: 7198.802269935608
preprocess_time: 1.204745
sepa_time: 0.0
node: 9943
formulation: LEFPA