instance: K400.5.con.red
obj: 41.0
bound: 27.0
gap: 0.34146341463414637
time: 3599.8567950725555
preprocess_time: 0.151265
sepa_time: 0.0
node: 1008
formulation: LEFPV2