instance: K400.7.con.red
obj: 249.0
bound: 19.800314715311995
gap: 0.9204806637935581
time: 1800.166806936264
preprocess_time: 0.153401
node: 8
algo: EVFPV