instance: K400.5.con.red
obj: 1346.0
bound: 1187.0
gap: 0.11812778603268945
time: 3597.2562308311462
preprocess_time: 2.799866
sepa_time: 0.0
node: 10368
formulation: EFP