instance: K400.red
obj: 43.0
bound: 29.0
gap: 0.32558139534883723
time: 7198.928025007248
preprocess_time: 1.077065
sepa_time: 3.594953303716995e14
node: 10400
formulation: LEFPAV