instance: K400.3.con.red
obj: 43.0
bound: 31.0
gap: 0.27906976744186046
time: 7199.14111995697
preprocess_time: 1.024729
sepa_time: 0.0
node: 10251
formulation: LEFP