instance: K400.1.con.red
obj: 376.0
bound: 130.62251641678301
gap: 0.6525996903807227
time: 1800.5273921489716
preprocess_time: 0.196375
node: 510
algo: RF