instance: K400.6.con.red
obj: 1583.0
bound: 106.06313522705986
gap: 0.9329986511515141
time: 1732.4989459514618
preprocess_time: 68.874308
node: 0
formulation: EFPV