instance: K400.1.con.red
obj: 182.0
bound: 27.345011677371023
gap: 0.8497526830909012
time: 1800.3664779663086
preprocess_time: 0.252834
node: 246
algo: EVFP