instance: K400.7.con.red
obj: 1246.0
bound: 19.62482792617844
gap: 0.9842497368167923
time: 1800.79274892807
preprocess_time: 0.264399
node: 0
algo: EVFP