instance: K400.2.red
obj: 1578.0
bound: 1535.0
gap: 0.027249683143219267
time: 7198.668903827667
preprocess_time: 1.345725
sepa_time: 0.0
node: 340717
formulation: LEFP