instance: K400.3.con.red
obj: 1339.0
bound: 1304.0
gap: 0.026138909634055265
time: 7198.906820058823
preprocess_time: 1.09946
sepa_time: 3.86962613121235e14
node: 372448
formulation: LEFPAV