instance: K400.9.con.red
obj: 155.0
bound: 26.938652296046584
gap: 0.8262022432507793
time: 3602.286031961441
preprocess_time: 0.123163
node: 510
formulation: LEVFP