instance: K400.3.con.red
obj: 992.9999991292602
bound: 943.0
gap: 0.050352466438171324
time: 3599.6414799690247
preprocess_time: 0.371366
sepa_time: 0.0
node: 19823
formulation: LEFPD