instance: K400.red
obj: 43.0
bound: 29.0
gap: 0.32558139534883723
time: 7198.821145772934
preprocess_time: 1.401025
sepa_time: 3.226018422242826e14
node: 10312
formulation: LEFPAV