instance: K400.4.red
obj: 220.0
bound: 63.483642749262664
gap: 0.7114379875030282
time: 1800.6305689811707
preprocess_time: 0.138698
node: 511
algo: SF