instance: K400.5.con.red
obj: 1329.0
bound: 1288.0
gap: 0.030850263355906696
time: 7198.616566896439
preprocess_time: 1.393742
sepa_time: 0.0
node: 122693
formulation: LEFPD