instance: K400.9.con.red
obj: 457.0
bound: 72.54092378938618
gap: 0.8412671251871547
time: 1803.513221025467
preprocess_time: 0.216507
node: 0
algo: SF