instance: K400.7.con.red
obj: 42.0
bound: 28.0
gap: 0.3333333333333333
time: 3599.6222529411316
preprocess_time: 0.397144
sepa_time: 0.0
node: 5230
formulation: LEFPV