instance: K400.1.con.red
obj: 58.0
bound: 46.0
gap: 0.20689655172413793
time: 7199.848875999451
preprocess_time: 0.158668
sepa_time: 0.0
node: 4256
formulation: LEVFP