instance: K400.8.con.red
obj: 1394.0
bound: 149.20302047397894
gap: 0.892967704107555
time: 3602.2370240688324
preprocess_time: 0.553576
node: 11167
formulation: LEFPDB