instance: K400.5.con.red
obj: 1375.0
bound: 1330.0
gap: 0.03272727272727273
time: 3599.90806388855
preprocess_time: 0.102558
sepa_time: 0.0
node: 62621
formulation: LEFPD