instance: K400.8.con.red
obj: 190.0
bound: 110.0
gap: 0.42105263157894735
time: 3599.4671862125397
preprocess_time: 0.558776
node: 68
formulation: LEFPD