instance: K400.10.con.red
obj: 1542.0
bound: 1359.0
gap: 0.11867704280155641
time: 3595.2354719638824
preprocess_time: 4.895314
sepa_time: 0.0
node: 10305
formulation: EFP