instance: K400.9.con.red
obj: 44.0
bound: 31.0
gap: 0.29545454545454547
time: 3599.6665420532227
preprocess_time: 0.397827
sepa_time: 0.0
node: 7959
formulation: LEFPI