instance: K400.6.con.red
obj: 615.0
bound: 65.48041351311336
gap: 0.8935277829053614
time: 1799.9226698875427
preprocess_time: 0.693638
node: 0
algo: SF