instance: K400.6.con.red
obj: 47.0
bound: 32.0
gap: 0.3191489361702128
time: 7198.591414928436
preprocess_time: 1.417511
sepa_time: 0.0
node: 7579
formulation: LEFP