instance: K400.red
obj: 820.0
bound: 98.87979093856525
gap: 0.8794148890992033
time: 1800.1742289066315
preprocess_time: 0.294451
node: 16
formulation: LEVFP