instance: K400.9.con.red
obj: 1406.0
bound: 1281.0
gap: 0.08890469416785206
time: 3595.938222885132
preprocess_time: 4.077617
sepa_time: 0.0
node: 2900
formulation: EVFP