instance: K400.7.con.red
obj: 1434.0
bound: 1284.0
gap: 0.10460251046025104
time: 7196.970970153809
preprocess_time: 3.043251
sepa_time: 0.0
node: 30360
formulation: EFP