instance: K400.2.red
obj: 1578.0
bound: 1535.0
gap: 0.027249683143219267
time: 7198.96146607399
preprocess_time: 1.0443
sepa_time: 0.0
node: 371440
formulation: LEFPV2