instance: K400.8.con.red
obj: 1501.0
bound: 97.9022305173315
gap: 0.9347753294354264
time: 1754.658124923706
preprocess_time: 46.768095
node: 0
algo: EFPV