instance: K400.6.con.red
obj: 1721.0
bound: 1676.0
gap: 0.026147588611272515
time: 3599.6315541267395
preprocess_time: 0.380661
sepa_time: 0.0
node: 115215
formulation: LEFP