instance: K400.3.con.red
obj: 56.0
bound: 38.4243681740243
gap: 0.3138505683204342
time: 3603.1255321502686
preprocess_time: 0.147283
node: 4387
formulation: LEFP