instance: K400.2.red
obj: 1429.0
bound: 76.74078036968992
gap: 0.9462975644718092
time: 1800.017482995987
preprocess_time: 0.384465
node: 0
algo: EFPLg