instance: K400.1.con.red
obj: 58.0
bound: 45.0
gap: 0.22413793103448276
time: 3599.8603641986847
preprocess_time: 0.155667
sepa_time: 0.0
node: 2727
formulation: LEFPD