instance: K400.6.con.red
obj: 1115.0
bound: 16.61783347247272
gap: 0.9850961134775146
time: 1563.7184579372406
preprocess_time: 238.316035
node: 0
formulation: EFPV