instance: K400.8.con.red
obj: 1638.0
bound: 1598.0
gap: 0.02442002442002442
time: 7198.620579957962
preprocess_time: 1.413855
sepa_time: 4.792118049498261e14
node: 230611
formulation: LEFPV