instance: K400.6.con.red
obj: 49.0
bound: 47.99999999999993
gap: 0.020408163265265924
time: 399.0284512042999
preprocess_time: 0.175139
node: 1971
algo: SFD