instance: K400.red
obj: 689.0
bound: 76.61519042026528
gap: 0.8888023361097906
time: 1800.052680015564
preprocess_time: 0.523674
node: 0
algo: EFP0