instance: K400.5.con.red
obj: 1339.0
bound: 1195.0
gap: 0.1075429424943988
time: 7196.548959970474
preprocess_time: 3.48763
sepa_time: 0.0
node: 21009
formulation: EFP