instance: K400.3.con.red
obj: 390.0
bound: 63.851126875680215
gap: 0.8362791618570158
time: 1800.323914051056
preprocess_time: 0.304385
node: 0
algo: EVFP0