instance: K400.6.con.red
obj: 48.0
bound: 31.0
gap: 0.3541666666666667
time: 3599.624493122101
preprocess_time: 0.409759
node: 2113
formulation: LEFP