instance: K400.1.con.red
obj: 638.0
bound: 48.42267374487615
gap: 0.9241023922492655
time: 3601.934952020645
preprocess_time: 0.116183
node: 13727
formulation: LEFPDB