instance: K400.5.con.red
obj: 42.0
bound: 29.0
gap: 0.30952380952380953
time: 3599.8595440387726
preprocess_time: 0.150052
sepa_time: 1.0
node: 824
formulation: EVFP