instance: K400.9.con.red
obj: 0.0
bound: 0.0
gap: 0.0
time: 50.84661102294922
preprocess_time: 0.186233
node: 0
algo: EVFP0