instance: K400.red
obj: 1535.0
bound: 1432.0
gap: 0.06710097719869706
time: 7196.499007940292
preprocess_time: 3.709078
sepa_time: 0.0
node: 3341
formulation: EVFP