instance: K400.5.con.red
obj: 1343.0
bound: 1189.0
gap: 0.114668652271035
time: 7197.361928939819
preprocess_time: 2.6969
sepa_time: 0.0
node: 42872
formulation: EFP