instance: K400.9.con.red
obj: 43.0
bound: 32.0
gap: 0.2558139534883721
time: 7199.7671411037445
preprocess_time: 1.620853
sepa_time: 0.0
node: 10202
formulation: LEFPA