instance: K400.8.con.red
obj: 175.0
bound: 107.0
gap: 0.38857142857142857
time: 3599.477033853531
preprocess_time: 0.541132
node: 516
formulation: LEVFP