instance: K400.6.con.red
obj: 47.0
bound: 31.0
gap: 0.3404255319148936
time: 3599.6354269981384
preprocess_time: 0.406027
node: 2690
formulation: LEFPV