instance: K400.4.red
obj: 503.0
bound: 63.58326073737875
gap: 0.8735919269632881
time: 1800.1448259353638
preprocess_time: 0.210608
node: 70
algo: F