instance: K400.9.con.red
obj: 46.0
bound: 30.0
gap: 0.34782608695652173
time: 3599.848731994629
preprocess_time: 0.172063
sepa_time: 0.0
node: 7934
formulation: EFP