instance: K400.red
obj: 148.0
bound: 24.034292993933825
gap: 0.8376061284188001
time: 1800.4396109580994
preprocess_time: 0.114817
node: 510
algo: RF