instance: K400.2.red
obj: 182.0
bound: 136.0
gap: 0.25274725274725274
time: 3599.577064037323
preprocess_time: 0.448525
node: 908
formulation: LEVFP