instance: K400.red
org_node: 231
org_edge: 914
org_min_len: 0.010290688636716928
org_avg_len: 0.20072264829766925
org_max_len: 1.0
dtf_node: 403
dtf_edge: 1086
dtf_min_len: 0.0010085999172180504
dtf_avg_len: 0.16893232094297378
dtf_max_len: 1.0
sdb_node: 2555
sdb_edge: 3238
sdb_min_len: 0.010290688636716928
sdb_avg_len: 0.056658585714660224
sdb_max_len: 0.06620550287579667
dlt: 0.06623847393823086
formulation: None