instance: K400.2.red
obj: 38.0
bound: 25.0
gap: 0.34210526315789475
time: 7198.591721057892
preprocess_time: 1.422063
sepa_time: 0.0
node: 10264
formulation: LEFP