instance: K400.5.con.red
obj: 288.0
bound: 103.69500233839862
gap: 0.6399479085470048
time: 1800.4240109920502
preprocess_time: 0.132973
node: 603
algo: RF