instance: K400.3.con.red
obj: 1339.0
bound: 1304.0
gap: 0.026138909634055265
time: 7199.897900819778
preprocess_time: 0.113849
sepa_time: 0.0
node: 265203
formulation: LEVFP