instance: K400.6.con.red
obj: 219.0
bound: 129.0
gap: 0.410958904109589
time: 3599.4782450199127
preprocess_time: 0.556995
node: 281
formulation: LEFPD