instance: K400.2.red
obj: 91.00000051876816
bound: 18.045489740611686
gap: 0.8016979160679225
time: 1800.147516965866
preprocess_time: 0.161366
node: 160
algo: ERF