instance: K400.red
obj: 44.0
bound: 29.0
gap: 0.3409090909090909
time: 7199.894016027451
preprocess_time: 0.11235
sepa_time: 0.0
node: 3642
formulation: LEVFP