instance: K400.8.con.red
obj: 1637.9999999932504
bound: 1599.0
gap: 0.023809523805501293
time: 7198.173823833466
preprocess_time: 1.837202
sepa_time: 4.057660979774144e14
node: 190449
formulation: LEFPAV