instance: K400.1.con.red
obj: 1265.0
bound: 27.356522177607268
gap: 0.9783742907686125
time: 1801.3221459388733
preprocess_time: 0.200105
node: 300
formulation: EVFP