instance: K400.9.con.red
obj: 188.0
bound: 153.0
gap: 0.18617021276595744
time: 3599.6265988349915
preprocess_time: 0.389438
node: 1297
formulation: LEFPD