instance: K400.7.con.red
obj: 1420.0
bound: 1386.0
gap: 0.023943661971830985
time: 3599.912148952484
preprocess_time: 0.094989
sepa_time: 0.0
node: 58597
formulation: LEVFP