instance: K400.red
obj: 1523.0
bound: 1485.0
gap: 0.02495075508864084
time: 7198.488919019699
preprocess_time: 1.521294
sepa_time: 0.0
node: 256947
formulation: LEFPA