instance: K400.1.con.red
obj: 1388.0
bound: 1346.0
gap: 0.03025936599423631
time: 7198.9262528419495
preprocess_time: 1.082039
sepa_time: 0.0
node: 717719
formulation: LEFPA