instance: K400.9.con.red
obj: 175.0
bound: 142.0
gap: 0.18857142857142858
time: 3599.6254489421844
preprocess_time: 0.389502
node: 7350
formulation: LEFPV