instance: K400.10.con.red
obj: 1524.0
bound: 1479.0
gap: 0.02952755905511811
time: 3599.643918991089
preprocess_time: 0.367899
sepa_time: 0.0
node: 92668
formulation: LEFPV