instance: K400.10.con.red
obj: 1302.0
bound: 15.577946994161431
gap: 0.9880353709721503
time: 1800.398854970932
preprocess_time: 0.236081
node: 0
algo: EVFP