instance: K400.8.con.red
obj: 1046.0
bound: 20.086382809145825
gap: 0.9807969571613346
time: 1800.544250011444
preprocess_time: 0.180862
node: 0
algo: ERF