instance: K400.4.red
obj: 39.0
bound: 24.0
gap: 0.38461538461538464
time: 3599.8025109767914
preprocess_time: 0.211722
sepa_time: 0.0
node: 6188
formulation: EFP