instance: K400.3.con.red
obj: 44.0
bound: 31.0
gap: 0.29545454545454547
time: 7200.011766195297
preprocess_time: 0.094823
sepa_time: 0.0
node: 10354
formulation: EFP