instance: K400.6.con.red
obj: 317.0
bound: 25.03301027872553
gap: 0.9210315133160326
time: 1800.5851109027863
preprocess_time: 0.155313
node: 0
formulation: LEVFP