instance: K400.7.con.red
obj: 536.0
bound: 75.97884951352029
gap: 0.8582484150865557
time: 1787.8119947910309
preprocess_time: 27.774178
node: 7
algo: EFPV