instance: K400.1.con.red
obj: 72.0
bound: 41.64251556736201
gap: 0.42163172823049755
time: 1802.099792957306
preprocess_time: 0.152016
node: 638
formulation: LEVFP