instance: K400.7.con.red
obj: 37.0
bound: 27.0
gap: 0.2702702702702703
time: 7198.453295946121
preprocess_time: 1.56612
sepa_time: 2.1667018101362662e14
node: 10586
formulation: LEFPAV