instance: K400.3.con.red
obj: 43.0
bound: 31.0
gap: 0.27906976744186046
time: 3599.0601620674133
preprocess_time: 0.946699
sepa_time: 0.0
node: 6142
formulation: LEFP