instance: K400.4.red
obj: 36.0
bound: 27.0
gap: 0.25
time: 7199.904148101807
preprocess_time: 0.137772
sepa_time: 0.0
node: 1566
formulation: EVFP