instance: K400.3.con.red
obj: 1338.0
bound: 1302.0
gap: 0.026905829596412557
time: 3598.6247828006744
preprocess_time: 1.385146
sepa_time: 0.0
node: 186142
formulation: LEFPV2