instance: K400.1.con.red
obj: 1433.0
bound: 1337.0
gap: 0.06699232379623168
time: 3599.8823568820953
preprocess_time: 0.138756
sepa_time: 0.0
node: 330746
formulation: LEFPD