instance: K400.2.red
obj: 1577.0
bound: 1535.0
gap: 0.02663284717818643
time: 3598.5965230464935
preprocess_time: 1.408124
sepa_time: 0.0
node: 155810
formulation: LEFPI