instance: K400.3.con.red
obj: 622.0
bound: 92.43703625530343
gap: 0.8513874015186679
time: 1800.4422199726105
preprocess_time: 0.240549
node: 0
formulation: LEVFP