instance: K400.2.red
obj: 501.0
bound: 121.06984601154743
gap: 0.7583436207352829
time: 1764.39226603508
preprocess_time: 36.333737
node: 0
formulation: EFPV