instance: K400.red
obj: 663.0
bound: 97.04420933806922
gap: 0.8536286435321951
time: 3603.450655937195
preprocess_time: 0.568428
node: 1110
formulation: EFP