instance: K400.5.con.red
obj: 39.0
bound: 27.0
gap: 0.3076923076923077
time: 7198.075924158096
preprocess_time: 1.934598
sepa_time: 0.0
node: 10351
formulation: LEFPA