instance: K400.red
obj: 165.0
bound: 119.0
gap: 0.2787878787878788
time: 3599.5401089191437
preprocess_time: 0.473927
node: 4178
formulation: LEFP