instance: K400.1.con.red
obj: 1394.0
bound: 1331.0
gap: 0.04519368723098996
time: 3599.6408529281616
preprocess_time: 0.374193
sepa_time: 0.0
node: 511542
formulation: LEFP