instance: K400.4.red
obj: 1127.0
bound: 15.24128400447005
gap: 0.9864762342461679
time: 1800.4770019054413
preprocess_time: 0.223948
node: 21
algo: EVFP0