instance: K400.10.con.red
obj: 40.0
bound: 25.0
gap: 0.375
time: 7199.848824977875
preprocess_time: 0.163067
sepa_time: 5.0e-324
node: 1335
formulation: LEVFP