instance: K400.9.con.red
obj: 44.0
bound: 32.0
gap: 0.2727272727272727
time: 7198.105890035629
preprocess_time: 1.91792
sepa_time: 1.429321402447268e14
node: 10310
formulation: LEFPAV