instance: K400.1.con.red
obj: 57.0
bound: 46.0
gap: 0.19298245614035087
time: 7198.601726055145
preprocess_time: 1.404598
sepa_time: 0.0
node: 11479
formulation: LEFPA