instance: K400.10.con.red
obj: 40.0
bound: 25.0
gap: 0.375
time: 7199.898859977722
preprocess_time: 0.11254
sepa_time: 0.0
node: 1739
formulation: LEVFP