instance: K400.4.red
obj: 660.0
bound: 660.0
gap: 0.0
time: 0.10611701011657715
preprocess_time: 1.461802
sepa_time: 0.0
node: 1
formulation: LEFPAV