instance: K400.7.con.red
obj: 1430.0
bound: 1327.0
gap: 0.07202797202797202
time: 7196.148983001709
preprocess_time: 3.869273
sepa_time: 0.0
node: 3636
formulation: EVFP