instance: K400.10.con.red
obj: 170.99999999375152
bound: 129.0
gap: 0.2456140350601534
time: 3599.6323981285095
preprocess_time: 0.389739
node: 5127
formulation: LEFPV