instance: K400.4.red
obj: 1272.0
bound: 1137.0
gap: 0.10613207547169812
time: 7196.627001047134
preprocess_time: 3.412699
sepa_time: 0.0
node: 16598
formulation: EFP