instance: K400.8.con.red
obj: 176.99999999064727
bound: 117.0
gap: 0.3389830508125293
time: 3599.4663190841675
preprocess_time: 0.549525
node: 1277
formulation: LEFPV