instance: K400.6.con.red
obj: 179.0
bound: 126.0
gap: 0.29608938547486036
time: 3599.4757120609283
preprocess_time: 0.546148
node: 1607
formulation: LEVFP