instance: K400.2.red
obj: 39.0
bound: 27.0
gap: 0.3076923076923077
time: 3599.8852438926697
preprocess_time: 0.120752
sepa_time: 6.89887087322523e-310
node: 1029
formulation: EVFP