instance: K400.6.con.red
obj: 1716.0
bound: 1679.0
gap: 0.02156177156177156
time: 7199.874204874039
preprocess_time: 0.140127
sepa_time: 2.121995791e-314
node: 234074
formulation: LEVFP