instance: K400.7.con.red
obj: 100.0
bound: 19.88316955009826
gap: 0.8011683044982162
time: 1800.3062479496002
preprocess_time: 0.157145
node: 378
algo: F