instance: K400.9.con.red
obj: 1406.0
bound: 1281.0
gap: 0.08890469416785206
time: 3596.049213886261
preprocess_time: 4.230711
sepa_time: 4.0e-323
node: 2906
formulation: EVFP