instance: K400.10.con.red
obj: 296.0
bound: 109.53551404268569
gap: 0.6299475876934166
time: 1800.644189119339
preprocess_time: 0.264167
node: 124
algo: RF