instance: K400.8.con.red
obj: 262.0
bound: 144.17357301067733
gap: 0.449719186981976
time: 3602.9260110855103
preprocess_time: 0.554962
node: 1093
formulation: LEFPI