instance: K400.red
obj: 1522.0
bound: 1482.0
gap: 0.026281208935611037
time: 3599.875689983368
preprocess_time: 0.137712
sepa_time: 0.0
node: 161169
formulation: LEFPV2