instance: K400.red
obj: 729.0
bound: 98.17170755748768
gap: 0.8653337344889241
time: 1800.3028779029846
preprocess_time: 0.276585
node: 0
algo: RF