instance: K400.5.con.red
obj: 40.0
bound: 27.0
gap: 0.325
time: 3598.543774843216
preprocess_time: 1.473269
sepa_time: 0.0
node: 7367
formulation: LEFPV2