instance: K400.5.con.red
obj: 165.0
bound: 127.0
gap: 0.23030303030303031
time: 3599.6321868896484
preprocess_time: 0.407982
node: 5206
formulation: LEFPI