instance: K400.10.con.red
obj: 1057.0
bound: 1015.0
gap: 0.039735099337748346
time: 3599.643241882324
preprocess_time: 0.381437
sepa_time: 0.0
node: 80962
formulation: LEFPV2