instance: K400.4.red
obj: 37.0
bound: 24.0
gap: 0.35135135135135137
time: 3598.604651927948
preprocess_time: 1.408502
sepa_time: 0.0
node: 5282
formulation: LEFP