instance: K400.red
obj: 788.0
bound: 788.0
gap: 0.0
time: 0.08688211441040039
preprocess_time: 1.188219
sepa_time: 0.0
node: 1
formulation: LEFPAI