instance: K400.3.con.red
obj: 0.0
bound: 0.0
gap: 0.0
time: 32.727494955062866
preprocess_time: 0.23363
node: 0
algo: EVFP