instance: K400.1.con.red
obj: 951.0
bound: 36.39616653150556
gap: 0.9617285315125114
time: 1800.5202310085297
preprocess_time: 0.151489
node: 0
algo: ESFV