instance: K400.3.con.red
obj: 1355.0
bound: 1219.0
gap: 0.1003690036900369
time: 3596.2578859329224
preprocess_time: 3.76686
sepa_time: 0.0
node: 3074
formulation: EVFP