instance: K400.1.con.red
obj: 57.0
bound: 45.0
gap: 0.21052631578947367
time: 3599.908695936203
preprocess_time: 0.113504
sepa_time: 0.0
node: 6950
formulation: LEFPV2