instance: K400.9.con.red
obj: 45.0
bound: 32.0
gap: 0.28888888888888886
time: 7198.552402973175
preprocess_time: 1.458077
sepa_time: 0.0
node: 1084
formulation: LEFPAD