instance: K400.9.con.red
obj: 700.0
bound: 79.20883318827359
gap: 0.8868445240166253
time: 1758.4973421096802
preprocess_time: 49.990805
node: 0
algo: EFPV