instance: K400.10.con.red
obj: 96.0
bound: 17.742844807378674
gap: 0.8151786999222896
time: 1800.7715299129486
preprocess_time: 0.133784
node: 13
formulation: LEVFP