instance: K400.4.red
obj: 226.0
bound: 173.57650573553073
gap: 0.2319623640019738
time: 3605.608877182007
preprocess_time: 0.115496
node: 14476
formulation: LEFPD