instance: K400.1.con.red
obj: 68.0
bound: 41.9744702004883
gap: 0.382728379404021
time: 3601.9250228405
preprocess_time: 0.113335
node: 1611
formulation: LEVFP