instance: K400.8.con.red
obj: 1106.9999999896168
bound: 1056.0
gap: 0.046070460695659544
time: 3599.6049280166626
preprocess_time: 0.398558
sepa_time: 0.0
node: 13433
formulation: LEFPV2