instance: K400.red
obj: 1311.0
bound: 157.8230339287682
gap: 0.8796162975371044
time: 3604.045769929886
preprocess_time: 0.473881
node: 46894
formulation: LEFPDB