instance: K400.8.con.red
obj: 1170.0
bound: 1105.0
gap: 0.05555555555555555
time: 3599.902491092682
preprocess_time: 0.118037
sepa_time: 0.0
node: 15511
formulation: LEFPD