instance: K400.5.con.red
obj: 545.0000000000473
bound: 110.4685617363791
gap: 0.7973053913092674
time: 3603.8512501716614
preprocess_time: 0.489391
node: 6318
formulation: EFP