instance: K400.10.con.red
obj: 40.0
bound: 25.0
gap: 0.375
time: 7199.025938987732
preprocess_time: 0.988351
sepa_time: 0.0
node: 10280
formulation: LEFPV2