instance: K400.9.con.red
obj: 963.0
bound: 27.1924548649785
gap: 0.9717627675336701
time: 1630.902811050415
preprocess_time: 169.959186
node: 0
algo: EFPV