instance: K400.7.con.red
obj: 54.0
bound: 23.301183901512065
gap: 0.5684965944153905
time: 3602.830910921097
preprocess_time: 0.166768
node: 1404
formulation: EFP