instance: K400.3.con.red
obj: 1337.0
bound: 1304.0
gap: 0.02468212415856395
time: 7198.93816614151
preprocess_time: 1.073713
sepa_time: 0.0
node: 322645
formulation: LEFP