instance: K400.red
obj: 1574.0
bound: 1527.0
gap: 0.02986022871664549
time: 3598.539703130722
preprocess_time: 1.472765
sepa_time: 0.0
node: 70253
formulation: LEFPD