instance: K400.4.red
org_node: 197
org_edge: 784
org_min_len: 0.0017925292008789176
org_avg_len: 0.21909347467447715
org_max_len: 1.0
dtf_node: 358
dtf_edge: 945
dtf_min_len: 0.0006939538557964031
dtf_avg_len: 0.18176643824845534
dtf_max_len: 1.0
sdb_node: 516
sdb_edge: 1103
sdb_min_len: 5.796669158586454e-5
sdb_avg_len: 0.15572917873507783
sdb_max_len: 0.21909325558100248
dlt: 0.21909347467447715
algo: None