instance: K400.1.con.red
obj: 58.0
bound: 45.0
gap: 0.22413793103448276
time: 3599.845139980316
preprocess_time: 0.383979
node: 10202
formulation: LEFP