instance: K400.1.con.red
obj: 0.0
bound: 0.0
gap: 0.0
time: 9.459836959838867
preprocess_time: 0.167817
node: 0
algo: EVFP