instance: K400.9.con.red
obj: 457.0
bound: 72.46637246961018
gap: 0.8414302571779118
time: 1800.3603539466858
preprocess_time: 0.304674
node: 0
algo: SF