instance: K400.9.con.red
obj: 1275.0
bound: 17.084977241298333
gap: 0.9866000178498847
time: 1800.1495850086212
preprocess_time: 0.256942
node: 0
algo: EVFP