instance: K400.5.con.red
obj: 45.0
bound: 27.0
gap: 0.4
time: 3598.6181168556213
preprocess_time: 1.398633
sepa_time: 0.0
node: 5514
formulation: LEFPI