instance: K400.3.con.red
obj: 63.0
bound: 24.96380899612171
gap: 0.6037490635526652
time: 1800.4814910888672
preprocess_time: 0.187822
node: 722
formulation: LEVFP