instance: K400.9.con.red
obj: 1009.0
bound: 970.0
gap: 0.03865213082259663
time: 3599.631339073181
preprocess_time: 0.386787
sepa_time: 0.0
node: 75698
formulation: LEFPV