instance: K400.5.con.red
obj: 1329.0
bound: 1296.0
gap: 0.024830699774266364
time: 7198.615089893341
preprocess_time: 1.394433
sepa_time: 1.1069192703137333e14
node: 543476
formulation: LEFPV2