instance: K400.5.con.red
obj: 41.0
bound: 27.0
gap: 0.34146341463414637
time: 3598.631036043167
preprocess_time: 1.399361
sepa_time: 0.0
node: 5457
formulation: LEFP