instance: K400.9.con.red
obj: 64.0
bound: 26.37308720933776
gap: 0.5879205123531789
time: 1800.2142910957336
preprocess_time: 0.196901
node: 560
algo: EVFPL