instance: K400.7.con.red
obj: 944.0
bound: 20.252005839605218
gap: 0.9785466039833653
time: 1800.356260061264
preprocess_time: 0.113064
node: 0
algo: ERF