instance: K400.9.con.red
obj: 700.0
bound: 78.4444127120865
gap: 0.8879365532683209
time: 1800.3991639614105
preprocess_time: 0.340134
node: 0
algo: EFP