instance: K400.red
obj: 1523.0
bound: 1484.0
gap: 0.025607353906762966
time: 7198.569894790649
preprocess_time: 1.435441
sepa_time: 5.118047876685496e14
node: 419162
formulation: LEFPAV