instance: K400.10.con.red
obj: 141.0
bound: 15.472959642975042
gap: 0.8902626975669216
time: 1800.134377002716
preprocess_time: 0.137767
node: 216
algo: F