instance: K400.9.con.red
obj: 587.0
bound: 74.05442343865253
gap: 0.8738425495081091
time: 1800.145605802536
preprocess_time: 0.253488
node: 3
algo: F