instance: K400.4.red
obj: 1284.0
bound: 1139.0
gap: 0.11292834890965732
time: 7196.709270954132
preprocess_time: 3.338658
sepa_time: 0.0
node: 45039
formulation: EFP