instance: K400.red
obj: 45.0
bound: 30.0
gap: 0.3333333333333333
time: 7198.544986009598
preprocess_time: 1.46903
sepa_time: 0.0
node: 4790
formulation: LEFPD