instance: K400.7.con.red
obj: 1006.0
bound: 959.0
gap: 0.04671968190854871
time: 3599.904247045517
preprocess_time: 0.113339
sepa_time: 0.0
node: 120609
formulation: LEFPV2