instance: K400.4.red
obj: 1280.0
bound: 1163.0
gap: 0.09140625
time: 3597.211800098419
preprocess_time: 2.799404
sepa_time: 0.0
node: 2925
formulation: EVFP