instance: K400.7.con.red
obj: 530.9999990000056
bound: 75.46505925923113
gap: 0.8578812440650944
time: 1800.2646288871765
preprocess_time: 0.357512
node: 100
algo: EFP0