instance: K400.6.con.red
obj: 1436.0
bound: 19.31508030727275
gap: 0.9865493869725827
time: 1800.2131068706512
preprocess_time: 0.302875
node: 0
algo: EVFP