instance: K400.2.red
obj: 38.0
bound: 25.0
gap: 0.34210526315789475
time: 3599.6158010959625
preprocess_time: 0.394828
node: 830
formulation: LEVFP