instance: K400.1.con.red
obj: 1412.0
bound: 992.0
gap: 0.29745042492917845
time: 3596.1954679489136
preprocess_time: 3.849593
sepa_time: 0.0
node: 11781
formulation: EFP