instance: K400.10.con.red
obj: 40.0
bound: 25.0
gap: 0.375
time: 7198.968410015106
preprocess_time: 1.060609
sepa_time: 0.0
node: 10420
formulation: LEFP