instance: K400.2.red
obj: 266.0
bound: 17.577743520449683
gap: 0.9339182574415674
time: 1800.416307926178
preprocess_time: 0.113713
node: 0
algo: SF