instance: K400.9.con.red
obj: 45.0
bound: 32.0
gap: 0.28888888888888886
time: 7199.839340925217
preprocess_time: 0.173455
sepa_time: 2.121995791e-314
node: 935
formulation: LEVFP