instance: K400.5.con.red
obj: 68.0
bound: 27.305581268055533
gap: 0.5984473342924209
time: 3602.0842509269714
preprocess_time: 0.149598
node: 3462
formulation: LEFP