instance: K400.10.con.red
obj: 1002.0
bound: 16.05072650490491
gap: 0.9839813108732501
time: 1700.9699659347534
preprocess_time: 148.369322
node: 16
algo: EFPV