instance: K400.2.red
obj: 325.0
bound: 19.58274888707241
gap: 0.9397453880394881
time: 1800.2730059623718
preprocess_time: 0.171844
node: 0
algo: RF