instance: K400.3.con.red
obj: 1339.0
bound: 1303.0
gap: 0.0268857356235997
time: 3599.8817069530487
preprocess_time: 0.128664
sepa_time: 4.55e-322
node: 97209
formulation: LEVFP