instance: K400.red
obj: 788.0
bound: 788.0
gap: 0.0
time: 0.3907649517059326
preprocess_time: 1.912718
sepa_time: 0.0
node: 1
formulation: LEFPAD