instance: K400.4.red
obj: 207.0
bound: 160.34403240944914
gap: 0.22539114778033006
time: 3604.3311219215393
preprocess_time: 0.160373
node: 17913
formulation: LEFPI