instance: K400.7.con.red
obj: 87.0
bound: 0.0
gap: 0.9999999999988506
time: 1801.1571049690247
preprocess_time: 0.259201
node: 6993
algo: EVFPV