instance: K400.1.con.red
obj: 108.0
bound: 32.793658674870805
gap: 0.6963550122690699
time: 1800.3946759700775
preprocess_time: 0.105724
node: 519
algo: ERF