instance: K400.3.con.red
obj: 664.0
bound: 68.77353047818339
gap: 0.8964254059062152
time: 1800.3211379051208
preprocess_time: 0.337974
node: 0
algo: EFP0