instance: K400.6.con.red
obj: 99.0
bound: 25.97495952685417
gap: 0.7376266714451724
time: 3602.6879391670227
preprocess_time: 0.422748
node: 535
formulation: EFP