instance: K400.4.red
obj: 542.0
bound: 75.71594258831848
gap: 0.860302688951283
time: 1800.2665560245514
preprocess_time: 0.245188
node: 0
formulation: EFP