instance: K400.1.con.red
obj: 1024.0
bound: 958.0
gap: 0.064453125
time: 3599.850594997406
preprocess_time: 0.172301
sepa_time: 0.0
node: 276324
formulation: LEFP