instance: K400.9.con.red
obj: 45.0
bound: 32.0
gap: 0.28888888888888886
time: 7198.601317167282
preprocess_time: 1.438183
sepa_time: 0.0
node: 10974
formulation: LEFP