instance: K400.6.con.red
obj: 1115.0
bound: 20.79861643485587
gap: 0.9813465323453328
time: 1800.6454501152039
preprocess_time: 0.251181
node: 0
formulation: EFPI