instance: K400.8.con.red
obj: 44.0
bound: 27.0
gap: 0.38636363636363635
time: 3599.881558895111
preprocess_time: 0.128576
sepa_time: 0.0
node: 1134
formulation: EFP