instance: K400.8.con.red
obj: 1693.0
bound: 1636.0
gap: 0.03366804489072652
time: 3599.9145510196686
preprocess_time: 0.099297
sepa_time: 0.0
node: 31779
formulation: LEFPD