instance: K400.10.con.red
obj: 2044.0
bound: 70.65530191370635
gap: 0.9654328268523469
time: 1800.3035368919373
preprocess_time: 0.234825
node: 0
algo: EVFP0