instance: K400.6.con.red
obj: 1583.0
bound: 74.23307710799682
gap: 0.9531060788957092
time: 1800.0496399402618
preprocess_time: 0.783854
node: 0
algo: ERF