instance: K400.6.con.red
obj: 48.0
bound: 30.0
gap: 0.375
time: 3599.6050419807434
preprocess_time: 0.406704
node: 5702
formulation: EFP