instance: K400.7.con.red
obj: 944.0
bound: 20.85220139412135
gap: 0.9779108036078187
time: 1800.2006468772888
preprocess_time: 0.104817
node: 0
algo: EFPLg