instance: K400.6.con.red
obj: 837.0
bound: 69.7184456775297
gap: 0.9167043659765575
time: 1800.0253930091858
preprocess_time: 0.349172
node: 0
algo: F