instance: K400.7.con.red
obj: 1467.0
bound: 1413.0
gap: 0.03680981595092025
time: 3599.6483068466187
preprocess_time: 0.366439
sepa_time: 0.0
node: 43018
formulation: LEFPD