instance: K400.4.red
obj: 34.0
bound: 24.0
gap: 0.29411764705882354
time: 7199.411581993103
preprocess_time: 1.602097
sepa_time: 0.0
node: 10243
formulation: LEFPAI