instance: K400.5.con.red
obj: 643.0
bound: 112.23971000399993
gap: 0.8254436858412403
time: 1800.3033919334412
preprocess_time: 0.170443
node: 0
algo: ESFV