instance: K400.7.con.red
obj: 0.0
bound: 0.0
gap: 0.0
time: 33.175925970077515
preprocess_time: 0.380064
node: 0
algo: EVFP