instance: K400.10.con.red
obj: 41.0
bound: 26.0
gap: 0.36585365853658536
time: 7199.871204853058
preprocess_time: 1.424496
sepa_time: 0.0
node: 10243
formulation: LEFP