instance: K400.red
obj: 1543.0
bound: 1410.0
gap: 0.08619572261827609
time: 3595.20409488678
preprocess_time: 4.813791
sepa_time: 0.0
node: 2594
formulation: EVFP