instance: K400.5.con.red
obj: 295.0
bound: 21.586573688046407
gap: 0.9268251739385115
time: 1800.4528920650482
preprocess_time: 0.122567
node: 36
algo: RF