instance: K400.7.con.red
obj: 67.0
bound: 23.85505187610802
gap: 0.6439544496093669
time: 3602.302218914032
preprocess_time: 0.161964
node: 640
formulation: LEVFP