instance: K400.red
obj: 44.0
bound: 29.0
gap: 0.3409090909090909
time: 7198.527685165405
preprocess_time: 1.496487
sepa_time: 0.0
node: 8367
formulation: LEFPA