instance: K400.2.red
obj: 751.0
bound: 115.69380399781284
gap: 0.8459469986712417
time: 3601.6030390262604
preprocess_time: 0.444151
node: 1394
formulation: EFP