instance: K400.1.con.red
obj: 59.0
bound: 45.0
gap: 0.23728813559322035
time: 3599.6558520793915
preprocess_time: 0.38212
node: 3668
formulation: LEFPD