instance: K400.5.con.red
obj: 317.0
bound: 70.15334772777325
gap: 0.7786960639499965
time: 1800.3489558696747
preprocess_time: 0.237831
node: 252
algo: F