instance: K400.4.red
obj: 691.0
bound: 75.77678031848369
gap: 0.8903375103928035
time: 1800.274580001831
preprocess_time: 0.279606
node: 0
algo: EFP0