instance: K400.8.con.red
obj: 272.0
bound: 18.108205240629776
gap: 0.9334257160267533
time: 1800.1888589859009
preprocess_time: 0.164881
node: 16
algo: EVFPV