instance: K400.1.con.red
obj: 180.0
bound: 143.0
gap: 0.20555555555555555
time: 3599.6194541454315
preprocess_time: 0.390044
node: 1099
formulation: LEVFP