instance: K400.3.con.red
obj: 1340.0
bound: 1302.0
gap: 0.028358208955223882
time: 7198.227178096771
preprocess_time: 1.782514
sepa_time: 0.0
node: 394891
formulation: LEFPA