instance: K400.red
obj: 1542.0
bound: 1378.0
gap: 0.10635538261997406
time: 3595.3917179107666
preprocess_time: 4.649515
sepa_time: 0.0
node: 10437
formulation: EFP