instance: K400.3.con.red
obj: 688.0
bound: 146.68910783628777
gap: 0.7867890874471417
time: 3602.405331850052
preprocess_time: 0.195308
node: 3650
formulation: LEFPD