instance: K400.1.con.red
obj: 1016.0
bound: 958.0
gap: 0.05708661417322835
time: 3599.6089401245117
preprocess_time: 0.395528
sepa_time: 0.0
node: 225010
formulation: LEFPI