instance: K400.1.con.red
obj: 0.0
bound: 0.0
gap: 0.0
time: 16.299448013305664
preprocess_time: 0.191608
node: 0
algo: EVFP0