instance: K400.4.red
obj: 38.0
bound: 25.0
gap: 0.34210526315789475
time: 7199.866286993027
preprocess_time: 0.150373
sepa_time: 2.0e-323
node: 1173
formulation: LEVFP