instance: K400.4.red
obj: 1279.0
bound: 1164.0
gap: 0.08991399530883502
time: 3597.1111221313477
preprocess_time: 2.900719
sepa_time: 0.0
node: 2930
formulation: EVFP