instance: K400.4.red
obj: 1309.0
bound: 1266.0
gap: 0.03284950343773873
time: 3598.9719450473785
preprocess_time: 1.034977
sepa_time: 0.0
node: 51761
formulation: LEFPD