instance: K400.7.con.red
obj: 1419.0
bound: 1385.0
gap: 0.023960535588442564
time: 3598.5990178585052
preprocess_time: 1.411452
sepa_time: 0.0
node: 115828
formulation: LEFPV2