instance: K400.5.con.red
obj: 250.0
bound: 17.181789296892912
gap: 0.9312728428120559
time: 1800.4604268074036
preprocess_time: 0.173658
node: 0
algo: SF