instance: K400.2.red
org_node: 228
org_edge: 948
org_min_len: 0.004557176670081605
org_avg_len: 0.23443750923233359
org_max_len: 1.0
dtf_node: 341
dtf_edge: 1061
dtf_min_len: 0.00017472765025353804
dtf_avg_len: 0.20946914114255558
dtf_max_len: 1.0
sdb_node: 3548
sdb_edge: 4268
sdb_min_len: 0.004557176670081605
sdb_avg_len: 0.05207281132901884
sdb_max_len: 0.0586074115943053
dlt: 0.058609377308083396
formulation: None