instance: K400.7.con.red
obj: 42.0
bound: 29.0
gap: 0.30952380952380953
time: 7199.914897918701
preprocess_time: 0.116475
sepa_time: 7.4e-322
node: 1890
formulation: LEVFP