instance: K400.6.con.red
obj: 49.0
bound: 33.0
gap: 0.32653061224489793
time: 3598.59956908226
preprocess_time: 1.458671
sepa_time: 0.0
node: 863
formulation: LEFPD