instance: K400.9.con.red
obj: 46.0
bound: 32.0
gap: 0.30434782608695654
time: 7198.85431098938
preprocess_time: 1.9209
sepa_time: 0.0
node: 10348
formulation: LEFPAI