instance: K400.red
obj: 970.0
bound: 31.157311779444285
gap: 0.9678790600210916
time: 3601.7164969444275
preprocess_time: 0.158758
node: 477
formulation: LEFPD