instance: K400.8.con.red
obj: 149.0
bound: 20.328290920864827
gap: 0.8635685173090526
time: 1800.2786991596222
preprocess_time: 0.263341
node: 0
algo: EFP0