instance: K400.5.con.red
obj: 663.0
bound: 30.40714798857431
gap: 0.9541370316912976
time: 3602.7710309028625
preprocess_time: 0.150676
node: 9868
formulation: LEFPDB