instance: K400.1.con.red
obj: 58.0
bound: 44.0
gap: 0.2413793103448276
time: 7198.703917980194
preprocess_time: 1.304718
sepa_time: 0.0
node: 10260
formulation: LEFPAD