instance: K400.3.con.red
obj: 45.0
bound: 31.0
gap: 0.3111111111111111
time: 3600.36275100708
preprocess_time: 0.131735
sepa_time: 0.0
node: 1186
formulation: LEVFP