instance: K400.2.red
obj: 1031.0
bound: 18.6024825464996
gap: 0.9819568549499537
time: 1674.9193069934845
preprocess_time: 145.407165
node: 2
algo: EFPV