instance: K400.6.con.red
obj: 1716.0
bound: 1677.0
gap: 0.022727272727272728
time: 3599.869565010071
preprocess_time: 0.152602
sepa_time: 0.0
node: 119763
formulation: LEFP