instance: K400.9.con.red
obj: 1396.0
bound: 1362.0
gap: 0.024355300859598854
time: 3598.5889608860016
preprocess_time: 1.414976
sepa_time: 0.0
node: 148286
formulation: LEFPI