instance: K400.7.con.red
obj: 44.0
bound: 42.999999999999964
gap: 0.02272727272722188
time: 264.0010859966278
preprocess_time: 0.151479
node: 3304
algo: SFD