instance: K400.9.con.red
obj: 963.0
bound: 17.041552445063303
gap: 0.9823036838575685
time: 1800.2931139469147
preprocess_time: 0.233318
node: 0
formulation: EFPI