instance: K400.10.con.red
obj: 71.0
bound: 23.008277956074814
gap: 0.6759397470965858
time: 3602.820708990097
preprocess_time: 0.127563
node: 950
formulation: LEFPI