instance: K400.10.con.red
obj: 1520.0
bound: 1483.0
gap: 0.024342105263157894
time: 7198.998333930969
preprocess_time: 1.008668
sepa_time: 1.1073016943735588e14
node: 247177
formulation: LEFPV2