instance: K400.7.con.red
obj: 42.0
bound: 28.0
gap: 0.3333333333333333
time: 3599.845346927643
preprocess_time: 0.165039
node: 4338
formulation: LEFPI