instance: K400.10.con.red
obj: 1521.0
bound: 1482.0
gap: 0.02564102564102564
time: 7198.655926942825
preprocess_time: 1.355461
sepa_time: 0.0
node: 336176
formulation: LEFP