instance: K400.6.con.red
obj: 111.0
bound: 20.814514037482063
gap: 0.8124818555174476
time: 1800.7285659313202
preprocess_time: 0.235561
node: 0
algo: ERF