instance: K400.red
obj: 271.999996351161
bound: 155.61630077542117
gap: 0.4278812394741426
time: 3603.7870841026306
preprocess_time: 0.469079
node: 6755
formulation: LEFPI