instance: K400.4.red
obj: 152.0
bound: 121.0
gap: 0.20394736842105263
time: 3599.668828010559
preprocess_time: 0.37704
node: 7826
formulation: LEFP