instance: K400.2.red
obj: 39.0
bound: 25.0
gap: 0.358974358974359
time: 3599.616035938263
preprocess_time: 0.393546
node: 3810
formulation: LEFPV