instance: K400.1.con.red
org_node: 217
org_edge: 854
org_min_len: 0.0001035001035001035
org_avg_len: 0.011372872614090411
org_max_len: 1.0
dtf_node: 346
dtf_edge: 983
dtf_min_len: 2.6287559198420046e-5
dtf_avg_len: 0.009880400012648232
dtf_max_len: 1.0
sdb_node: 3214
sdb_edge: 3851
sdb_min_len: 0.0001035001035001035
sdb_avg_len: 0.0025220548461265045
sdb_max_len: 0.002842252842252842
dlt: 0.002843218153522603
formulation: None