instance: K400.6.con.red
obj: 1746.0
bound: 1549.0
gap: 0.11282932416953036
time: 3594.4997930526733
preprocess_time: 5.621758
sepa_time: 0.0
node: 10250
formulation: EFP