instance: K400.6.con.red
obj: 1715.0
bound: 1680.0
gap: 0.02040816326530612
time: 7198.628544092178
preprocess_time: 1.382843
sepa_time: 0.0
node: 280207
formulation: LEFP