instance: K400.4.red
obj: 1262.0
bound: 1232.0
gap: 0.02377179080824089
time: 7198.936731100082
preprocess_time: 1.068387
sepa_time: 0.0
node: 224945
formulation: LEFPV2