instance: K400.10.con.red
obj: 41.0
bound: 26.0
gap: 0.36585365853658536
time: 7198.175930976868
preprocess_time: 1.86834
sepa_time: 0.0
node: 5908
formulation: LEFPA