instance: K400.6.con.red
obj: 1115.0
bound: 16.61783347247272
gap: 0.9850961134775146
time: 1529.2053680419922
preprocess_time: 272.893307
node: 0
algo: EFPV