instance: K400.5.con.red
obj: 650.0
bound: 113.41258750236874
gap: 0.8255190961500749
time: 1764.7605950832367
preprocess_time: 36.219273
node: 0
formulation: EFPV