instance: K400.4.red
obj: 40.0
bound: 25.0
gap: 0.375
time: 3599.8987028598785
preprocess_time: 0.152346
node: 2568
formulation: LEFPI