instance: K400.7.con.red
obj: 1421.0
bound: 1381.0
gap: 0.028149190710767064
time: 3599.645746946335
preprocess_time: 0.368686
sepa_time: 0.0
node: 87114
formulation: LEFPV