instance: K400.2.red
obj: 485.0
bound: 121.35391549715773
gap: 0.7497857412428192
time: 1751.4321401119232
preprocess_time: 49.31596
node: 0
algo: EFPV