instance: K400.2.red
obj: 37.0
bound: 25.0
gap: 0.32432432432432434
time: 7198.879578113556
preprocess_time: 1.131616
sepa_time: 0.0
node: 10254
formulation: LEFP