instance: K400.10.con.red
obj: 509.0
bound: 69.89873230074006
gap: 0.8626743962655672
time: 1800.7431931495667
preprocess_time: 0.239608
node: 12
algo: SF