instance: K400.9.con.red
obj: 0.0
bound: 0.0
gap: 0.0
time: 30.401329040527344
preprocess_time: 0.234983
node: 0
algo: EVFP