instance: K400.5.con.red
obj: 43.0
bound: 27.0
gap: 0.37209302325581395
time: 3599.633138895035
preprocess_time: 0.374659
node: 7958
formulation: LEFP