instance: K400.5.con.red
obj: 630.0
bound: 103.59398481770334
gap: 0.8355651034638303
time: 1800.4934720993042
preprocess_time: 0.210419
node: 153
formulation: LEVFP