instance: K400.6.con.red
obj: 49.0
bound: 32.0
gap: 0.3469387755102041
time: 3599.8284108638763
preprocess_time: 0.18456
sepa_time: 0.0
node: 1396
formulation: LEFPI