instance: K400.7.con.red
org_node: 225
org_edge: 867
org_min_len: 0.004921962664490462
org_avg_len: 0.17881716175438125
org_max_len: 1.0
dtf_node: 290
dtf_edge: 932
dtf_min_len: 0.001261270277759352
dtf_avg_len: 0.16634600776936573
dtf_max_len: 1.0
sdb_node: 302
sdb_edge: 944
sdb_min_len: 0.0009923967219983565
sdb_avg_len: 0.1642314398739925
sdb_max_len: 0.35763396587443896
dlt: 0.3576343235087625
formulation: None