instance: K400.10.con.red
obj: 1522.0
bound: 1483.0
gap: 0.025624178712220762
time: 7198.981262922287
preprocess_time: 1.050877
sepa_time: 0.0
node: 227521
formulation: LEFPA