instance: K400.5.con.red
obj: 140.0
bound: 21.990438524887903
gap: 0.8429254391073415
time: 3604.0259149074554
preprocess_time: 0.148808
node: 570
formulation: LEVFP