instance: K400.6.con.red
org_node: 241
org_edge: 1035
org_min_len: 0.014855072463768116
org_avg_len: 0.17931249629737323
org_max_len: 1.0
dtf_node: 347
dtf_edge: 1141
dtf_min_len: 0.0001830690257986073
dtf_avg_len: 0.16265419252215768
dtf_max_len: 1.0
sdb_node: 3865
sdb_edge: 4659
sdb_min_len: 0.014855072463768116
sdb_avg_len: 0.03983439228756895
sdb_max_len: 0.044823021181716834
dlt: 0.044828124074343306
formulation: None