instance: K400.red
obj: 42.99999999999996
bound: 42.99999999999996
gap: 0.0
time: 211.16463685035706
preprocess_time: 0.151175
node: 1797
algo: SFD