instance: K400.10.con.red
obj: 41.0
bound: 26.0
gap: 0.36585365853658536
time: 7199.0465528965
preprocess_time: 1.09181
sepa_time: 0.0
node: 10202
formulation: LEFPAI