instance: K400.5.con.red
obj: 39.0
bound: 28.0
gap: 0.28205128205128205
time: 7199.911773920059
preprocess_time: 0.143623
sepa_time: 2.1e-322
node: 2373
formulation: LEVFP