instance: K400.3.con.red
obj: 0.0
bound: 0.0
gap: 0.0
time: 24.93173098564148
preprocess_time: 0.208438
node: 0
algo: EVFP0