instance: K400.8.con.red
obj: 44.0
bound: 28.0
gap: 0.36363636363636365
time: 7198.914036989212
preprocess_time: 1.094216
sepa_time: 3.963754379479519e14
node: 5443
formulation: LEFPAV