instance: K400.6.con.red
obj: 48.0
bound: 31.0
gap: 0.3541666666666667
time: 7198.109992980957
preprocess_time: 1.907412
sepa_time: 0.0
node: 9626
formulation: LEFPA