instance: K400.2.red
obj: 38.0
bound: 0.0
gap: 0.9999999999973683
time: 1801.6135849952698
preprocess_time: 0.326679
node: 8432
algo: EVFPV