instance: K400.1.con.red
obj: 179.0
bound: 144.0
gap: 0.19553072625698323
time: 3599.6305508613586
preprocess_time: 0.395382
node: 9039
formulation: LEFPV