instance: K400.4.red
obj: 94.0
bound: 22.668052502360467
gap: 0.7588505052932303
time: 1598.2542860507965
preprocess_time: 203.300527
node: 0
algo: EFPV