instance: K400.6.con.red
obj: 1718.0
bound: 1680.0
gap: 0.02211874272409779
time: 7198.580061912537
preprocess_time: 1.434036
sepa_time: 0.0
node: 273689
formulation: LEFP