instance: K400.10.con.red
org_node: 221
org_edge: 923
org_min_len: 0.003612539799167279
org_avg_len: 0.14091711291885145
org_max_len: 1.0
dtf_node: 333
dtf_edge: 1035
dtf_min_len: 0.0005083682331354575
dtf_avg_len: 0.12566811132763275
dtf_max_len: 1.0
sdb_node: 3454
sdb_edge: 4156
sdb_min_len: 0.003612539799167279
sdb_avg_len: 0.03129607681041866
sdb_max_len: 0.03522736549922443
dlt: 0.03522927822971286
formulation: None