instance: K400.2.red
obj: 562.0
bound: 71.27138129864535
gap: 0.8731825955538565
time: 1800.19695186615
preprocess_time: 0.369609
node: 0
algo: EVFPV