instance: K400.3.con.red
obj: 43.0
bound: 30.0
gap: 0.3023255813953488
time: 3599.881977081299
preprocess_time: 0.148001
sepa_time: 0.0
node: 4146
formulation: EFP