instance: K400.1.con.red
obj: 660.0
bound: 105.46667246156821
gap: 0.8402020114217389
time: 1801.1665558815002
preprocess_time: 0.183696
node: 515
formulation: EFPI