instance: K400.7.con.red
obj: 1000.0
bound: 962.0
gap: 0.038
time: 3599.899270057678
preprocess_time: 0.110138
sepa_time: 5.0e-324
node: 31482
formulation: LEVFP