instance: K400.1.con.red
obj: 87.0
bound: 41.92417142688493
gap: 0.5181129721041754
time: 1801.3915619850159
preprocess_time: 0.15454
node: 515
algo: RF