instance: K400.1.con.red
obj: 57.0
bound: 46.0
gap: 0.19298245614035087
time: 7198.647067070007
preprocess_time: 1.386599
sepa_time: 3.088091541588136e14
node: 11568
formulation: LEFPAV