instance: K400.7.con.red
obj: 42.0
bound: 29.0
gap: 0.30952380952380953
time: 7199.081647872925
preprocess_time: 1.054765
sepa_time: 0.0
node: 10202
formulation: LEFP