instance: K400.red
obj: 1575.0
bound: 1527.0
gap: 0.030476190476190476
time: 3599.879737138748
preprocess_time: 0.138649
sepa_time: 0.0
node: 73164
formulation: LEFPD