instance: K400.red
obj: 1523.0
bound: 1484.0
gap: 0.025607353906762966
time: 7198.914738893509
preprocess_time: 1.094174
sepa_time: 0.0
node: 412825
formulation: LEFP