instance: K400.8.con.red
org_node: 235
org_edge: 987
org_min_len: 0.0012628985060834745
org_avg_len: 0.20031501464206397
org_max_len: 1.0
dtf_node: 427
dtf_edge: 1179
dtf_min_len: 0.0005833128737986609
dtf_avg_len: 0.16769373999297446
dtf_max_len: 1.0
sdb_node: 2742
sdb_edge: 3494
sdb_min_len: 0.0012628985060834745
sdb_avg_len: 0.056585838423502344
sdb_max_len: 0.06609635551573023
dlt: 0.06610395483188111
formulation: None