instance: K400.5.con.red
obj: 38.99999903713264
bound: 28.0
gap: 0.2820512643259127
time: 7198.789752960205
preprocess_time: 1.296142
sepa_time: 0.0
node: 10202
formulation: LEFPAD