instance: K400.7.con.red
obj: 42.0
bound: 29.0
gap: 0.30952380952380953
time: 7199.812476158142
preprocess_time: 0.194654
sepa_time: 0.0
node: 1684
formulation: LEVFP