instance: K400.red
obj: 43.0
bound: 29.0
gap: 0.32558139534883723
time: 7200.53583407402
preprocess_time: 0.111357
sepa_time: 0.0
node: 10247
formulation: EFP