instance: K400.red
obj: 670.0
bound: 102.6273097710935
gap: 0.8468249107892863
time: 1742.8332509994507
preprocess_time: 58.27911
node: 0
formulation: EFPV