instance: K400.4.red
obj: 34.0
bound: 23.0
gap: 0.3235294117647059
time: 7198.410007953644
preprocess_time: 1.59989
sepa_time: 0.0
node: 8086
formulation: LEFPA