instance: K400.4.red
obj: 0.0
bound: 0.0
gap: 0.0
time: 74.51423692703247
preprocess_time: 0.266213
node: 0
algo: EVFP