instance: K400.6.con.red
obj: 1583.0
bound: 105.85650230558672
gap: 0.9331291836350726
time: 1800.2162339687347
preprocess_time: 0.78075
node: 0
algo: ESFV