instance: K400.red
obj: 1527.0
bound: 1485.0
gap: 0.0275049115913556
time: 7198.678905963898
preprocess_time: 1.330761
sepa_time: 5.205763733969135e14
node: 327966
formulation: LEFPV