instance: K400.6.con.red
obj: 1583.0
bound: 75.45673627158823
gap: 0.9523330787923667
time: 1800.102558851242
preprocess_time: 0.547627
node: 0
formulation: EFPI