instance: K400.5.con.red
obj: 1169.0
bound: 17.3597389122328
gap: 0.9851499239415471
time: 1800.8018491268158
preprocess_time: 0.133571
node: 8
formulation: EVFP