instance: K400.8.con.red
obj: 860.0
bound: 860.0
gap: 0.0
time: 0.07014298439025879
preprocess_time: 1.551944
sepa_time: 0.0
node: 1
formulation: LEFPAV