instance: K400.8.con.red
obj: 46.0
bound: 44.999999999999986
gap: 0.02173913043473566
time: 1183.7574989795685
preprocess_time: 0.146964
node: 8464
algo: SFD