instance: K400.4.red
obj: 247.0
bound: 107.46993147193895
gap: 0.5648990628664153
time: 1800.3311150074005
preprocess_time: 0.169127
node: 710
algo: RF