instance: K400.10.con.red
obj: 186.99999999499283
bound: 141.0
gap: 0.2459893047926446
time: 3599.681739091873
preprocess_time: 0.393882
node: 1635
formulation: LEFPD