instance: K400.8.con.red
obj: 0.0
bound: 0.0
gap: 0.0
time: 78.42271709442139
preprocess_time: 0.179881
node: 0
algo: EVFP0