instance: K400.1.con.red
obj: 66.0
bound: 48.462711196701214
gap: 0.26571649701927597
time: 3603.5989661216736
preprocess_time: 0.115472
node: 2573
formulation: LEFPD