instance: K400.8.con.red
obj: 1639.0
bound: 1595.0
gap: 0.026845637583892617
time: 3599.9096281528473
preprocess_time: 0.10052
sepa_time: 0.0
node: 106118
formulation: LEFP