instance: K400.1.con.red
obj: 177.0
bound: 144.0
gap: 0.1864406779661017
time: 3599.8559169769287
preprocess_time: 0.176254
node: 6942
formulation: LEFP