instance: K400.6.con.red
obj: 1115.0
bound: 20.79861643485587
gap: 0.9813465323453328
time: 1800.1464869976044
preprocess_time: 0.178017
node: 0
algo: EFPLg