instance: K400.5.con.red
obj: 40.0
bound: 28.0
gap: 0.3
time: 7198.459703922272
preprocess_time: 1.555001
sepa_time: 0.0
node: 4022
formulation: LEFPAD