instance: K400.6.con.red
obj: 1776.0
bound: 1724.0
gap: 0.02927927927927928
time: 3598.5148639678955
preprocess_time: 1.498118
sepa_time: 0.0
node: 38842
formulation: LEFPD