instance: K400.6.con.red
obj: 1178.0
bound: 1041.0
gap: 0.11629881154499151
time: 3596.649714946747
preprocess_time: 3.372054
sepa_time: 0.0
node: 5149
formulation: EFP