instance: K400.5.con.red
obj: 38.99999903713264
bound: 28.0
gap: 0.2820512643259127
time: 7198.453058958054
preprocess_time: 1.575925
sepa_time: 0.0
node: 9258
formulation: LEFPAD