instance: K400.6.con.red
obj: 1583.0
bound: 75.45673627158823
gap: 0.9523330787923667
time: 1799.9888350963593
preprocess_time: 0.293888
node: 0
algo: EFPLg