instance: K400.7.con.red
obj: 485.0
bound: 69.94097781336133
gap: 0.85579179832279
time: 1800.3597221374512
preprocess_time: 0.221772
node: 34
algo: EVFPV