instance: K400.9.con.red
obj: 73.0
bound: 38.76338676358743
gap: 0.4689947018680229
time: 3603.9359500408173
preprocess_time: 0.133401
node: 3122
formulation: LEFPI