instance: K400.3.con.red
obj: 45.0
bound: 31.0
gap: 0.3111111111111111
time: 3599.9685039520264
preprocess_time: 0.150177
sepa_time: 0.0
node: 1199
formulation: LEVFP