instance: K400.5.con.red
obj: 39.0
bound: 29.0
gap: 0.2564102564102564
time: 7199.881175041199
preprocess_time: 0.163178
sepa_time: 0.0
node: 10595
formulation: EFP