instance: K400.3.con.red
obj: 44.0
bound: 30.0
gap: 0.3181818181818182
time: 7198.681071996689
preprocess_time: 1.32894
sepa_time: 5.604518555317804e13
node: 10281
formulation: LEFPV2