instance: K400.9.con.red
obj: 1396.0
bound: 1358.0
gap: 0.027220630372492838
time: 3599.881865978241
preprocess_time: 0.133968
sepa_time: 0.0
node: 175476
formulation: LEFPV2