instance: K400.10.con.red
obj: 1373.0
bound: 76.25318648227898
gap: 0.9444623550747462
time: 1800.226884841919
preprocess_time: 0.331047
node: 0
algo: EFP0