instance: K400.1.con.red
obj: 171.0
bound: 26.29414626211432
gap: 0.8462330627941583
time: 1800.1845331192017
preprocess_time: 0.159867
node: 638
algo: F