instance: K400.5.con.red
obj: 303.0
bound: 69.92543048067898
gap: 0.7692230017136769
time: 1800.1944661140442
preprocess_time: 0.212395
node: 359
algo: SF