instance: K400.7.con.red
obj: 63.0
bound: 22.48086167651399
gap: 0.6431609257685983
time: 1800.8106679916382
preprocess_time: 0.149057
node: 40
formulation: LEVFP