instance: K400.9.con.red
obj: 1392.0
bound: 1361.0
gap: 0.022270114942528736
time: 7198.872704982758
preprocess_time: 1.132658
sepa_time: 0.0
node: 284915
formulation: LEFPAI