instance: K400.1.con.red
obj: 741.0
bound: 104.63039669862903
gap: 0.8587983850219771
time: 1800.1892130374908
preprocess_time: 0.233843
node: 510
algo: ERF