instance: K400.7.con.red
obj: 42.0
bound: 27.0
gap: 0.35714285714285715
time: 3599.8763160705566
preprocess_time: 0.16553
node: 6729
formulation: LEFP