instance: K400.7.con.red
org_node: 225
org_edge: 867
org_min_len: 0.004921962664490462
org_avg_len: 0.17881716175438125
org_max_len: 1.0
dtf_node: 462
dtf_edge: 1104
dtf_min_len: 8.233359853487832e-5
dtf_avg_len: 0.14042978192123937
dtf_max_len: 1.0
sdb_node: 633
sdb_edge: 1275
sdb_min_len: 8.233359853487832e-5
sdb_avg_len: 0.12159566999297886
sdb_max_len: 0.17881698293721948
dlt: 0.17881716175438125
algo: None