instance: K400.8.con.red
obj: 274.0
bound: 17.923417672702875
gap: 0.9345860668876046
time: 1800.4308848381042
preprocess_time: 0.193099
node: 0
algo: SF