instance: K400.7.con.red
obj: 42.0
bound: 27.0
gap: 0.35714285714285715
time: 3598.574590921402
preprocess_time: 1.453869
sepa_time: 0.0
node: 9046
formulation: LEFPI