instance: K400.3.con.red
obj: 1341.0
bound: 1297.0
gap: 0.03281133482475764
time: 3599.656877040863
preprocess_time: 0.354586
sepa_time: 0.0
node: 174477
formulation: LEFPV