instance: K400.4.red
obj: 843.0
bound: 26.201320123819308
gap: 0.9689189559621397
time: 3604.3850870132446
preprocess_time: 0.168253
node: 485
formulation: LEFPD