instance: K400.8.con.red
obj: 1650.0
bound: 1537.0
gap: 0.06848484848484848
time: 7194.786420822144
preprocess_time: 5.231402
sepa_time: 0.0
node: 3434
formulation: EVFP