instance: K400.3.con.red
obj: 452.0
bound: 63.93182996645625
gap: 0.8585578983041104
time: 1800.1008188724518
preprocess_time: 0.31368
node: 0
algo: EVFPV