instance: K400.7.con.red
obj: 1424.0
bound: 1385.0
gap: 0.027387640449438203
time: 7198.448004961014
preprocess_time: 1.562955
sepa_time: 0.0
node: 284467
formulation: LEFPA