instance: K400.red
obj: 1526.0000000000002
bound: 1485.0
gap: 0.026867627785059123
time: 3598.612680912018
preprocess_time: 1.392197
sepa_time: 0.0
node: 128257
formulation: LEFPI