instance: K400.2.red
obj: 1578.0
bound: 1528.0
gap: 0.031685678073510776
time: 7198.133180141449
preprocess_time: 1.884085
sepa_time: 0.0
node: 75693
formulation: LEFPAD