instance: K400.1.con.red
obj: 353.0
bound: 27.657161093450213
gap: 0.9216511017180103
time: 1800.2510499954224
preprocess_time: 0.160822
node: 3
algo: EDF