instance: K400.2.red
obj: 39.0
bound: 25.0
gap: 0.358974358974359
time: 7198.498719930649
preprocess_time: 1.93254
sepa_time: 3.778515590876904e14
node: 10202
formulation: LEFPAV