instance: K400.8.con.red
obj: 287.0
bound: 20.73557398394386
gap: 0.9277506132960396
time: 1800.1062400341034
preprocess_time: 0.179671
node: 13
algo: RF