instance: K400.6.con.red
obj: 42.0
bound: 29.0
gap: 0.30952380952380953
time: 7199.544247865677
preprocess_time: 2.032793
sepa_time: 0.0
node: 10202
formulation: LEFPA