instance: K400.8.con.red
obj: 0.0
bound: 0.0
gap: 0.0
time: 208.21578407287598
preprocess_time: 0.372301
node: 0
algo: EVFP