instance: K400.2.red
obj: 737.0
bound: 126.93488573738782
gap: 0.8277681333277196
time: 1800.3674268722534
preprocess_time: 0.204844
node: 0
algo: RF