instance: K400.9.con.red
obj: 1395.0
bound: 1355.0
gap: 0.02867383512544803
time: 7198.640675067902
preprocess_time: 1.369149
sepa_time: 0.0
node: 108724
formulation: LEFPAD