instance: K400.1.con.red
obj: 1413.0
bound: 992.0
gap: 0.29794762915782025
time: 7196.293658018112
preprocess_time: 3.798578
sepa_time: 0.0
node: 43087
formulation: EFP