instance: K400.6.con.red
obj: 143.0
bound: 20.920111867714574
gap: 0.8537055114139864
time: 1572.0411820411682
preprocess_time: 241.928581
node: 0
algo: EFPV