instance: K400.6.con.red
obj: 1171.0
bound: 1110.0
gap: 0.05209222886421862
time: 3599.6199419498444
preprocess_time: 0.400593
sepa_time: 0.0
node: 16540
formulation: LEFPI