instance: K400.2.red
obj: 565.0
bound: 72.13350609364039
gap: 0.8723300777102165
time: 1800.18679189682
preprocess_time: 0.281654
node: 0
algo: SF