instance: K400.2.red
obj: 66.0
bound: 22.21807897235991
gap: 0.6633624398117236
time: 3602.4548749923706
preprocess_time: 0.129349
node: 936
formulation: LEFP