instance: K400.1.con.red
obj: 1390.0
bound: 1343.0
gap: 0.03381294964028777
time: 7198.9954879283905
preprocess_time: 1.007257
sepa_time: 0.0
node: 638167
formulation: LEFPI