instance: K400.8.con.red
obj: 2250.0
bound: 65.3068847986345
gap: 0.9709747178672303
time: 1800.3257591724396
preprocess_time: 0.315095
node: 0
formulation: EVFP