instance: K400.9.con.red
obj: 38.0
bound: 29.0
gap: 0.23684210526315788
time: 7198.434659004211
preprocess_time: 1.58899
sepa_time: 0.0
node: 11718
formulation: LEFPAI