instance: K400.4.red
obj: 35.0
bound: 25.0
gap: 0.2857142857142857
time: 7200.827370882034
preprocess_time: 0.111049
sepa_time: 0.0
node: 10343
formulation: EFP