instance: K400.4.red
obj: 2.0
bound: 0.0
gap: 0.99999999995
time: 1801.4580731391907
preprocess_time: 0.329772
node: 10890
algo: EVFPV