instance: K400.2.red
obj: 1594.0
bound: 1418.0
gap: 0.11041405269761606
time: 7196.1957149505615
preprocess_time: 3.880114
sepa_time: 0.0
node: 36453
formulation: EFP