instance: K400.10.con.red
obj: 170.99999999375152
bound: 130.0
gap: 0.23976608184356543
time: 3599.86376285553
preprocess_time: 0.147267
sepa_time: 0.0
node: 5155
formulation: LEFPV2