instance: K400.9.con.red
obj: 37.0
bound: 29.0
gap: 0.21621621621621623
time: 7198.460310935974
preprocess_time: 1.559179
sepa_time: 0.0
node: 12778
formulation: LEFPA