instance: K400.red
obj: 208.0
bound: 116.0
gap: 0.4423076923076923
time: 3599.558294057846
preprocess_time: 0.464597
node: 541
formulation: LEFPD