instance: K400.4.red
obj: 857.0
bound: 22.2121460010839
gap: 0.9740815099169413
time: 1605.9320051670074
preprocess_time: 195.469094
node: 0
algo: EFPV