instance: K400.1.con.red
obj: 65.0
bound: 46.80513571058443
gap: 0.2799209890675012
time: 3602.388211965561
preprocess_time: 0.11437
node: 3950
formulation: LEFPI