instance: K400.10.con.red
obj: 184.0
bound: 184.0
gap: 0.0
time: 27.414828062057495
preprocess_time: 0.250607
node: 528
algo: SFD