instance: K400.8.con.red
obj: 1640.0
bound: 1599.0
gap: 0.025
time: 3598.5917179584503
preprocess_time: 1.418875
sepa_time: 0.0
node: 91522
formulation: LEFPV