instance: K400.8.con.red
obj: 47.0
bound: 27.0
gap: 0.425531914893617
time: 7199.897553920746
preprocess_time: 0.115599
sepa_time: 0.0
node: 1258
formulation: LEVFP