instance: K400.4.red
obj: 1263.0
bound: 1232.0
gap: 0.02454473475851148
time: 7198.2638421058655
preprocess_time: 1.744984
sepa_time: 4.8415036249515194e14
node: 191495
formulation: LEFPAV