instance: K400.9.con.red
obj: 573.0
bound: 123.71677510788734
gap: 0.7840893977173372
time: 1800.477425813675
preprocess_time: 0.188373
node: 22
algo: RF