instance: K400.3.con.red
obj: 262.0
bound: 26.66378007265204
gap: 0.8982298470506036
time: 1800.377004146576
preprocess_time: 0.167347
node: 60
algo: RF