instance: K400.10.con.red
obj: 1541.0
bound: 1366.0
gap: 0.1135626216742375
time: 7196.35150885582
preprocess_time: 3.719565
sepa_time: 0.0
node: 36396
formulation: EFP