instance: K400.7.con.red
obj: 1420.0
bound: 1385.0
gap: 0.02464788732394366
time: 7198.1774570941925
preprocess_time: 1.833105
sepa_time: 3.505663158898541e14
node: 292442
formulation: LEFPAV