instance: K400.10.con.red
obj: 1373.0
bound: 75.36665322830287
gap: 0.9451080457185744
time: 1800.4530551433563
preprocess_time: 0.224728
node: 0
formulation: EFP