instance: K400.5.con.red
obj: 1327.0
bound: 1295.0
gap: 0.024114544084400905
time: 7198.612161874771
preprocess_time: 1.399804
sepa_time: 0.0
node: 398097
formulation: LEFP