instance: K400.5.con.red
obj: 503.0000008101558
bound: 104.7371601936016
gap: 0.7917750297713995
time: 1800.707011938095
preprocess_time: 0.158322
node: 505
algo: ERF