instance: K400.8.con.red
obj: 1637.999999998669
bound: 1597.0
gap: 0.025030525029732766
time: 3599.9034128189087
preprocess_time: 0.098292
sepa_time: 0.0
node: 66783
formulation: LEFPI