instance: K400.5.con.red
obj: 383.0
bound: 71.47822119686515
gap: 0.8133727906084949
time: 1800.5621089935303
preprocess_time: 0.205425
node: 1
formulation: EVFP