instance: K400.7.con.red
obj: 1418.0
bound: 1385.0
gap: 0.0232722143864598
time: 7198.8904531002045
preprocess_time: 1.111775
sepa_time: 0.0
node: 311553
formulation: LEFPAI