instance: K400.red
obj: 43.0
bound: 28.0
gap: 0.3488372093023256
time: 3599.869502067566
preprocess_time: 0.161873
sepa_time: 0.0
node: 6996
formulation: LEFPV2