instance: K400.7.con.red
obj: 1419.0
bound: 1385.0
gap: 0.023960535588442564
time: 7198.900521039963
preprocess_time: 1.106706
sepa_time: 0.0
node: 388407
formulation: LEFP