instance: K400.9.con.red
obj: 175.0
bound: 140.0
gap: 0.2
time: 3599.6214458942413
preprocess_time: 0.38632
node: 980
formulation: LEVFP