instance: K400.4.red
obj: 227.0
bound: 15.256024666558329
gap: 0.9327928428781869
time: 1801.0535299777985
preprocess_time: 0.147171
node: 57
algo: SF