instance: K400.9.con.red
obj: 1393.0
bound: 1361.0
gap: 0.02297200287150036
time: 7198.615997076035
preprocess_time: 1.399042
sepa_time: 4.150407217173827e13
node: 428167
formulation: LEFPV2