instance: K400.7.con.red
obj: 95.0
bound: 25.296815359478828
gap: 0.7337177330573452
time: 1800.615942955017
preprocess_time: 0.114231
node: 0
algo: ESFV