instance: K400.4.red
obj: 135.0
bound: 20.833536937820604
gap: 0.8456775041636654
time: 3602.0216109752655
preprocess_time: 0.147204
node: 510
formulation: LEVFP