instance: K400.2.red
obj: 433.0
bound: 72.47635529931615
gap: 0.8326181170914564
time: 1800.4617040157318
preprocess_time: 0.3888
node: 0
algo: EVFP