instance: K400.1.con.red
obj: 58.0
bound: 35.0
gap: 0.39655172413793105
time: 3599.8501529693604
preprocess_time: 0.17216
sepa_time: 0.0
node: 9717
formulation: EFP