instance: K400.8.con.red
obj: 1501.0
bound: 70.06329004646318
gap: 0.9533222584633188
time: 1799.7848570346832
preprocess_time: 0.685614
node: 0
algo: ESF