instance: K400.4.red
obj: 36.0
bound: 26.0
gap: 0.2777777777777778
time: 7198.093059062958
preprocess_time: 1.92109
sepa_time: 0.0
node: 1349
formulation: LEFPAD