instance: K400.6.con.red
obj: 1180.9999997737982
bound: 1052.0
gap: 0.10922946638315505
time: 3596.607954978943
preprocess_time: 3.413299
sepa_time: 0.0
node: 2748
formulation: EVFP