instance: K400.8.con.red
obj: 669.0
bound: 144.63152222098984
gap: 0.7838093838250101
time: 3603.581382036209
preprocess_time: 0.551166
node: 573
formulation: LEFP