instance: K400.8.con.red
obj: 46.0
bound: 28.0
gap: 0.391304347826087
time: 3599.8799891471863
preprocess_time: 0.128748
sepa_time: 0.0
node: 1129
formulation: EVFP