instance: K400.6.con.red
obj: 1169.0
bound: 1108.0
gap: 0.05218135158254919
time: 3599.603954076767
preprocess_time: 0.413731
sepa_time: 0.0
node: 47533
formulation: LEFPV2