instance: K400.6.con.red
obj: 41.0
bound: 29.0
gap: 0.2926829268292683
time: 7198.46865105629
preprocess_time: 1.578226
sepa_time: 0.0
node: 4973
formulation: LEFPAI