instance: K400.7.con.red
obj: 42.0
bound: 29.0
gap: 0.30952380952380953
time: 7199.837578058243
preprocess_time: 0.172689
sepa_time: 4.243991582e-314
node: 1514
formulation: LEVFP