instance: K400.10.con.red
obj: 761.0
bound: 114.71683709511044
gap: 0.8492551417934358
time: 1731.3551650047302
preprocess_time: 69.525123
node: 0
formulation: EFPV