instance: K400.red
obj: 183.0
bound: 181.99999999999991
gap: 0.00546448087431442
time: 371.88537788391113
preprocess_time: 0.262828
node: 6774
algo: SFD