instance: K400.7.con.red
obj: 42.0
bound: 29.0
gap: 0.30952380952380953
time: 7199.851558923721
preprocess_time: 0.157141
sepa_time: -1.0
node: 1514
formulation: LEVFP