instance: K400.2.red
obj: 1031.0
bound: 18.899507969725732
gap: 0.9816687604560389
time: 1800.6383609771729
preprocess_time: 0.264653
node: 0
algo: EFP