instance: K400.10.con.red
obj: 1524.0
bound: 1479.0
gap: 0.02952755905511811
time: 3599.8715920448303
preprocess_time: 0.140301
sepa_time: 0.0
node: 94919
formulation: LEFPV2