instance: K400.3.con.red
obj: 169.0
bound: 118.0
gap: 0.30177514792899407
time: 3599.678889989853
preprocess_time: 0.420249
node: 1580
formulation: LEFPD