instance: K400.8.con.red
obj: 46.0
bound: 28.0
gap: 0.391304347826087
time: 7198.7969172000885
preprocess_time: 1.212327
sepa_time: 0.0
node: 1479
formulation: LEFPAD