instance: K400.9.con.red
obj: 607.0
bound: 81.47543972890473
gap: 0.8657735754052861
time: 1800.1452839374542
preprocess_time: 0.200923
node: 208
algo: EFPLg