instance: K400.8.con.red
obj: 578.0
bound: 60.82653838321854
gap: 0.8947637744233424
time: 1799.8525199890137
preprocess_time: 0.795606
node: 0
algo: SF