instance: K400.6.con.red
obj: 163.0
bound: 25.840113331157085
gap: 0.8414716973543483
time: 3603.469824075699
preprocess_time: 0.182143
node: 510
formulation: LEVFP