instance: K400.8.con.red
obj: 1658.0
bound: 1494.0
gap: 0.09891435464414958
time: 7194.81152009964
preprocess_time: 5.238206
sepa_time: 0.0
node: 29543
formulation: EFP