instance: K400.6.con.red
obj: 1716.0
bound: 1681.0
gap: 0.020396270396270396
time: 7198.363729000092
preprocess_time: 1.639695
sepa_time: 0.0
node: 241042
formulation: LEFPAI