instance: K400.3.con.red
obj: 43.0
bound: 29.0
gap: 0.32558139534883723
time: 3599.8866980075836
preprocess_time: 0.146218
node: 5404
formulation: LEFP