instance: K400.1.con.red
obj: 1388.0
bound: 1347.0
gap: 0.029538904899135448
time: 7198.887354135513
preprocess_time: 1.119787
sepa_time: 3.548100262730493e14
node: 651925
formulation: LEFPAV