instance: K400.6.con.red
obj: 1115.0
bound: 20.959702203839456
gap: 0.9812020608036434
time: 1800.419898033142
preprocess_time: 0.267316
node: 0
formulation: EFP