instance: K400.1.con.red
obj: 56.0
bound: 46.0
gap: 0.17857142857142858
time: 7199.053151845932
preprocess_time: 0.975745
sepa_time: 0.0
node: 13295
formulation: LEFP