instance: K400.1.con.red
obj: 71.0
bound: 31.88303922865062
gap: 0.5509431094548491
time: 3603.17595911026
preprocess_time: 0.122071
node: 5646
formulation: EFP