instance: K400.4.red
obj: 38.0
bound: 26.0
gap: 0.3157894736842105
time: 7198.680801868439
preprocess_time: 1.355065
sepa_time: 0.0
node: 4079
formulation: LEFP