instance: K400.5.con.red
obj: 40.999999995466666
bound: 28.0
gap: 0.3170731706561967
time: 7198.609759092331
preprocess_time: 1.406463
sepa_time: 0.0
node: 7242
formulation: LEFPD