instance: K400.red
obj: 42.0
bound: 28.0
gap: 0.3333333333333333
time: 7198.583305120468
preprocess_time: 1.428733
sepa_time: 3.229257577112611e13
node: 10319
formulation: LEFPV2