instance: K400.8.con.red
obj: 1639.0
bound: 1593.0
gap: 0.028065893837705917
time: 3599.6394670009613
preprocess_time: 0.372716
sepa_time: 0.0
node: 78885
formulation: LEFPV2