instance: K400.5.con.red
obj: 42.0
bound: 28.0
gap: 0.3333333333333333
time: 3599.8587930202484
preprocess_time: 0.14968
sepa_time: 0.0
node: 6279
formulation: LEFPV2