instance: K400.3.con.red
obj: 44.0
bound: 31.0
gap: 0.29545454545454547
time: 7199.865703821182
preprocess_time: 0.140953
sepa_time: 0.0
node: 10306
formulation: EFP