instance: K400.9.con.red
obj: 37.0
bound: 29.0
gap: 0.21621621621621623
time: 7198.48263502121
preprocess_time: 1.560538
sepa_time: 0.0
node: 9271
formulation: LEFPAD