instance: K400.3.con.red
obj: 944.0
bound: 898.0
gap: 0.048728813559322036
time: 3599.6445388793945
preprocess_time: 0.371635
sepa_time: 0.0
node: 73145
formulation: LEFPV