instance: K400.1.con.red
obj: 442.0
bound: 93.53761396547176
gap: 0.788376438991967
time: 1800.3442480564117
preprocess_time: 0.211356
node: 523
algo: SF