instance: K400.3.con.red
obj: 468.0
bound: 39.83651589412392
gap: 0.9148792395422748
time: 3607.4611959457397
preprocess_time: 0.142907
node: 11010
formulation: LEFPDB