instance: K400.9.con.red
obj: 1016.0
bound: 969.0
gap: 0.04625984251968504
time: 3599.8592841625214
preprocess_time: 0.16272
sepa_time: 0.0
node: 96506
formulation: LEFP