instance: K400.10.con.red
obj: 42.0
bound: 25.0
gap: 0.40476190476190477
time: 3599.9014270305634
preprocess_time: 0.116912
sepa_time: 0.0
node: 5393
formulation: LEFPV2