instance: K400.7.con.red
obj: 489.0
bound: 69.97267579581361
gap: 0.8569065934644186
time: 1800.1765880584717
preprocess_time: 0.223763
node: 144
algo: SF