instance: K400.10.con.red
obj: 1521.0
bound: 1484.0
gap: 0.024326101249178174
time: 7199.8815948963165
preprocess_time: 0.130605
sepa_time: 0.0
node: 124141
formulation: LEVFP