instance: K400.4.red
obj: 1127.0
bound: 15.335499323456531
gap: 0.9863926359152128
time: 1800.5077271461487
preprocess_time: 0.250318
node: 0
algo: EVFP