instance: K400.1.con.red
obj: 765.0
bound: 97.13316554638685
gap: 0.8730285417693148
time: 1823.5088198184967
preprocess_time: 44.233451
node: 0
algo: EFPV