instance: K400.4.red
obj: 348.0
bound: 104.31532535511604
gap: 0.7002433179448676
time: 3603.492211818695
preprocess_time: 0.154983
node: 510
formulation: LEVFP