instance: K400.2.red
obj: 38.0
bound: 26.0
gap: 0.3157894736842105
time: 7199.844871044159
preprocess_time: 0.165348
sepa_time: 0.0
node: 10205
formulation: EFP