instance: K400.7.con.red
obj: 690.0
bound: 86.5495114715327
gap: 0.874565925403449
time: 1800.439661026001
preprocess_time: 0.305034
node: 3
formulation: EFPI