instance: K400.3.con.red
obj: 67.0
bound: 20.18396280596311
gap: 0.6987468237905525
time: 1800.5094311237335
preprocess_time: 0.217897
node: 139
algo: EFP0