instance: K400.8.con.red
obj: 1639.0
bound: 1593.0
gap: 0.028065893837705917
time: 3599.9076199531555
preprocess_time: 0.097232
sepa_time: 0.0
node: 76825
formulation: LEFPI