instance: K400.4.red
obj: 1265.0
bound: 1232.0
gap: 0.02608695652173913
time: 7199.003418922424
preprocess_time: 1.000934
sepa_time: 0.0
node: 185154
formulation: LEFPI