instance: K400.2.red
obj: 1579.9999999972795
bound: 1531.0
gap: 0.03101265822617965
time: 3599.887622833252
preprocess_time: 0.145243
sepa_time: 0.0
node: 97211
formulation: LEFPI