instance: K400.7.con.red
obj: 642.0
bound: 114.11686255741387
gap: 0.8222478776362988
time: 1758.740723848343
preprocess_time: 42.392467
node: 0
formulation: EFPV