instance: K400.7.con.red
obj: 1420.0
bound: 1377.0
gap: 0.03028169014084507
time: 7198.380233049393
preprocess_time: 1.631145
sepa_time: 0.0
node: 77415
formulation: LEFPAD