instance: K400.8.con.red
obj: 1501.0
bound: 70.89548489658569
gap: 0.9527678315145363
time: 1799.9887030124664
preprocess_time: 0.451666
node: 0
algo: ERF