instance: K400.1.con.red
obj: 1392.0
bound: 1343.0
gap: 0.035201149425287355
time: 3598.601996898651
preprocess_time: 1.409269
sepa_time: 0.0
node: 376124
formulation: LEFPV