instance: K400.6.con.red
obj: 47.0
bound: 32.0
gap: 0.3191489361702128
time: 3599.843101978302
preprocess_time: 0.187768
sepa_time: 0.0
node: 789
formulation: EVFP