instance: K400.8.con.red
obj: 709.0
bound: 84.82583116228427
gap: 0.8803584891927047
time: 3603.4411199092865
preprocess_time: 0.610131
node: 512
formulation: EFP