instance: K400.9.con.red
obj: 1393.0
bound: 1362.0
gap: 0.022254127781765973
time: 7199.926651954651
preprocess_time: 0.080378
sepa_time: 0.0
node: 151145
formulation: LEVFP