instance: K400.1.con.red
obj: 1404.0
bound: 1129.0
gap: 0.19586894586894588
time: 7196.949009895325
preprocess_time: 3.090706
sepa_time: 0.0
node: 31816
formulation: EFP