instance: K400.6.con.red
obj: 178.0
bound: 128.0
gap: 0.2808988764044944
time: 3599.4269421100616
preprocess_time: 0.612165
node: 5630
formulation: EFP