instance: K400.4.red
obj: 37.0
bound: 25.0
gap: 0.32432432432432434
time: 7199.909649133682
preprocess_time: 0.097444
sepa_time: 0.0
node: 10268
formulation: EFP