instance: K400.1.con.red
obj: 1391.0
bound: 1343.0
gap: 0.03450754852624011
time: 7199.005019903183
preprocess_time: 1.001265
sepa_time: 0.0
node: 904366
formulation: LEFPV