instance: K400.red
obj: 860.0
bound: 32.420503484391304
gap: 0.9623017401343168
time: 3604.057337999344
preprocess_time: 0.158133
node: 7896
formulation: LEFPDB