instance: K400.10.con.red
obj: 0.0
bound: 0.0
gap: 0.0
time: 37.05890989303589
preprocess_time: 0.335798
node: 0
algo: EVFP