instance: K400.8.con.red
obj: 2250.0
bound: 65.3068847986345
gap: 0.9709747178672303
time: 1800.4328861236572
preprocess_time: 0.542288
node: 0
algo: EVFP