instance: K400.5.con.red
obj: 40.0
bound: 28.0
gap: 0.3
time: 7198.511377096176
preprocess_time: 1.496887
sepa_time: 0.0
node: 10273
formulation: LEFP