instance: K400.6.con.red
obj: 891.0
bound: 891.0
gap: 0.0
time: 0.1472489833831787
preprocess_time: 1.562587
sepa_time: 0.0
node: 1
formulation: LEFPA