instance: K400.10.con.red
obj: 1520.0
bound: 1483.0
gap: 0.024342105263157894
time: 7199.006824016571
preprocess_time: 1.005513
sepa_time: 0.0
node: 343581
formulation: LEFPV