instance: K400.2.red
obj: 198.0
bound: 150.0
gap: 0.24242424242424243
time: 3599.6380321979523
preprocess_time: 0.453309
node: 2157
formulation: LEFPD