instance: K400.9.con.red
obj: 1010.0
bound: 972.0
gap: 0.03762376237623762
time: 3599.6597261428833
preprocess_time: 0.38144
sepa_time: 0.0
node: 35860
formulation: LEVFP