instance: K400.7.con.red
obj: 62.0
bound: 18.906491533436242
gap: 0.6950565881692622
time: 1800.2710540294647
preprocess_time: 0.146194
node: 620
algo: ERF