instance: K400.8.con.red
obj: 45.0
bound: 27.0
gap: 0.4
time: 3599.8363320827484
preprocess_time: 0.173025
sepa_time: 0.0
node: 1411
formulation: LEFPV2