instance: K400.9.con.red
obj: 1394.0
bound: 1362.0
gap: 0.02295552367288379
time: 7198.558866977692
preprocess_time: 1.451737
sepa_time: 0.0
node: 232114
formulation: LEFP