instance: K400.4.red
obj: 1127.0
bound: 15.335499323456531
gap: 0.9863926359152128
time: 1800.440920829773
preprocess_time: 0.194151
node: 0
formulation: EVFP