instance: K400.6.con.red
obj: 1717.0
bound: 1670.0
gap: 0.027373325567850902
time: 7198.158694982529
preprocess_time: 1.857159
sepa_time: 0.0
node: 89123
formulation: LEFPAD