instance: K400.7.con.red
obj: 1419.0
bound: 1387.0
gap: 0.02255109231853418
time: 7198.8972709178925
preprocess_time: 1.110008
sepa_time: 4.0124413062175456e14
node: 258448
formulation: LEFPAV