instance: K400.3.con.red
obj: 1337.0
bound: 1303.0
gap: 0.025430067314884067
time: 7198.205744981766
preprocess_time: 1.812574
sepa_time: 3.640739780156153e14
node: 383037
formulation: LEFPAV