instance: K400.3.con.red
obj: 46.0
bound: 46.0
gap: 0.0
time: 96.59723901748657
preprocess_time: 0.156463
node: 695
algo: SFD