instance: K400.3.con.red
obj: 1337.0
bound: 1303.0
gap: 0.025430067314884067
time: 7198.974884986877
preprocess_time: 1.030898
sepa_time: 0.0
node: 367750
formulation: LEFPA