instance: K400.red
org_node: 231
org_edge: 914
org_min_len: 0.010290688636716928
org_avg_len: 0.20072264829766925
org_max_len: 1.0
dtf_node: 322
dtf_edge: 1005
dtf_min_len: 0.0010552034334637903
dtf_avg_len: 0.18254776173539236
dtf_max_len: 1.0
sdb_node: 3410
sdb_edge: 4093
sdb_min_len: 0.010290688636716928
sdb_avg_len: 0.04482299060446378
sdb_max_len: 0.05017876573915747
dlt: 0.05018066207441731
formulation: None