instance: K400.5.con.red
obj: 1330.0
bound: 1292.0
gap: 0.02857142857142857
time: 3599.9077599048615
preprocess_time: 0.094316
sepa_time: 0.0
node: 261097
formulation: LEFPI