instance: K400.6.con.red
obj: 47.0
bound: 31.0
gap: 0.3404255319148936
time: 7199.839965105057
preprocess_time: 0.180054
sepa_time: 0.0
node: 10218
formulation: EFP