instance: K400.8.con.red
obj: 578.0
bound: 64.96679633547208
gap: 0.8876006983813826
time: 1800.020248889923
preprocess_time: 0.300711
node: 0
algo: SF