instance: K400.5.con.red
obj: 40.0
bound: 27.0
gap: 0.325
time: 3600.3217029571533
preprocess_time: 0.150057
node: 10202
formulation: EFP