instance: K400.10.con.red
obj: 1002.0
bound: 22.278922952954616
gap: 0.9777655459550375
time: 1800.5176811218262
preprocess_time: 0.153546
node: 0
algo: ESFV