instance: K400.6.con.red
obj: 318.0
bound: 24.990756169742
gap: 0.9214127164470626
time: 1800.5242500305176
preprocess_time: 0.223873
node: 0
algo: RF