instance: K400.red
obj: 552.0
bound: 104.01970673194111
gap: 0.811558502297061
time: 1799.8397569656372
preprocess_time: 0.459194
node: 0
algo: ESFV