instance: K400.4.red
obj: 928.9999999967849
bound: 888.0
gap: 0.04413347685352726
time: 3599.9077780246735
preprocess_time: 0.102514
sepa_time: 0.0
node: 97106
formulation: LEFPV2