instance: K400.1.con.red
obj: 72.0
bound: 41.514892409494266
gap: 0.42340427208976933
time: 1800.754390001297
preprocess_time: 0.284421
node: 638
algo: EVFPL