instance: K400.3.con.red
obj: 452.0
bound: 61.80599912175915
gap: 0.8632610638897225
time: 1800.2171549797058
preprocess_time: 0.242499
node: 174
algo: ERF