instance: K400.8.con.red
obj: 47.0
bound: 27.0
gap: 0.425531914893617
time: 3598.615978002548
preprocess_time: 1.436974
sepa_time: 0.0
node: 1476
formulation: LEFPV