instance: K400.8.con.red
obj: 1638.0
bound: 1598.0
gap: 0.02442002442002442
time: 3599.8790328502655
preprocess_time: 0.134537
sepa_time: 2.0e-323
node: 48840
formulation: LEVFP