instance: K400.6.con.red
obj: 891.0
bound: 891.0
gap: 0.0
time: 0.27601003646850586
preprocess_time: 1.210106
sepa_time: 0.0
node: 1
formulation: LEFPAI