instance: K400.5.con.red
obj: 1106.0
bound: 182.07136760331153
gap: 0.8353785103043444
time: 3604.0832030773163
preprocess_time: 0.18243
node: 67099
formulation: LEFPDB