instance: K400.2.red
obj: 1577.0
bound: 1535.0
gap: 0.02663284717818643
time: 7199.033010959625
preprocess_time: 0.971688
sepa_time: 0.0
node: 403634
formulation: LEFPI