instance: K400.7.con.red
obj: 290.0
bound: 22.40960503012549
gap: 0.9227254998958009
time: 1800.4090309143066
preprocess_time: 0.115029
node: 18
algo: RF