instance: K400.7.con.red
obj: 688.0
bound: 76.52253314514584
gap: 0.8887753878702983
time: 1800.3607931137085
preprocess_time: 0.24368
node: 0
algo: EFP