instance: K400.10.con.red
obj: 40.0
bound: 25.0
gap: 0.375
time: 3598.942482948303
preprocess_time: 1.089174
sepa_time: 0.0
node: 6341
formulation: LEFPV2