instance: K400.6.con.red
obj: 47.0
bound: 31.0
gap: 0.3404255319148936
time: 3599.823932170868
preprocess_time: 0.189656
sepa_time: 0.0
node: 2644
formulation: LEFPV2