instance: K400.3.con.red
obj: 675.0
bound: 68.8692460598372
gap: 0.8979714873186265
time: 1755.8707630634308
preprocess_time: 52.021059
node: 0
algo: EFPV