instance: K400.3.con.red
obj: 158.0
bound: 116.0
gap: 0.26582278481012656
time: 3599.890197992325
preprocess_time: 0.13592
sepa_time: 0.0
node: 2485
formulation: LEFPV2