instance: K400.1.con.red
obj: 443.0
bound: 99.61492746202687
gap: 0.775135603923015
time: 1800.4687910079956
preprocess_time: 0.204359
node: 505
algo: EVFPV