instance: K400.9.con.red
obj: 43.999999294662686
bound: 32.0
gap: 0.2727272610688045
time: 7200.3103749752045
preprocess_time: 0.114606
sepa_time: 0.0
node: 990
formulation: LEVFP