instance: K400.red
obj: 165.00000058816738
bound: 19.47818929847525
gap: 0.8819503683083
time: 1800.283040046692
preprocess_time: 0.203577
node: 431
formulation: EFPI