instance: K400.5.con.red
obj: 0.0
bound: 0.0
gap: 0.0
time: 46.87971782684326
preprocess_time: 0.258298
node: 0
algo: EVFP