instance: K400.10.con.red
obj: 40.0
bound: 25.0
gap: 0.375
time: 7199.889519929886
preprocess_time: 0.120613
sepa_time: 0.0
node: 1693
formulation: LEVFP