instance: K400.1.con.red
obj: 179.0
bound: 144.0
gap: 0.19553072625698323
time: 3599.913328886032
preprocess_time: 0.120693
sepa_time: 0.0
node: 10202
formulation: LEFPV2