instance: K400.10.con.red
obj: 1521.0
bound: 1484.0
gap: 0.024326101249178174
time: 7198.887286901474
preprocess_time: 1.124338
sepa_time: 4.2266509751739425e14
node: 253041
formulation: LEFPAV