instance: K400.10.con.red
obj: 761.0
bound: 761.0
gap: 0.0
time: 0.4577300548553467
preprocess_time: 1.918432
sepa_time: 0.0
node: 1
formulation: LEFPAD