instance: K400.red
obj: 1524.0
bound: 1484.0
gap: 0.026246719160104987
time: 7198.602667093277
preprocess_time: 1.407126
sepa_time: 0.0
node: 425796
formulation: LEFPV