instance: K400.red
obj: 43.0
bound: 28.0
gap: 0.3488372093023256
time: 7197.997199058533
preprocess_time: 2.01319
sepa_time: 0.0
node: 10455
formulation: LEFPA