instance: K400.9.con.red
obj: 1.0
bound: 0.0
gap: 0.9999999999
time: 40.8476128578186
preprocess_time: 0.308009
node: 0
algo: EVFP