instance: K400.6.con.red
obj: 1716.0
bound: 1680.0
gap: 0.02097902097902098
time: 7198.8285620212555
preprocess_time: 1.178541
sepa_time: 5.025522147847046e14
node: 212446
formulation: LEFPAV