instance: K400.5.con.red
obj: 71.0
bound: 17.908914252193785
gap: 0.747761771094809
time: 1800.2569630146027
preprocess_time: 0.250606
node: 17
algo: EFP0