instance: K400.2.red
obj: 71.0
bound: 21.984504384967945
gap: 0.6903590931684932
time: 3601.6852650642395
preprocess_time: 0.127723
node: 863
formulation: LEFPI