instance: K400.9.con.red
obj: 1446.0
bound: 1402.0
gap: 0.030428769017980636
time: 3599.6527478694916
preprocess_time: 0.365842
sepa_time: 0.0
node: 63733
formulation: LEFPD