instance: K400.6.con.red
obj: 1098.0
bound: 31.22003362931819
gap: 0.9715664538894214
time: 3602.788563013077
preprocess_time: 0.183067
node: 511
formulation: LEFPD