instance: K400.red
obj: 630.0
bound: 155.43581772235916
gap: 0.7532764798056595
time: 3603.7962069511414
preprocess_time: 0.469801
node: 4448
formulation: LEFP