instance: K400.red
obj: 1035.0
bound: 984.0
gap: 0.04927536231884058
time: 3599.638710975647
preprocess_time: 0.385788
sepa_time: 0.0
node: 62349
formulation: LEFP