instance: K400.5.con.red
obj: 392.0
bound: 71.80917880312067
gap: 0.8168133193795858
time: 1800.6366579532623
preprocess_time: 0.341454
node: 0
algo: EVFP0