instance: K400.3.con.red
obj: 168.0
bound: 115.0
gap: 0.31547619047619047
time: 3599.594298839569
preprocess_time: 0.417469
node: 2243
formulation: LEFPI