instance: K400.8.con.red
obj: 47.0
bound: 27.0
gap: 0.425531914893617
time: 3599.8579530715942
preprocess_time: 0.159663
sepa_time: 0.0
node: 1131
formulation: LEVFP