instance: K400.2.red
obj: 38.0
bound: 25.0
gap: 0.34210526315789475
time: 3599.981778860092
preprocess_time: 0.171743
node: 10202
formulation: EFP