instance: K400.red
obj: 1275.0
bound: 18.70937832209631
gap: 0.9853259777865139
time: 1800.2626769542694
preprocess_time: 0.206315
node: 29
formulation: EVFP