instance: K400.4.red
obj: 38.9999992578299
bound: 25.0
gap: 0.3589743467756391
time: 7198.625247001648
preprocess_time: 1.388434
sepa_time: 0.0
node: 10304
formulation: LEFPI