instance: K400.3.con.red
obj: 492.0
bound: 96.26911802606506
gap: 0.8043310609224686
time: 1745.5133409500122
preprocess_time: 55.638111
node: 0
algo: EFPV