instance: K400.8.con.red
obj: 803.0
bound: 139.5396932089331
gap: 0.8262270321182866
time: 3603.3436629772186
preprocess_time: 0.551398
node: 342
formulation: LEFPD