instance: K400.7.con.red
obj: 42.0
bound: 30.0
gap: 0.2857142857142857
time: 7199.892972946167
preprocess_time: 0.11572
sepa_time: 0.0
node: 1614
formulation: EVFP