instance: K400.2.red
obj: 38.0
bound: 25.0
gap: 0.34210526315789475
time: 7200.091793060303
preprocess_time: 0.163767
sepa_time: 0.0
node: 975
formulation: LEVFP