instance: K400.2.red
obj: 1031.0
bound: 18.669836012568123
gap: 0.9818915266608473
time: 1800.5197999477386
preprocess_time: 0.120249
node: 0
algo: ERF