instance: K400.9.con.red
obj: 842.0
bound: 41.47848838001941
gap: 0.9507381373157785
time: 3603.585459947586
preprocess_time: 0.165978
node: 9547
formulation: LEFPDB