instance: K400.9.con.red
obj: 43.0
bound: 33.0
gap: 0.23255813953488372
time: 7199.933536052704
preprocess_time: 0.111007
sepa_time: 0.0
node: 8857
formulation: EVFP