instance: K400.4.red
obj: 116.0
bound: 16.541498369383348
gap: 0.8574008761252665
time: 1800.422357082367
preprocess_time: 0.170724
node: 0
algo: EFP0