instance: K400.6.con.red
obj: 1722.0
bound: 1680.0
gap: 0.024390243902439025
time: 3598.587154865265
preprocess_time: 1.426303
sepa_time: 0.0
node: 124899
formulation: LEFPV