instance: K400.9.con.red
obj: 37.0
bound: 29.0
gap: 0.21621621621621623
time: 7198.452162027359
preprocess_time: 1.559203
sepa_time: 1.9357489880930703e14
node: 11032
formulation: LEFPAV