instance: K400.8.con.red
obj: 1638.0
bound: 1590.0
gap: 0.029304029304029304
time: 7198.896900177002
preprocess_time: 1.112103
sepa_time: 0.0
node: 60907
formulation: LEFPAD