instance: K400.8.con.red
obj: 1340.0
bound: 18.355480150240375
gap: 0.9863018804848217
time: 1801.065348148346
preprocess_time: 0.169541
node: 0
algo: EVFP0