instance: K400.3.con.red
obj: 1354.0
bound: 1199.0
gap: 0.11447562776957164
time: 7196.5737318992615
preprocess_time: 3.485981
sepa_time: 0.0
node: 41217
formulation: EFP