instance: K400.6.con.red
obj: 48.0
bound: 33.0
gap: 0.3125
time: 7198.061763048172
preprocess_time: 1.946811
sepa_time: 3.68615193645193e14
node: 4718
formulation: LEFPAV