instance: K400.10.con.red
obj: 431.0
bound: 110.19899886674709
gap: 0.7443178680584187
time: 1800.922047138214
preprocess_time: 0.247565
node: 510
formulation: LEVFP