instance: K400.4.red
obj: 857.0
bound: 22.2121460010839
gap: 0.9740815099169413
time: 1645.0806679725647
preprocess_time: 156.089916
node: 0
formulation: EFPV