instance: K400.8.con.red
obj: 1501.0
bound: 97.41689811448583
gap: 0.9350986688110731
time: 1719.0815958976746
preprocess_time: 82.555728
node: 0
algo: EFPV