instance: K400.2.red
obj: 38.0
bound: 24.0
gap: 0.3684210526315789
time: 7198.004941940308
preprocess_time: 2.019663
sepa_time: 0.0
node: 8934
formulation: LEFPAD