instance: K400.red
obj: 1522.0
bound: 1485.0
gap: 0.02431011826544021
time: 7198.662345170975
preprocess_time: 1.341146
sepa_time: 0.0
node: 310723
formulation: LEFPAI