instance: K400.red
obj: 788.0
bound: 788.0
gap: 0.0
time: 0.04920792579650879
preprocess_time: 1.165622
sepa_time: 0.0
node: 1
formulation: LEFPAV