instance: K400.1.con.red
obj: 1408.0
bound: 989.0
gap: 0.2975852272727273
time: 7197.008605003357
preprocess_time: 3.045305
sepa_time: 0.0
node: 36389
formulation: EFP