instance: K400.1.con.red
obj: 700.0
bound: 110.24782401726674
gap: 0.8425031085466413
time: 1800.2559671401978
preprocess_time: 0.301942
node: 513
algo: EFP