instance: K400.1.con.red
obj: 664.0
bound: 664.0
gap: 0.0
time: 1.152730941772461
preprocess_time: 1.530503
sepa_time: 0.0
node: 34
formulation: LEFPAD