instance: K400.3.con.red
org_node: 210
org_edge: 806
org_min_len: 0.008385894495412844
org_avg_len: 0.16797894684172976
org_max_len: 1.0
dtf_node: 373
dtf_edge: 969
dtf_min_len: 0.00011459471840090385
dtf_avg_len: 0.13972242637196533
dtf_max_len: 1.0
sdb_node: 2272
sdb_edge: 2868
sdb_min_len: 0.008385894495412844
sdb_avg_len: 0.04720747250851955
sdb_max_len: 0.05542813455657492
dlt: 0.055433052457770825
formulation: None