instance: K400.7.con.red
obj: 1420.0
bound: 1378.0
gap: 0.029577464788732393
time: 7198.454130887985
preprocess_time: 1.566529
sepa_time: 0.0
node: 88557
formulation: LEFPAD