instance: K400.9.con.red
obj: 43.0
bound: 33.0
gap: 0.23255813953488372
time: 7199.853887081146
preprocess_time: 0.161929
sepa_time: 5.0e-324
node: 8230
formulation: EVFP