instance: K400.1.con.red
obj: 568.0
bound: 119.12593366233119
gap: 0.7902712435520947
time: 1767.1794888973236
preprocess_time: 33.743371
node: 157
formulation: EFPV