instance: K400.2.red
obj: 247.0
bound: 201.4469493485646
gap: 0.1844253062810403
time: 3604.500799894333
preprocess_time: 0.359341
node: 10857
formulation: LEFPD