instance: K400.5.con.red
obj: 41.0
bound: 28.0
gap: 0.3170731707317073
time: 3599.7959921360016
preprocess_time: 0.214328
sepa_time: -1.0
node: 1026
formulation: LEVFP