instance: K400.red
obj: 689.0
bound: 76.11196846070979
gap: 0.8895327017985504
time: 1805.881227016449
preprocess_time: 0.410056
node: 0
formulation: EFPI