instance: K400.7.con.red
obj: 1420.0
bound: 1386.0
gap: 0.023943661971830985
time: 3599.9137120246887
preprocess_time: 0.093597
sepa_time: 0.0
node: 57825
formulation: LEVFP