instance: K400.7.con.red
obj: 42.0
bound: 29.0
gap: 0.30952380952380953
time: 3599.6242389678955
preprocess_time: 0.383408
node: 924
formulation: LEVFP