instance: K400.3.con.red
obj: 43.0
bound: 31.0
gap: 0.27906976744186046
time: 7198.988576889038
preprocess_time: 1.018855
sepa_time: 0.0
node: 10324
formulation: LEFPI