instance: K400.4.red
obj: 253.0
bound: 160.1978867746064
gap: 0.36680677164172704
time: 3604.341113805771
preprocess_time: 0.156437
node: 17536
formulation: LEFP