instance: K400.red
obj: 64.99999973449785
bound: 19.703075951391394
gap: 0.6968757533547504
time: 1800.2287800312042
preprocess_time: 0.168996
node: 124
algo: EFP0