instance: K400.9.con.red
obj: 512.0
bound: 78.27121764330522
gap: 0.8471265280402539
time: 1800.1439950466156
preprocess_time: 0.263509
node: 0
algo: ERF