instance: K400.8.con.red
obj: 45.0
bound: 27.0
gap: 0.4
time: 3599.614820957184
preprocess_time: 0.397969
node: 2480
formulation: LEFP