instance: K400.9.con.red
obj: 44.0
bound: 33.0
gap: 0.25
time: 7198.951864957809
preprocess_time: 1.095393
sepa_time: 2.5790237042540378e14
node: 9923
formulation: LEFPAV