instance: K400.6.con.red
obj: 1717.0
bound: 1680.0
gap: 0.021549213744903904
time: 7198.606579065323
preprocess_time: 1.401557
sepa_time: 0.0
node: 278282
formulation: LEFPA