instance: K400.8.con.red
obj: 274.0
bound: 18.121372854132993
gap: 0.9338636027218016
time: 1800.8603630065918
preprocess_time: 0.159145
node: 24
algo: SF