instance: K400.1.con.red
obj: 1389.0
bound: 1346.0
gap: 0.03095752339812815
time: 7198.971431016922
preprocess_time: 1.035304
sepa_time: 0.0
node: 647675
formulation: LEFP