instance: K400.red
obj: 118.0
bound: 22.681661380832747
gap: 0.8077825306702243
time: 1800.0751700401306
preprocess_time: 0.291936
node: 180
algo: EVFPL