instance: K400.6.con.red
obj: 49.0
bound: 33.0
gap: 0.32653061224489793
time: 3599.826057910919
preprocess_time: 0.187738
sepa_time: 0.0
node: 1266
formulation: LEFPD