instance: K400.3.con.red
obj: 1337.0
bound: 1293.0
gap: 0.032909498878085267
time: 7198.1836631298065
preprocess_time: 1.828473
sepa_time: 0.0
node: 92725
formulation: LEFPAD