instance: K400.6.con.red
obj: 1714.0
bound: 1680.0
gap: 0.019836639439906652
time: 7198.151968955994
preprocess_time: 1.860879
sepa_time: 3.964108536727252e14
node: 264262
formulation: LEFPAV