instance: K400.8.con.red
obj: 43.0
bound: 27.0
gap: 0.37209302325581395
time: 7199.0359699726105
preprocess_time: 0.993749
sepa_time: 0.0
node: 5748
formulation: LEFPV