instance: K400.4.red
obj: 150.0
bound: 119.0
gap: 0.20666666666666667
time: 3599.585599899292
preprocess_time: 0.421277
node: 10216
formulation: EFP