instance: K400.1.con.red
obj: 58.0
bound: 39.0
gap: 0.3275862068965517
time: 3599.89324092865
preprocess_time: 0.120975
sepa_time: 0.0
node: 1286
formulation: EVFP