instance: K400.8.con.red
obj: 164.0
bound: 114.0
gap: 0.3048780487804878
time: 3599.696480989456
preprocess_time: 0.312457
sepa_time: 0.0
node: 821
formulation: EVFP