instance: K400.8.con.red
obj: 1638.0
bound: 1598.0
gap: 0.02442002442002442
time: 3598.5681269168854
preprocess_time: 1.443426
sepa_time: 0.0
node: 91307
formulation: LEFP