instance: K400.3.con.red
obj: 944.0
bound: 898.0
gap: 0.048728813559322036
time: 3599.871160030365
preprocess_time: 0.141994
sepa_time: 0.0
node: 74687
formulation: LEFPV2