instance: K400.5.con.red
obj: 1169.0
bound: 17.3597389122328
gap: 0.9851499239415471
time: 1801.1205728054047
preprocess_time: 0.162109
node: 0
algo: EVFP