instance: K400.4.red
obj: 38.0
bound: 25.0
gap: 0.34210526315789475
time: 7199.549782037735
preprocess_time: 1.538074
sepa_time: 0.0
node: 10244
formulation: LEFPA