instance: K400.4.red
obj: 857.0
bound: 21.641255222089043
gap: 0.9747476601841464
time: 1800.9145200252533
preprocess_time: 0.105246
node: 0
algo: ESFV