instance: K400.2.red
obj: 1575.0
bound: 1533.0
gap: 0.02666666666666667
time: 3599.86026096344
preprocess_time: 0.143429
sepa_time: 0.0
node: 129912
formulation: LEFPI