instance: K400.4.red
obj: 239.0
bound: 99.52383134799086
gap: 0.5835822956148569
time: 1800.5836079120636
preprocess_time: 0.114137
node: 823
algo: RF