instance: K400.3.con.red
obj: 37.0
bound: 30.0
gap: 0.1891891891891892
time: 7198.26021695137
preprocess_time: 1.933603
sepa_time: 0.0
node: 10202
formulation: LEFPAD