instance: K400.6.con.red
obj: 1718.0
bound: 1680.0
gap: 0.02211874272409779
time: 7198.54368185997
preprocess_time: 1.46725
sepa_time: 0.0
node: 269234
formulation: LEFP