instance: K400.5.con.red
obj: 462.0
bound: 69.71036181384305
gap: 0.8491117709655239
time: 1800.4153890609741
preprocess_time: 0.270101
node: 3
algo: SF