instance: K400.6.con.red
obj: 0.0
bound: 0.0
gap: 0.0
time: 44.30167102813721
preprocess_time: 0.204151
node: 0
algo: EVFP