instance: K400.8.con.red
obj: 873.0
bound: 92.67910388831274
gap: 0.8938383689709024
time: 3601.065446138382
preprocess_time: 0.544142
node: 0
formulation: LEVFP