instance: K400.6.con.red
obj: 1436.0
bound: 19.441064981407045
gap: 0.9864616539126005
time: 1800.392079114914
preprocess_time: 0.1809
node: 0
formulation: EVFP