instance: K400.red
obj: 164.0
bound: 120.0
gap: 0.2682926829268293
time: 3599.4545040130615
preprocess_time: 0.553173
node: 1767
formulation: EFP