instance: K400.7.con.red
obj: 417.0
bound: 72.34562158309564
gap: 0.8265093007597644
time: 1800.481998205185
preprocess_time: 0.366011
node: 0
algo: EVFP