instance: K400.3.con.red
obj: 380.0
bound: 62.91337001446352
gap: 0.8344384999617186
time: 1800.2652559280396
preprocess_time: 0.322507
node: 0
algo: EVFP