instance: K400.3.con.red
obj: 62.0
bound: 24.96380899612171
gap: 0.5973579194164282
time: 1800.352287054062
preprocess_time: 0.301326
node: 706
algo: EVFPL