instance: K400.6.con.red
obj: 836.0
bound: 111.47882148846537
gap: 0.8666521274060381
time: 1800.6235280036926
preprocess_time: 0.266343
node: 0
algo: RF