instance: K400.9.con.red
obj: 419.0
bound: 75.81116810428878
gap: 0.8190664245719077
time: 1800.405986070633
preprocess_time: 0.27813
node: 582
algo: ERF