instance: K400.1.con.red
obj: 1391.0
bound: 1345.0
gap: 0.03306973400431344
time: 7198.1719670295715
preprocess_time: 1.838299
sepa_time: 3.779422400035021e14
node: 711420
formulation: LEFPAV