instance: K400.9.con.red
obj: 688.0
bound: 78.1131666028762
gap: 0.8864634206352255
time: 1800.2321310043335
preprocess_time: 0.360258
node: 0
algo: EFP0