instance: K400.2.red
obj: 1596.9999992306507
bound: 1411.0
gap: 0.1164683777835038
time: 3594.9511070251465
preprocess_time: 5.145616
sepa_time: 0.0
node: 10415
formulation: EFP