instance: K400.7.con.red
obj: 44.0
bound: 28.0
gap: 0.36363636363636365
time: 3598.6340339183807
preprocess_time: 1.419366
sepa_time: 0.0
node: 6382
formulation: LEFPV