instance: K400.9.con.red
obj: 691.0
bound: 78.85582671705875
gap: 0.8858815821748952
time: 1800.1934008598328
preprocess_time: 0.373592
node: 0
algo: ESF