instance: K400.2.red
obj: 37.0
bound: 25.0
gap: 0.32432432432432434
time: 7198.808897018433
preprocess_time: 1.212053
sepa_time: 2.8133509677266575e14
node: 10365
formulation: LEFPAV