instance: K400.10.con.red
obj: 503.0
bound: 69.67260347613441
gap: 0.8614858777808736
time: 1800.2722959518433
preprocess_time: 0.346627
node: 0
algo: EVFPV