instance: K400.4.red
obj: 154.0
bound: 119.0
gap: 0.22727272727272727
time: 3599.6975090503693
preprocess_time: 0.376098
node: 868
formulation: LEVFP