instance: K400.4.red
obj: 154.99999999455395
bound: 122.0
gap: 0.2129032257787963
time: 3599.7277109622955
preprocess_time: 0.38206
node: 1835
formulation: LEFPI