instance: K400.8.con.red
obj: 1638.0
bound: 1600.0
gap: 0.0231990231990232
time: 7198.584372997284
preprocess_time: 1.426779
sepa_time: 0.0
node: 141315
formulation: LEFP