instance: K400.4.red
obj: 660.0
bound: 660.0
gap: 0.0
time: 0.10856986045837402
preprocess_time: 1.420577
sepa_time: 0.0
node: 1
formulation: LEFPA