instance: K400.3.con.red
obj: 61.0
bound: 39.31606158690277
gap: 0.35547440021412596
time: 3604.293998003006
preprocess_time: 0.145131
node: 3828
formulation: LEFPD