instance: K400.7.con.red
obj: 94.0
bound: 20.70628732660434
gap: 0.7797203475884861
time: 1800.3194971084595
preprocess_time: 0.180571
node: 0
algo: EFP