instance: K400.2.red
obj: 82.0
bound: 19.649131399238872
gap: 0.7603764463498182
time: 3602.9723539352417
preprocess_time: 0.123966
node: 1084
formulation: EFP