instance: K400.7.con.red
obj: 630.0
bound: 72.35849648950439
gap: 0.8851452436673127
time: 1801.2054810523987
preprocess_time: 0.26173
node: 0
algo: F