instance: K400.8.con.red
obj: 1501.0
bound: 71.41907575165604
gap: 0.9524190034965014
time: 1724.8892769813538
preprocess_time: 80.236648
node: 0
algo: EFPV