instance: K400.9.con.red
obj: 381.0
bound: 119.80535554185631
gap: 0.685550247921457
time: 1755.0074019432068
preprocess_time: 45.941874
node: 0
formulation: EFPV