instance: K400.10.con.red
obj: 41.0
bound: 26.0
gap: 0.36585365853658536
time: 7198.898055076599
preprocess_time: 1.108692
sepa_time: 0.0
node: 8826
formulation: LEFPA