instance: K400.3.con.red
obj: 155.0
bound: 115.0
gap: 0.25806451612903225
time: 3599.635379076004
preprocess_time: 0.372577
sepa_time: 0.0
node: 803
formulation: EVFP