instance: K400.5.con.red
obj: 40.0
bound: 29.0
gap: 0.275
time: 7199.938066005707
preprocess_time: 0.095787
sepa_time: 0.0
node: 12650
formulation: EFP