instance: K400.red
obj: 1535.0
bound: 1381.0
gap: 0.1003257328990228
time: 7195.473716020584
preprocess_time: 4.609748
sepa_time: 0.0
node: 39500
formulation: EFP