instance: K400.8.con.red
obj: 46.0
bound: 28.0
gap: 0.391304347826087
time: 3599.8522341251373
preprocess_time: 0.16269
sepa_time: 0.0
node: 1128
formulation: EVFP