instance: K400.2.red
obj: 1577.0
bound: 1535.0
gap: 0.02663284717818643
time: 3598.6093180179596
preprocess_time: 1.402128
sepa_time: 0.0
node: 125354
formulation: LEFP