instance: K400.9.con.red
obj: 44.0
bound: 31.0
gap: 0.29545454545454547
time: 3598.9128952026367
preprocess_time: 1.09604
sepa_time: 0.0
node: 7321
formulation: LEFP