instance: K400.red
org_node: 231
org_edge: 914
org_min_len: 0.010290688636716928
org_avg_len: 0.20072264829766925
org_max_len: 1.0
dtf_node: 284
dtf_edge: 967
dtf_min_len: 0.004586505440662303
dtf_avg_len: 0.18972130356160213
dtf_max_len: 1.0
sdb_node: 296
sdb_edge: 979
sdb_min_len: 0.004586505440662303
sdb_avg_len: 0.18739581260885518
sdb_max_len: 0.4014448951500419
dlt: 0.4014452965953385
formulation: None