instance: K400.3.con.red
obj: 42.0
bound: 31.0
gap: 0.2619047619047619
time: 7198.516618013382
preprocess_time: 1.508483
sepa_time: 0.0
node: 10318
formulation: LEFPA