instance: K400.red
obj: 58.0
bound: 29.195313384220974
gap: 0.4966325278574028
time: 3602.9492239952087
preprocess_time: 0.158131
node: 2475
formulation: LEFP