instance: K400.6.con.red
obj: 1715.0
bound: 1680.0
gap: 0.02040816326530612
time: 7198.652132987976
preprocess_time: 1.359488
sepa_time: 0.0
node: 284052
formulation: LEFP