instance: K400.7.con.red
obj: 937.0
bound: 29.463148887389696
gap: 0.9685558709845393
time: 3603.2310280799866
preprocess_time: 0.16344
node: 504
formulation: LEFPD