instance: K400.4.red
obj: 227.0
bound: 15.239523077480147
gap: 0.9328655371032007
time: 1800.496549129486
preprocess_time: 0.18522
node: 7
algo: SF