instance: K400.1.con.red
obj: 58.0
bound: 45.0
gap: 0.22413793103448276
time: 7198.189532995224
preprocess_time: 1.835933
sepa_time: 0.0
node: 10031
formulation: LEFPAD