instance: K400.1.con.red
obj: 1137.0
bound: 181.49996918158627
gap: 0.840369420244793
time: 3605.0354449748993
preprocess_time: 0.125738
node: 136499
formulation: LEFPDB