instance: K400.red
obj: 44.0
bound: 29.0
gap: 0.3409090909090909
time: 7199.855346918106
preprocess_time: 0.152936
sepa_time: 1.04e-322
node: 2610
formulation: LEVFP