instance: K400.3.con.red
obj: 90.00000113816185
bound: 18.59966678963785
gap: 0.793337038283319
time: 1800.4103209972382
preprocess_time: 0.163585
node: 56
algo: EVFPV