instance: K400.1.con.red
obj: 58.0
bound: 45.0
gap: 0.22413793103448276
time: 3598.5827581882477
preprocess_time: 1.447539
sepa_time: 0.0
node: 4919
formulation: LEFP