instance: K400.9.con.red
obj: 38.0
bound: 29.0
gap: 0.23684210526315788
time: 7198.471179008484
preprocess_time: 1.560134
sepa_time: 0.0
node: 10869
formulation: LEFPAI