instance: K400.10.con.red
obj: 173.0
bound: 131.0
gap: 0.24277456647398843
time: 3599.600353002548
preprocess_time: 0.414164
node: 2662
formulation: LEFPI