instance: K400.10.con.red
obj: 40.0
bound: 25.0
gap: 0.375
time: 3599.8744900226593
preprocess_time: 0.136358
sepa_time: 0.0
node: 865
formulation: LEVFP