instance: K400.4.red
obj: 68.00000075033378
bound: 19.367816534332107
gap: 0.7151791717545156
time: 3602.613132953644
preprocess_time: 0.113886
node: 684
formulation: EFP