instance: K400.7.con.red
obj: 42.0
bound: 28.0
gap: 0.3333333333333333
time: 3599.8891661167145
preprocess_time: 0.120256
sepa_time: 0.0
node: 5935
formulation: LEFPV2