instance: K400.10.con.red
obj: 1521.0
bound: 1484.0
gap: 0.024326101249178174
time: 7198.161613225937
preprocess_time: 1.850184
sepa_time: 0.0
node: 292455
formulation: LEFPA