instance: K400.9.con.red
obj: 47.0
bound: 47.0
gap: 0.0
time: 81.59058403968811
preprocess_time: 0.141054
node: 868
algo: SFD