instance: K400.5.con.red
obj: 45.0
bound: 28.0
gap: 0.37777777777777777
time: 7198.70096206665
preprocess_time: 1.396875
sepa_time: 0.0
node: 10301
formulation: LEFPI