instance: K400.2.red
obj: 1342.0
bound: 17.677224525875417
gap: 0.9868277015454738
time: 1800.206425189972
preprocess_time: 0.243205
node: 0
algo: EVFP