instance: K400.6.con.red
obj: 131.0
bound: 18.823298746840564
gap: 0.8563106965883497
time: 1800.2451322078705
preprocess_time: 0.190262
node: 53
algo: ERF