instance: K400.10.con.red
obj: 1373.0
bound: 74.96304545484183
gap: 0.9454020062236442
time: 1800.1443419456482
preprocess_time: 0.33941
node: 0
algo: EFPLg