instance: K400.4.red
obj: 280.0
bound: 15.384029781557608
gap: 0.9450570364940996
time: 1800.6295919418335
preprocess_time: 0.126929
node: 17
algo: F