instance: K400.6.con.red
obj: 1716.0
bound: 1679.0
gap: 0.02156177156177156
time: 7198.5399050712585
preprocess_time: 1.471926
sepa_time: 0.0
node: 272385
formulation: LEFP