instance: K400.3.con.red
obj: 112.00000009798886
bound: 19.88774903248331
gap: 0.8224308123645915
time: 1646.2935988903046
preprocess_time: 193.32591
node: 5
algo: EFPV