instance: K400.5.con.red
obj: 663.0
bound: 663.0
gap: 0.0
time: 0.06478214263916016
preprocess_time: 1.917277
sepa_time: 0.0
node: 1
formulation: LEFPAV