instance: K400.4.red
obj: 929.0
bound: 892.0
gap: 0.03982777179763186
time: 3599.6430480480194
preprocess_time: 0.364059
sepa_time: 0.0
node: 16809
formulation: LEVFP