instance: K400.8.con.red
obj: 1115.0
bound: 1005.0
gap: 0.09865470852017937
time: 3596.841360092163
preprocess_time: 3.178866
sepa_time: 1.141e-320
node: 2700
formulation: EVFP