instance: K400.2.red
obj: 1576.9999999694155
bound: 1536.0
gap: 0.025998731750292117
time: 7198.943116903305
preprocess_time: 1.062822
sepa_time: 0.0
node: 260854
formulation: LEFP