instance: K400.1.con.red
obj: 57.0
bound: 46.0
gap: 0.19298245614035087
time: 3599.045243024826
preprocess_time: 0.962106
sepa_time: 0.0
node: 6488
formulation: LEFP