instance: K400.3.con.red
obj: 44.0
bound: 34.0
gap: 0.22727272727272727
time: 3599.6344459056854
preprocess_time: 0.375884
sepa_time: 0.0
node: 1038
formulation: LEFPD