instance: K400.3.con.red
obj: 1350.0
bound: 1241.0
gap: 0.08074074074074074
time: 7197.344960927963
preprocess_time: 2.664308
sepa_time: 4.243991582e-314
node: 3901
formulation: EVFP