instance: K400.8.con.red
obj: 47.0
bound: 27.0
gap: 0.425531914893617
time: 7199.894484996796
preprocess_time: 0.117762
sepa_time: 6.27e-322
node: 1251
formulation: LEVFP