instance: K400.red
obj: 361.0
bound: 21.047829242285786
gap: 0.9416957638715237
time: 1800.403382062912
preprocess_time: 0.182206
node: 510
algo: ERF