instance: K400.red
obj: 979.0
bound: 19.59308961850033
gap: 0.979986629603066
time: 1713.229830980301
preprocess_time: 123.332621
node: 14
algo: EFPV