instance: K400.2.red
obj: 1600.0
bound: 1427.0
gap: 0.108125
time: 7195.138875007629
preprocess_time: 4.930777
sepa_time: 0.0
node: 26696
formulation: EFP