instance: K400.red
obj: 118.0
bound: 22.681661380832747
gap: 0.8077825306702243
time: 1800.3227310180664
preprocess_time: 0.207027
node: 129
formulation: LEVFP