instance: K400.6.con.red
obj: 1583.0
bound: 75.37135206222976
gap: 0.9523870170168509
time: 1800.1582210063934
preprocess_time: 0.747613
node: 0
algo: ESF