instance: K400.2.red
obj: 1429.0
bound: 76.6957641140469
gap: 0.9463290664001809
time: 1801.0830080509186
preprocess_time: 0.414822
node: 0
formulation: EFP