instance: K400.3.con.red
obj: 43.0
bound: 31.0
gap: 0.27906976744186046
time: 7199.871098995209
preprocess_time: 0.136553
sepa_time: 1.24e-322
node: 2334
formulation: LEVFP