instance: K400.4.red
obj: 272.9999999508656
bound: 61.12872169379796
gap: 0.7760852684803022
time: 1802.3188128471375
preprocess_time: 0.160434
node: 344
algo: SF