instance: K400.10.con.red
obj: 1563.0
bound: 1514.0
gap: 0.03134996801023673
time: 7199.04977107048
preprocess_time: 0.957884
sepa_time: 0.0
node: 120613
formulation: LEFPD