instance: K400.2.red
obj: 1621.0
bound: 1572.0
gap: 0.030228254164096236
time: 3599.6466751098633
preprocess_time: 0.376704
sepa_time: 0.0
node: 30685
formulation: LEFPD