instance: K400.red
obj: 1523.0
bound: 1480.0
gap: 0.028233749179251477
time: 3599.6518111228943
preprocess_time: 0.358715
sepa_time: 0.0
node: 170050
formulation: LEFPV