instance: K400.8.con.red
obj: 1638.0
bound: 1598.0
gap: 0.02442002442002442
time: 3599.908719062805
preprocess_time: 0.098349
sepa_time: 6.91833880215553e-310
node: 49886
formulation: LEVFP