instance: K400.5.con.red
obj: 646.0
bound: 76.76555236450584
gap: 0.8811678755966037
time: 1800.052050113678
preprocess_time: 0.209947
node: 0
algo: EFPLg