instance: K400.4.red
obj: 0.0
bound: 0.0
gap: 0.0
time: 8.044103145599365
preprocess_time: 0.165853
node: 0
algo: EVFP0