instance: K400.10.con.red
org_node: 221
org_edge: 923
org_min_len: 0.003612539799167279
org_avg_len: 0.14091711291885145
org_max_len: 1.0
dtf_node: 291
dtf_edge: 993
dtf_min_len: 0.0006993240184022809
dtf_avg_len: 0.13098337887623387
dtf_max_len: 1.0
sdb_node: 300
sdb_edge: 1002
sdb_min_len: 0.0006993240184022809
sdb_avg_len: 0.1298068814611779
sdb_max_len: 0.28183394400347705
dlt: 0.2818342258377029
formulation: None