instance: K400.2.red
obj: 0.0
bound: 0.0
gap: 0.0
time: 52.38731002807617
preprocess_time: 0.447834
node: 0
algo: EVFP