instance: K400.10.con.red
obj: 1126.0
bound: 1062.0
gap: 0.056838365896980464
time: 3599.842372894287
preprocess_time: 0.161031
sepa_time: 0.0
node: 19895
formulation: LEFPD