instance: K400.9.con.red
obj: 0.0
bound: 0.0
gap: 0.0
time: 30.05191683769226
preprocess_time: 0.248425
node: 0
algo: EVFP0