instance: K400.red
obj: 1521.0
bound: 1485.0
gap: 0.023668639053254437
time: 7198.972712993622
preprocess_time: 1.03331
sepa_time: 4.887064353357049e14
node: 347695
formulation: LEFPAV