instance: K400.4.red
obj: 33.0
bound: 24.0
gap: 0.2727272727272727
time: 7198.079879045486
preprocess_time: 1.940858
sepa_time: 0.0
node: 6951
formulation: LEFPAD