instance: K400.8.con.red
obj: 45.0
bound: 27.0
gap: 0.4
time: 7198.421617984772
preprocess_time: 1.592657
sepa_time: 0.0
node: 5101
formulation: LEFPAI