instance: K400.4.red
obj: 69.0
bound: 26.63961084834132
gap: 0.6139186833564824
time: 3602.028083086014
preprocess_time: 0.150968
node: 691
formulation: LEFP