instance: K400.4.red
obj: 271.0
bound: 20.342216979137252
gap: 0.9249364687113294
time: 1800.6603229045868
preprocess_time: 0.162338
node: 0
algo: RF