instance: K400.6.con.red
obj: 47.0
bound: 29.0
gap: 0.3829787234042553
time: 3599.7887949943542
preprocess_time: 0.249748
sepa_time: 0.0
node: 5718
formulation: EFP