instance: K400.10.con.red
obj: 1523.0
bound: 1480.0
gap: 0.028233749179251477
time: 3599.8766419887543
preprocess_time: 0.139586
sepa_time: 0.0
node: 108272
formulation: LEFPV2