instance: K400.6.con.red
obj: 1492.0
bound: 186.84202147919535
gap: 0.8747707630835906
time: 3603.7262279987335
preprocess_time: 0.560316
node: 514
formulation: LEFPD