instance: K400.2.red
obj: 249.0
bound: 120.85671179486168
gap: 0.5146316795385015
time: 3602.4078249931335
preprocess_time: 0.348472
node: 632
formulation: LEVFP