instance: K400.7.con.red
obj: 207.0
bound: 139.0
gap: 0.3285024154589372
time: 3599.868667125702
preprocess_time: 0.144256
node: 2043
formulation: LEFPD