instance: K400.6.con.red
obj: 184.0
bound: 132.0
gap: 0.2826086956521739
time: 3599.9264039993286
preprocess_time: 0.556702
node: 1316
formulation: LEFP