instance: K400.red
obj: 689.0
bound: 76.11196846070979
gap: 0.8895327017985504
time: 1800.1359918117523
preprocess_time: 0.249224
node: 0
algo: EFPLg