instance: K400.5.con.red
obj: 302.0
bound: 25.744810462571657
gap: 0.9147522832362148
time: 1732.6211659908295
preprocess_time: 68.131034
node: 0
formulation: EFPV