instance: K400.5.con.red
obj: 43.0
bound: 27.0
gap: 0.37209302325581395
time: 3599.8576068878174
preprocess_time: 0.151379
node: 8232
formulation: LEFPI