instance: K400.7.con.red
obj: 664.0
bound: 107.78410829881602
gap: 0.837674535694428
time: 1800.611083984375
preprocess_time: 0.25392
node: 98
formulation: LEVFP