instance: K400.9.con.red
obj: 45.0
bound: 34.0
gap: 0.24444444444444444
time: 3599.8557920455933
preprocess_time: 0.167357
sepa_time: 0.0
node: 2621
formulation: LEFPD