instance: K400.4.red
obj: 38.0
bound: 25.0
gap: 0.34210526315789475
time: 7199.812423944473
preprocess_time: 0.201362
sepa_time: 0.0
node: 1126
formulation: LEVFP