instance: K400.9.con.red
obj: 237.0
bound: 208.35097365366903
gap: 0.12088196770598685
time: 3637.4413781166077
preprocess_time: 0.125254
node: 42630
formulation: LEFP