instance: K400.2.red
obj: 39.0
bound: 27.0
gap: 0.3076923076923077
time: 3599.7597219944
preprocess_time: 0.403356
sepa_time: 0.0
node: 1015
formulation: EVFP