instance: K400.3.con.red
obj: 1341.0
bound: 1303.0
gap: 0.028337061894108874
time: 3598.6007030010223
preprocess_time: 1.408647
sepa_time: 0.0
node: 191639
formulation: LEFP