instance: K400.3.con.red
obj: 1354.0
bound: 1199.0
gap: 0.11447562776957164
time: 7196.576025009155
preprocess_time: 3.472186
sepa_time: 0.0
node: 41415
formulation: EFP