instance: K400.red
obj: 288.0
bound: 22.60896245185527
gap: 0.9214966581529603
time: 1800.4915969371796
preprocess_time: 0.189316
node: 10
algo: RF