instance: K400.9.con.red
obj: 1397.0
bound: 1358.0
gap: 0.02791696492483894
time: 3599.882178068161
preprocess_time: 0.136996
sepa_time: 0.0
node: 168537
formulation: LEFPV