instance: K400.2.red
obj: 1098.0
bound: 964.0
gap: 0.122040072859745
time: 3597.273761987686
preprocess_time: 2.876241
sepa_time: 0.0
node: 10202
formulation: EFP