instance: K400.10.con.red
obj: 1566.0
bound: 1501.0
gap: 0.041507024265644954
time: 3599.6534929275513
preprocess_time: 0.363389
sepa_time: 0.0
node: 44210
formulation: LEFPD