instance: K400.2.red
obj: 186.0
bound: 138.0
gap: 0.25806451612903225
time: 3599.873645067215
preprocess_time: 0.455158
node: 1540
formulation: LEFPI