instance: K400.1.con.red
obj: 0.0
bound: 0.0
gap: 0.0
time: 17.356959104537964
preprocess_time: 0.252636
node: 400
algo: EVFP0