instance: K400.6.con.red
obj: 42.0
bound: 29.0
gap: 0.30952380952380953
time: 7199.531079053879
preprocess_time: 1.758576
sepa_time: 0.0
node: 10202
formulation: LEFPA