instance: K400.9.con.red
obj: 1393.0
bound: 1361.0
gap: 0.02297200287150036
time: 7198.640205144882
preprocess_time: 1.366241
sepa_time: 3.9189579902827344e14
node: 301007
formulation: LEFPAV