instance: K400.2.red
obj: 197.0
bound: 195.99999999999997
gap: 0.005076142131977263
time: 32.36814308166504
preprocess_time: 0.318119
node: 643
algo: SFD