instance: K400.10.con.red
obj: 991.0
bound: 26.735580427459226
gap: 0.9730216140993374
time: 3601.9600360393524
preprocess_time: 0.118156
node: 6870
formulation: LEFPDB