instance: K400.7.con.red
obj: 178.0
bound: 130.0
gap: 0.2696629213483146
time: 3599.6691451072693
preprocess_time: 0.421134
node: 1524
formulation: LEFPI