instance: K400.6.con.red
obj: 49.0
bound: 32.0
gap: 0.3469387755102041
time: 7198.069442987442
preprocess_time: 1.947546
sepa_time: 0.0
node: 1007
formulation: LEFPAD