instance: K400.5.con.red
obj: 618.0
bound: 76.89326954710839
gap: 0.8755772337424014
time: 1800.3162457942963
preprocess_time: 0.180278
node: 0
algo: ESF