instance: K400.9.con.red
obj: 1394.0
bound: 1354.0
gap: 0.028694404591104734
time: 7198.622787952423
preprocess_time: 1.40128
sepa_time: 0.0
node: 104978
formulation: LEFPD