instance: K400.red
obj: 979.0
bound: 26.11157132913725
gap: 0.9733283234634988
time: 1677.8888700008392
preprocess_time: 123.159783
node: 0
formulation: EFPV