instance: K400.7.con.red
obj: 42.0
bound: 27.0
gap: 0.35714285714285715
time: 3598.586525917053
preprocess_time: 1.424744
sepa_time: 0.0
node: 6832
formulation: LEFP