instance: K400.3.con.red
obj: 0.0
bound: 0.0
gap: 0.0
time: 17.1016948223114
preprocess_time: 0.146058
node: 0
algo: EVFP0