instance: K400.3.con.red
obj: 1340.0
bound: 1295.0
gap: 0.033582089552238806
time: 3599.661591053009
preprocess_time: 0.350426
sepa_time: 0.0
node: 141901
formulation: LEFP