instance: K400.4.red
obj: 1262.0
bound: 1232.0
gap: 0.02377179080824089
time: 7199.012602090836
preprocess_time: 1.001534
sepa_time: 0.0
node: 227523
formulation: LEFPV