instance: K400.7.con.red
obj: 692.0
bound: 75.25113135745846
gap: 0.8912555905237751
time: 1800.0698709487915
preprocess_time: 0.276879
node: 0
algo: ESF