instance: K400.1.con.red
obj: 442.0
bound: 106.14561676229226
gap: 0.7598515457864972
time: 1800.725666999817
preprocess_time: 0.21842
node: 523
algo: SF