instance: K400.red
obj: 1034.0
bound: 984.0
gap: 0.048355899419729204
time: 3599.6283819675446
preprocess_time: 0.385485
sepa_time: 0.0
node: 77338
formulation: LEFPV