instance: K400.5.con.red
obj: 299.0
bound: 20.932491052111967
gap: 0.9299916687217226
time: 1800.5162250995636
preprocess_time: 0.187387
node: 523
algo: RF