instance: K400.10.con.red
obj: 1535.0
bound: 1413.0
gap: 0.07947882736156352
time: 7196.293318033218
preprocess_time: 3.844627
sepa_time: 6.9509788693843e-310
node: 3539
formulation: EVFP