instance: K400.10.con.red
obj: 259.0
bound: 176.67442918094824
gap: 0.31785934679158295
time: 3603.9864180088043
preprocess_time: 0.155519
node: 14406
formulation: LEFPI