instance: K400.4.red
obj: 523.0
bound: 76.00215234978315
gap: 0.8546803970365799
time: 1800.2774529457092
preprocess_time: 0.198713
node: 0
algo: ERF