instance: K400.6.con.red
obj: 1731.0
bound: 1613.0
gap: 0.0681686886192952
time: 7194.496379137039
preprocess_time: 5.567274
sepa_time: 0.0
node: 3421
formulation: EVFP