instance: K400.5.con.red
obj: 0.0
bound: 0.0
gap: 0.0
time: 38.99903893470764
preprocess_time: 0.359234
node: 160
algo: EVFP