instance: K400.10.con.red
obj: 153.0
bound: 16.082194084956683
gap: 0.8948876203591755
time: 1800.3410830497742
preprocess_time: 0.165084
node: 22
algo: ESF