instance: K400.9.con.red
obj: 44.0
bound: 32.0
gap: 0.2727272727272727
time: 7198.671810865402
preprocess_time: 1.445749
sepa_time: 2.5832891580381097e14
node: 10256
formulation: LEFPAV