instance: K400.4.red
obj: 979.9999989066691
bound: 927.0
gap: 0.05408163159775332
time: 3599.8661291599274
preprocess_time: 0.140195
sepa_time: 0.0
node: 11527
formulation: LEFPD