instance: K400.3.con.red
obj: 1337.0
bound: 1302.0
gap: 0.02617801047120419
time: 7198.993201971054
preprocess_time: 1.011812
sepa_time: 0.0
node: 437856
formulation: LEFPV