instance: K400.1.con.red
obj: 58.0
bound: 46.0
gap: 0.20689655172413793
time: 7199.919516801834
preprocess_time: 0.10805
sepa_time: 0.0
node: 4883
formulation: LEVFP