instance: K400.4.red
obj: 164.0
bound: 130.0
gap: 0.2073170731707317
time: 3599.6391010284424
preprocess_time: 0.382179
node: 1695
formulation: LEFPD