instance: K400.5.con.red
obj: 640.0
bound: 78.67054824377395
gap: 0.877077268368966
time: 1800.4602279663086
preprocess_time: 0.184923
node: 1
formulation: EFP