instance: K400.2.red
obj: 1576.0
bound: 1537.0
gap: 0.024746192893401017
time: 7198.848415136337
preprocess_time: 1.160963
sepa_time: 4.978176081422955e14
node: 230857
formulation: LEFPAV