instance: K400.10.con.red
obj: 1002.0
bound: 15.460624830862676
gap: 0.9845702346996396
time: 1800.2778418064117
preprocess_time: 0.167079
node: 49
algo: ERF