instance: K400.1.con.red
obj: 615.0
bound: 109.45603942706072
gap: 0.8220227001184668
time: 1800.426677942276
preprocess_time: 0.167048
node: 451
algo: ESF