instance: K400.6.con.red
obj: 47.0
bound: 32.0
gap: 0.3191489361702128
time: 3599.609292984009
preprocess_time: 0.404193
node: 808
formulation: LEVFP