instance: K400.2.red
obj: 40.0
bound: 24.0
gap: 0.4
time: 3598.969932079315
preprocess_time: 1.049179
sepa_time: 0.0
node: 6998
formulation: LEFPI