instance: K400.2.red
obj: 1577.0
bound: 1535.0
gap: 0.02663284717818643
time: 7198.1354649066925
preprocess_time: 1.868186
sepa_time: 0.0
node: 360331
formulation: LEFPAI