instance: K400.2.red
obj: 501.0
bound: 121.06984601154743
gap: 0.7583436207352829
time: 1752.9684720039368
preprocess_time: 48.000978
node: 0
algo: EFPV