instance: K400.5.con.red
obj: 165.0
bound: 130.0
gap: 0.21212121212121213
time: 3599.7816591262817
preprocess_time: 0.311872
sepa_time: 0.0
node: 1450
formulation: EVFP