instance: K400.2.red
obj: 1429.0
bound: 77.86255963076806
gap: 0.9455125544920485
time: 1799.7394251823425
preprocess_time: 0.641325
node: 0
algo: ESF