instance: K400.5.con.red
obj: 1328.9999999913205
bound: 1295.0
gap: 0.02558314521560761
time: 3598.9719338417053
preprocess_time: 1.033211
sepa_time: 0.0
node: 292862
formulation: LEFPV