instance: K400.8.con.red
obj: 44.0
bound: 26.0
gap: 0.4090909090909091
time: 7199.017977952957
preprocess_time: 0.991636
sepa_time: 0.0
node: 7479
formulation: LEFP