instance: K400.5.con.red
obj: 1329.0
bound: 1295.0
gap: 0.025583145221971408
time: 3598.964127063751
preprocess_time: 1.038043
sepa_time: 0.0
node: 252304
formulation: LEFPI