instance: K400.red
obj: 1522.0
bound: 1484.0
gap: 0.024967148488830485
time: 7198.56418800354
preprocess_time: 1.44385
sepa_time: 0.0
node: 483990
formulation: LEFPA