instance: K400.red
obj: 163.9999992026888
bound: 123.0
gap: 0.24999999635375972
time: 3599.7134141921997
preprocess_time: 0.391551
sepa_time: 0.0
node: 1250
formulation: EVFP