instance: K400.1.con.red
obj: 951.0
bound: 29.269570555530716
gap: 0.9692223232853547
time: 1800.3947269916534
preprocess_time: 0.214411
node: 297
formulation: EFP