instance: K400.red
obj: 979.0
bound: 19.56493512750734
gap: 0.980015388020832
time: 1800.4071280956268
preprocess_time: 0.219932
node: 36
formulation: EFP