instance: K400.9.con.red
obj: 160.0
bound: 26.435153789639063
gap: 0.8347802888142342
time: 1800.550087928772
preprocess_time: 0.207908
node: 248
algo: RF