instance: K400.9.con.red
obj: 45.0
bound: 33.0
gap: 0.26666666666666666
time: 3599.90585398674
preprocess_time: 0.125885
sepa_time: 0.0
node: 2391
formulation: EVFP