instance: K400.10.con.red
obj: 1002.0
bound: 16.291748455472742
gap: 0.98374077000442
time: 1800.5378770828247
preprocess_time: 0.14304
node: 49
formulation: EFPI