instance: K400.9.con.red
obj: 45.0
bound: 33.0
gap: 0.26666666666666666
time: 3599.843024969101
preprocess_time: 0.172875
sepa_time: 1.0
node: 2642
formulation: EVFP