instance: K400.8.con.red
obj: 816.0
bound: 91.87604502778608
gap: 0.8874068075638789
time: 1801.2214272022247
preprocess_time: 0.296974
node: 0
algo: RF