instance: K400.3.con.red
obj: 213.0
bound: 92.97007854116978
gap: 0.5635207580224125
time: 1800.0900921821594
preprocess_time: 0.235145
node: 110
algo: RF