instance: K400.3.con.red
obj: 219.0
bound: 20.248033761925054
gap: 0.907543224830978
time: 1800.433708190918
preprocess_time: 0.151469
node: 159
algo: ERF