instance: K400.red
obj: 224.0000023928672
bound: 161.5632739685996
gap: 0.2787353917734954
time: 3603.1225020885468
preprocess_time: 0.471883
node: 1026
formulation: LEFPD