instance: K400.1.con.red
obj: 57.0
bound: 57.0
gap: 0.0
time: 82.80213713645935
preprocess_time: 0.147735
node: 898
algo: SFD