instance: K400.9.con.red
obj: 1406.9999986724124
bound: 1246.0
gap: 0.1144278598609278
time: 3595.9482910633087
preprocess_time: 4.090484
sepa_time: 0.0
node: 10255
formulation: EFP