instance: K400.4.red
obj: 37.0
bound: 24.0
gap: 0.35135135135135137
time: 3599.930188894272
preprocess_time: 0.114882
sepa_time: 0.0
node: 3989
formulation: LEFPV2