instance: K400.7.con.red
obj: 639.0
bound: 114.12142937158704
gap: 0.8214062138158541
time: 1759.2161610126495
preprocess_time: 41.651021
node: 4
algo: EFPV