instance: K400.red
obj: 43.0
bound: 28.0
gap: 0.3488372093023256
time: 3599.630810022354
preprocess_time: 0.387006
node: 7175
formulation: LEFPI