instance: K400.red
org_node: 231
org_edge: 914
org_min_len: 0.010290688636716928
org_avg_len: 0.20072264829766925
org_max_len: 1.0
dtf_node: 568
dtf_edge: 1251
dtf_min_len: 0.00011697415667499822
dtf_avg_len: 0.14665107957159917
dtf_max_len: 1.0
sdb_node: 715
sdb_edge: 1398
sdb_min_len: 0.00011697415667499822
sdb_avg_len: 0.13123068708445676
sdb_max_len: 0.20072244757502095
dlt: 0.20072264829766925
algo: None