instance: K400.2.red
obj: 1574.0
bound: 1529.0
gap: 0.028589580686149935
time: 7198.945744037628
preprocess_time: 1.063293
sepa_time: 0.0
node: 75835
formulation: LEFPAD