instance: K400.9.con.red
obj: 44.0
bound: 32.0
gap: 0.2727272727272727
time: 7198.569597005844
preprocess_time: 1.441369
sepa_time: 1.3846775950326754e13
node: 10369
formulation: LEFPV2