instance: K400.4.red
obj: 38.0
bound: 26.0
gap: 0.3157894736842105
time: 7198.943487167358
preprocess_time: 1.062451
sepa_time: 0.0
node: 5169
formulation: LEFP