instance: K400.3.con.red
obj: 161.0
bound: 116.0
gap: 0.2795031055900621
time: 3599.5937230587006
preprocess_time: 0.415407
node: 3548
formulation: LEFP