instance: K400.red
obj: 729.0
bound: 98.17195061420202
gap: 0.8653334010777934
time: 1800.0569429397583
preprocess_time: 0.215334
node: 79
algo: RF