instance: K400.6.con.red
obj: 1169.0
bound: 1108.0
gap: 0.05218135158254919
time: 3599.61785697937
preprocess_time: 0.401971
sepa_time: 0.0
node: 49056
formulation: LEFPV