instance: K400.10.con.red
obj: 168.0
bound: 132.0
gap: 0.21428571428571427
time: 3599.768322944641
preprocess_time: 0.244298
sepa_time: 2.57e-322
node: 784
formulation: EVFP