instance: K400.9.con.red
obj: 938.0
bound: 41.02627799135034
gap: 0.9562619637617847
time: 3602.4579739570618
preprocess_time: 0.16616
node: 498
formulation: LEFPD