instance: K400.4.red
obj: 153.0
bound: 124.0
gap: 0.1895424836601307
time: 3599.885554075241
preprocess_time: 0.197461
sepa_time: -1.0
node: 1642
formulation: EVFP