instance: K400.red
obj: 693.0
bound: 76.47017605298865
gap: 0.8896534256088345
time: 1799.6273729801178
preprocess_time: 0.734275
node: 0
algo: ERF