instance: K400.10.con.red
obj: 41.0
bound: 26.0
gap: 0.36585365853658536
time: 7199.140891075134
preprocess_time: 1.198968
sepa_time: 4.1954156711958256e14
node: 10202
formulation: LEFPAV