instance: K400.3.con.red
obj: 191.0
bound: 143.6066732676546
gap: 0.24813260069277795
time: 3604.646500110626
preprocess_time: 0.421052
node: 9559
formulation: LEFPI