instance: K400.5.con.red
obj: 457.0
bound: 69.89227339199235
gap: 0.8470628590982996
time: 1800.3490619659424
preprocess_time: 0.31353
node: 45
algo: EVFPV