instance: K400.red
obj: 451.0
bound: 71.2039282062834
gap: 0.8421198931122669
time: 1799.877876996994
preprocess_time: 0.512814
node: 100
algo: ERF