instance: K400.9.con.red
obj: 46.0
bound: 33.0
gap: 0.2826086956521739
time: 7198.638523817062
preprocess_time: 1.446061
sepa_time: 0.0
node: 10202
formulation: LEFPA