instance: K400.red
obj: 45.0
bound: 30.0
gap: 0.3333333333333333
time: 7198.919548988342
preprocess_time: 1.087595
sepa_time: 0.0
node: 4938
formulation: LEFPD