instance: K400.4.red
obj: 677.0
bound: 101.98931109798369
gap: 0.8493510914356446
time: 1800.5945801734924
preprocess_time: 0.20807
node: 0
algo: ESFV