instance: K400.9.con.red
obj: 1394.0
bound: 1362.0
gap: 0.02295552367288379
time: 7198.612889051437
preprocess_time: 1.397971
sepa_time: 0.0
node: 428420
formulation: LEFPV2