instance: K400.4.red
obj: 1284.0
bound: 1139.0
gap: 0.11292834890965732
time: 7196.733785152435
preprocess_time: 3.337054
sepa_time: 0.0
node: 45617
formulation: EFP