instance: K400.9.con.red
obj: 1406.0
bound: 1281.0
gap: 0.08890469416785206
time: 3596.097130060196
preprocess_time: 3.92075
sepa_time: 0.0
node: 2907
formulation: EVFP