instance: K400.6.con.red
obj: 1745.0
bound: 1549.0
gap: 0.11232091690544413
time: 3594.252439022064
preprocess_time: 5.767335
sepa_time: 0.0
node: 10224
formulation: EFP