instance: K400.red
obj: 788.0
bound: 788.0
gap: 0.0
time: 0.0446629524230957
preprocess_time: 1.229528
sepa_time: 0.0
node: 1
formulation: LEFPA