instance: K400.10.con.red
obj: 650.0
bound: 70.26794220161197
gap: 0.8918954735358443
time: 1801.694077014923
preprocess_time: 0.25167
node: 0
algo: F