instance: K400.red
obj: 45.0
bound: 29.0
gap: 0.35555555555555557
time: 3599.8514800071716
preprocess_time: 0.155872
node: 924
formulation: LEVFP