instance: K400.4.red
org_node: 197
org_edge: 784
org_min_len: 0.0017925292008789176
org_avg_len: 0.21909347467447715
org_max_len: 1.0
dtf_node: 363
dtf_edge: 950
dtf_min_len: 0.001221834655609294
dtf_avg_len: 0.18080977278398916
dtf_max_len: 1.0
sdb_node: 2169
sdb_edge: 2756
sdb_min_len: 0.0017925292008789176
sdb_avg_len: 0.062325574798545114
sdb_max_len: 0.072298677768783
dlt: 0.07230084664257747
formulation: None