instance: K400.6.con.red
obj: 40.0
bound: 29.0
gap: 0.275
time: 7198.396203994751
preprocess_time: 1.645313
sepa_time: 3.4550100505496294e14
node: 3454
formulation: LEFPAV