instance: K400.5.con.red
obj: 43.0
bound: 28.0
gap: 0.3488372093023256
time: 3599.8963520526886
preprocess_time: 0.112148
sepa_time: 0.0
node: 1371
formulation: LEFPD