instance: K400.7.con.red
obj: 1439.0
bound: 1288.0
gap: 0.10493398193189715
time: 7196.885356903076
preprocess_time: 3.184059
sepa_time: 0.0
node: 42588
formulation: EFP