instance: K400.7.con.red
obj: 42.0
bound: 28.0
gap: 0.3333333333333333
time: 7198.60303902626
preprocess_time: 1.4077
sepa_time: 0.0
node: 10315
formulation: LEFP