instance: K400.5.con.red
obj: 338.0
bound: 103.59398481770334
gap: 0.6935089206574773
time: 1800.3170540332794
preprocess_time: 0.201063
node: 351
algo: EVFPL