instance: K400.4.red
obj: 1265.0
bound: 1232.0
gap: 0.02608695652173913
time: 7198.622944116592
preprocess_time: 1.385807
sepa_time: 0.0
node: 179009
formulation: LEFP