instance: K400.red
obj: 0.0
bound: 0.0
gap: 0.0
time: 54.10593795776367
preprocess_time: 0.462127
node: 0
algo: EVFP