instance: K400.3.con.red
obj: 45.0
bound: 34.0
gap: 0.24444444444444444
time: 3599.8678641319275
preprocess_time: 0.142503
node: 1420
formulation: LEFPD