instance: K400.5.con.red
obj: 40.0
bound: 27.0
gap: 0.325
time: 3598.5263788700104
preprocess_time: 1.48251
sepa_time: 0.0
node: 7037
formulation: LEFPV