instance: K400.5.con.red
obj: 42.0
bound: 28.0
gap: 0.3333333333333333
time: 7198.490848064423
preprocess_time: 1.800829
sepa_time: 4.973209273567196e14
node: 10202
formulation: LEFPAV