instance: K400.5.con.red
obj: 1333.0000000017787
bound: 1295.0
gap: 0.028507126782991776
time: 7198.150603055954
preprocess_time: 1.852909
sepa_time: 0.0
node: 609143
formulation: LEFPAI