instance: K400.1.con.red
obj: 341.0
bound: 79.2716685802447
gap: 0.7675317636940721
time: 1800.395828962326
preprocess_time: 0.310811
node: 599
algo: EVFP