instance: K400.9.con.red
obj: 64.0
bound: 26.37308720933776
gap: 0.5879205123531789
time: 1800.6335051059723
preprocess_time: 0.164247
node: 525
formulation: LEVFP