instance: K400.red
obj: 549.0
bound: 70.77809089319325
gap: 0.8710781586643344
time: 1800.0308442115784
preprocess_time: 0.476064
node: 0
algo: SF