instance: K400.4.red
obj: 1279.0
bound: 1129.0
gap: 0.11727912431587177
time: 3596.696960926056
preprocess_time: 3.428406
sepa_time: 0.0
node: 10477
formulation: EFP