instance: K400.9.con.red
obj: 44.0
bound: 31.0
gap: 0.29545454545454547
time: 3599.6249618530273
preprocess_time: 0.387047
node: 7728
formulation: LEFP