instance: K400.10.con.red
obj: 66.0
bound: 0.0
gap: 0.9999999999984848
time: 1802.049740076065
preprocess_time: 0.34057
node: 7539
algo: EVFPV