instance: K400.6.con.red
obj: 1715.0
bound: 1671.0
gap: 0.02565597667638484
time: 7198.451496124268
preprocess_time: 1.566333
sepa_time: 0.0
node: 68888
formulation: LEFPAD