instance: K400.2.red
obj: 1000.0
bound: 25.544816083061832
gap: 0.9744551839168407
time: 3602.004777908325
preprocess_time: 0.124203
node: 6280
formulation: LEFPDB