instance: K400.red
obj: 60.0
bound: 0.0
gap: 0.9999999999983333
time: 1801.157210111618
preprocess_time: 0.359903
node: 11252
algo: EVFPV