instance: K400.1.con.red
obj: 228.99999997678776
bound: 129.16561310420207
gap: 0.43595802132166667
time: 1800.5209119319916
preprocess_time: 0.120285
node: 510
algo: RF