instance: K400.3.con.red
obj: 658.0
bound: 69.48108620692304
gap: 0.8944056440622911
time: 1800.626636981964
preprocess_time: 0.318415
node: 0
formulation: EFP