instance: K400.7.con.red
obj: 126.0
bound: 20.543688128129254
gap: 0.8369548561252941
time: 1800.4433131217957
preprocess_time: 0.167297
node: 0
algo: ESF