instance: K400.7.con.red
obj: 42.0
bound: 28.0
gap: 0.3333333333333333
time: 3599.9268629550934
preprocess_time: 0.14081
sepa_time: 0.0
node: 5819
formulation: EFP