instance: K400.2.red
obj: 268.0
bound: 199.16494605705375
gap: 0.25684721620492745
time: 3605.2143411636353
preprocess_time: 0.167049
node: 23874
formulation: LEFP