instance: K400.6.con.red
obj: 176.0
bound: 123.0
gap: 0.30113636363636365
time: 3599.6997888088226
preprocess_time: 0.449667
sepa_time: 0.0
node: 1448
formulation: EVFP