instance: K400.2.red
obj: 1084.0
bound: 1037.0
gap: 0.043357933579335796
time: 3599.615800142288
preprocess_time: 0.392809
sepa_time: 0.0
node: 30496
formulation: LEFP