instance: K400.6.con.red
obj: 2372.0
bound: 67.5411864333078
gap: 0.9715256380972155
time: 1801.2323551177979
preprocess_time: 0.474097
node: 0
formulation: EVFP