instance: K400.2.red
obj: 182.0
bound: 138.0
gap: 0.24175824175824176
time: 3599.8452229499817
preprocess_time: 0.162086
sepa_time: 0.0
node: 3772
formulation: LEFPV2