instance: K400.red
obj: 40.0
bound: 28.0
gap: 0.3
time: 7198.448900938034
preprocess_time: 1.560015
sepa_time: 2.9370116311520575e14
node: 13257
formulation: LEFPAV