instance: K400.red
obj: 788.0
bound: 788.0
gap: 0.0
time: 0.060478925704956055
preprocess_time: 1.922469
sepa_time: 0.0
node: 1
formulation: LEFPAV