instance: K400.1.con.red
obj: 1061.0
bound: 962.0
gap: 0.09330819981149858
time: 3599.853931903839
preprocess_time: 0.164888
sepa_time: 0.0
node: 336268
formulation: LEFPD