instance: K400.5.con.red
obj: 76.99999997619048
bound: 24.638375239159295
gap: 0.6800211006903137
time: 1800.5671048164368
preprocess_time: 0.104823
node: 0
algo: ESFV