instance: K400.6.con.red
obj: 185.99999999421544
bound: 132.0
gap: 0.29032258062309046
time: 3599.456076860428
preprocess_time: 0.559012
node: 1536
formulation: LEFPV