instance: K400.9.con.red
obj: 377.0
bound: 73.22165427083672
gap: 0.8057781053821823
time: 1800.1928660869598
preprocess_time: 0.319003
node: 0
algo: EVFP