instance: K400.10.con.red
obj: 0.0
bound: 0.0
gap: 0.0
time: 55.38221287727356
preprocess_time: 0.158429
node: 0
algo: EVFP0