instance: K400.4.red
obj: 1262.0
bound: 1232.0
gap: 0.02377179080824089
time: 3598.984811067581
preprocess_time: 1.021162
sepa_time: 0.0
node: 98997
formulation: LEFPV2