instance: K400.red
obj: 45.0
bound: 30.0
gap: 0.3333333333333333
time: 3599.6253690719604
preprocess_time: 0.39233
sepa_time: 1.0
node: 770
formulation: EVFP