instance: K400.3.con.red
obj: 101.0
bound: 27.974265670518704
gap: 0.7230270725684058
time: 1800.7789359092712
preprocess_time: 0.158906
node: 0
algo: ESFV