instance: K400.4.red
obj: 0.0
bound: 0.0
gap: 0.0
time: 14.101202011108398
preprocess_time: 0.206262
node: 0
algo: EVFP