instance: K400.6.con.red
obj: 1733.0
bound: 1608.0
gap: 0.07212925562608194
time: 7194.458930015564
preprocess_time: 5.590988
sepa_time: 1.356e-320
node: 3340
formulation: EVFP