instance: K400.3.con.red
obj: 1383.0
bound: 1337.0
gap: 0.033261026753434564
time: 3598.620625972748
preprocess_time: 1.391706
sepa_time: 0.0
node: 48024
formulation: LEFPD