instance: K400.2.red
org_node: 228
org_edge: 948
org_min_len: 0.004557176670081605
org_avg_len: 0.23443750923233359
org_max_len: 1.0
dtf_node: 522
dtf_edge: 1242
dtf_min_len: 0.00016900633705116408
dtf_avg_len: 0.17894263989714398
dtf_max_len: 1.0
sdb_node: 709
sdb_edge: 1429
sdb_min_len: 0.00016900633705116408
sdb_avg_len: 0.15552607330458598
sdb_max_len: 0.23443727479482435
dlt: 0.23443750923233359
algo: None