instance: K400.10.con.red
obj: 1521.0
bound: 1479.0
gap: 0.027613412228796843
time: 3599.824077129364
preprocess_time: 0.192867
sepa_time: 0.0
node: 100898
formulation: LEFP