instance: K400.7.con.red
obj: 489.0
bound: 69.94401314323989
gap: 0.8569652082958578
time: 1800.287509918213
preprocess_time: 0.405986
node: 7
algo: SF