instance: K400.10.con.red
obj: 40.0
bound: 26.0
gap: 0.35
time: 7199.917100906372
preprocess_time: 0.197905
sepa_time: 0.0
node: 10221
formulation: EFP