instance: K400.2.red
obj: 1085.0
bound: 1041.0
gap: 0.04055299539170507
time: 3599.609870195389
preprocess_time: 0.394349
sepa_time: 0.0
node: 17623
formulation: LEVFP