instance: K400.3.con.red
obj: 1339.0
bound: 1304.0
gap: 0.026138909634055265
time: 7199.925234079361
preprocess_time: 0.081047
sepa_time: 6.91085281660724e-310
node: 281263
formulation: LEVFP