instance: K400.1.con.red
obj: 1265.0
bound: 27.23875430986907
gap: 0.9784673878972593
time: 1800.4322028160095
preprocess_time: 0.164144
node: 351
algo: EVFP0