instance: K400.red
obj: 540.0
bound: 69.19234670394069
gap: 0.8718660246221706
time: 1799.8961160182953
preprocess_time: 0.385476
node: 0
algo: EVFPV