instance: K400.10.con.red
obj: 264.0
bound: 15.235253900987605
gap: 0.9422907049201447
time: 1800.531522989273
preprocess_time: 0.200577
node: 20
algo: SF