instance: K400.5.con.red
obj: 40.0
bound: 28.0
gap: 0.3
time: 7198.156517982483
preprocess_time: 1.876168
sepa_time: 0.0
node: 3765
formulation: LEFPAD