instance: K400.4.red
obj: 635.0
bound: 103.23674974307929
gap: 0.8374224413493495
time: 1763.6537199020386
preprocess_time: 36.988539
node: 0
algo: EFPV