instance: K400.2.red
obj: 39.0
bound: 24.0
gap: 0.38461538461538464
time: 3599.6397490501404
preprocess_time: 0.404993
sepa_time: 0.0
node: 4905
formulation: LEFPV