instance: K400.8.con.red
obj: 47.0
bound: 27.0
gap: 0.425531914893617
time: 3600.1112229824066
preprocess_time: 0.171174
node: 1132
formulation: LEVFP