instance: K400.6.con.red
obj: 1718.0000000000007
bound: 1674.0
gap: 0.025611175785797826
time: 3599.632329940796
preprocess_time: 0.376605
sepa_time: 0.0
node: 106652
formulation: LEFPI