instance: K400.2.red
obj: 113.0
bound: 17.577743520449683
gap: 0.8444447476058926
time: 1801.5812861919403
preprocess_time: 0.158546
node: 113
algo: SF