instance: K400.10.con.red
obj: 40.0
bound: 25.0
gap: 0.375
time: 7198.716370105743
preprocess_time: 1.290709
sepa_time: 2.4434971289509725e14
node: 10259
formulation: LEFPAV