instance: K400.5.con.red
obj: 1329.0
bound: 1297.0
gap: 0.024078254326561323
time: 7199.8374218940735
preprocess_time: 0.179949
sepa_time: 6.94392484178355e-310
node: 335822
formulation: LEVFP