instance: K400.8.con.red
obj: 48.0
bound: 28.0
gap: 0.4166666666666667
time: 3598.5784301757812
preprocess_time: 1.428902
sepa_time: 0.0
node: 1390
formulation: LEFPI