instance: K400.10.con.red
obj: 40.0
bound: 25.0
gap: 0.375
time: 7198.702130079269
preprocess_time: 1.421222
sepa_time: 0.0
node: 10259
formulation: LEFPV2