instance: K400.1.con.red
obj: 329.0
bound: 79.2716685802447
gap: 0.7590526790871714
time: 1800.9621608257294
preprocess_time: 0.308743
node: 647
formulation: EVFP