instance: K400.10.con.red
obj: 428.0
bound: 115.41865416428527
gap: 0.7303302472795367
time: 3602.606278896332
preprocess_time: 0.344261
node: 510
formulation: LEVFP