instance: K400.8.con.red
obj: 1.0
bound: 0.0
gap: 0.9999999999
time: 132.27318215370178
preprocess_time: 0.283188
node: 0
algo: EVFP