instance: K400.7.con.red
obj: 44.0
bound: 30.0
gap: 0.3181818181818182
time: 3599.8984620571136
preprocess_time: 0.120173
node: 1232
formulation: LEFPD