instance: K400.4.red
obj: 1262.0
bound: 1232.0
gap: 0.02377179080824089
time: 7199.0568590164185
preprocess_time: 0.949864
sepa_time: 0.0
node: 227881
formulation: LEFPV2