instance: K400.6.con.red
obj: 912.0
bound: 110.4393981619447
gap: 0.8789041686819817
time: 1800.2654161453247
preprocess_time: 0.464529
node: 0
algo: EVFPL