instance: K400.10.con.red
obj: 41.0
bound: 25.0
gap: 0.3902439024390244
time: 3599.7866921424866
preprocess_time: 0.227183
sepa_time: 0.0
node: 1411
formulation: LEFPD