instance: K400.2.red
obj: 37.0
bound: 25.0
gap: 0.32432432432432434
time: 7200.239217996597
preprocess_time: 1.068059
sepa_time: 0.0
node: 10257
formulation: LEFP