instance: K400.3.con.red
obj: 1340.9999996467968
bound: 1304.0
gap: 0.02759134948288007
time: 7198.908387184143
preprocess_time: 1.095136
sepa_time: 0.0
node: 256435
formulation: LEFPAI