instance: K400.8.con.red
obj: 1665.0
bound: 1511.0
gap: 0.09249249249249249
time: 3594.6631569862366
preprocess_time: 5.357067
sepa_time: 0.0
node: 2882
formulation: EVFP