instance: K400.red
obj: 45.0
bound: 28.0
gap: 0.37777777777777777
time: 3599.8234050273895
preprocess_time: 0.219432
sepa_time: 0.0
node: 6891
formulation: LEFPI