instance: K400.1.con.red
obj: 951.0
bound: 28.44166646666626
gap: 0.9700928848929934
time: 1800.2364559173584
preprocess_time: 0.162289
node: 90
algo: ERF