instance: K400.9.con.red
obj: 1393.0
bound: 1362.0
gap: 0.022254127781765973
time: 7199.88857293129
preprocess_time: 0.123105
sepa_time: 0.0
node: 134662
formulation: LEVFP