instance: K400.9.con.red
obj: 422.0
bound: 126.80451247068268
gap: 0.6995153732920555
time: 1800.4144749641418
preprocess_time: 0.303321
node: 510
algo: EVFPL