instance: K400.3.con.red
obj: 43.0
bound: 31.0
gap: 0.27906976744186046
time: 7199.856117010117
preprocess_time: 0.161282
sepa_time: 0.0
node: 3124
formulation: LEVFP