instance: K400.red
obj: 44.0
bound: 28.0
gap: 0.36363636363636365
time: 3599.847329854965
preprocess_time: 0.159403
node: 7999
formulation: LEFP