instance: K400.2.red
obj: 38.0
bound: 25.0
gap: 0.34210526315789475
time: 3599.7763209342957
preprocess_time: 0.236786
sepa_time: -1.0
node: 830
formulation: LEVFP