instance: K400.10.con.red
obj: 38.0
bound: 25.0
gap: 0.34210526315789475
time: 7198.777011156082
preprocess_time: 1.231531
sepa_time: 0.0
node: 10354
formulation: LEFPAI