instance: K400.6.con.red
obj: 912.0
bound: 110.73478825099811
gap: 0.8785802760404758
time: 1800.3671941757202
preprocess_time: 0.445799
node: 0
formulation: LEVFP