instance: K400.8.con.red
obj: 153.0
bound: 19.808068909932167
gap: 0.8705354973201359
time: 1467.6904850006104
preprocess_time: 349.142543
node: 0
algo: EFPV