instance: K400.red
obj: 1524.0
bound: 1485.0
gap: 0.025590551181102362
time: 3598.6082739830017
preprocess_time: 1.40255
sepa_time: 0.0
node: 170451
formulation: LEFP