instance: K400.8.con.red
obj: 68.0
bound: 28.88861572369575
gap: 0.5751674158271578
time: 3603.723760843277
preprocess_time: 0.175338
node: 897
formulation: LEFP