instance: K400.2.red
obj: 1576.0
bound: 1536.0
gap: 0.025380710659898477
time: 3599.6428508758545
preprocess_time: 0.370104
sepa_time: 4.9e-322
node: 75148
formulation: LEVFP