instance: K400.red
obj: 44.0
bound: 30.0
gap: 0.3181818181818182
time: 3599.8981699943542
preprocess_time: 0.159105
node: 1406
formulation: LEFPD