instance: K400.1.con.red
obj: 57.0
bound: 46.0
gap: 0.19298245614035087
time: 3599.8522391319275
preprocess_time: 0.156645
sepa_time: 0.0
node: 7456
formulation: LEFPV