instance: K400.3.con.red
obj: 1142.0
bound: 18.717412024689672
gap: 0.9836099719572785
time: 1800.4396560192108
preprocess_time: 0.228669
node: 8
algo: EVFP