instance: K400.red
obj: 670.0
bound: 103.28559349828484
gap: 0.8458423977636277
time: 1757.4426560401917
preprocess_time: 43.30109
node: 0
algo: EFPV