instance: K400.7.con.red
obj: 402.0
bound: 111.30821599164221
gap: 0.7231138905678743
time: 1802.241422176361
preprocess_time: 0.188269
node: 510
algo: RF