instance: K400.7.con.red
obj: 612.0
bound: 112.45752245605972
gap: 0.8162458783396382
time: 3601.487734079361
preprocess_time: 0.501003
node: 3260
formulation: EFP