instance: K400.1.con.red
obj: 58.0
bound: 46.0
gap: 0.20689655172413793
time: 3598.9286019802094
preprocess_time: 1.409529
sepa_time: 0.0
node: 10202
formulation: LEFPI