instance: K400.6.con.red
obj: 1.0
bound: 0.0
gap: 0.9999999999
time: 118.03680396080017
preprocess_time: 0.213596
node: 210
algo: EVFPV