instance: K400.1.con.red
obj: 59.0
bound: 47.0
gap: 0.2033898305084746
time: 7198.835484981537
preprocess_time: 1.172432
sepa_time: 0.0
node: 11073
formulation: LEFPAI