instance: K400.5.con.red
obj: 646.0
bound: 77.3103013036004
gap: 0.8803246109850023
time: 1800.4089069366455
preprocess_time: 0.301691
node: 0
formulation: EFPI