instance: K400.1.con.red
obj: 244.0
bound: 27.073220707960886
gap: 0.8890441774260255
time: 1800.2816829681396
preprocess_time: 0.162988
node: 378
algo: EVFPV