instance: K400.red
obj: 677.0
bound: 102.99795640476162
gap: 0.8478612165364158
time: 1766.7810900211334
preprocess_time: 33.736997
node: 0
algo: EFPV