instance: K400.3.con.red
obj: 869.0
bound: 19.79728351788728
gap: 0.9772183158596259
time: 1800.6455430984497
preprocess_time: 0.127094
node: 60
formulation: EFPI