instance: K400.9.con.red
obj: 1393.0
bound: 1362.0
gap: 0.022254127781765973
time: 7199.8693170547485
preprocess_time: 0.145085
sepa_time: 4.6e-322
node: 143046
formulation: LEVFP