instance: K400.6.con.red
obj: 1722.0
bound: 1680.0
gap: 0.024390243902439025
time: 3598.5306339263916
preprocess_time: 1.482186
sepa_time: 0.0
node: 114912
formulation: LEFPV2