instance: K400.3.con.red
obj: 664.0
bound: 67.81912043799394
gap: 0.8978627704245727
time: 1800.18239402771
preprocess_time: 0.250063
node: 0
algo: ESF