instance: K400.3.con.red
obj: 1338.0
bound: 1302.0
gap: 0.026905829596412557
time: 3598.621728181839
preprocess_time: 1.389458
sepa_time: 0.0
node: 181147
formulation: LEFPV