instance: K400.1.con.red
obj: 1392.0
bound: 1343.0
gap: 0.035201149425287355
time: 3598.5972130298615
preprocess_time: 1.408575
sepa_time: 0.0
node: 253608
formulation: LEFPI