instance: K400.8.con.red
obj: 76.0
bound: 24.472391684225077
gap: 0.6779948462593043
time: 3602.87383890152
preprocess_time: 0.174421
node: 733
formulation: EFP