instance: K400.1.con.red
obj: 1015.0
bound: 953.0
gap: 0.061083743842364535
time: 3599.623029947281
preprocess_time: 0.39437
sepa_time: 0.0
node: 295207
formulation: LEFPV2