instance: K400.2.red
obj: 1031.0
bound: 18.858279705725984
gap: 0.9817087490729154
time: 1800.3785409927368
preprocess_time: 0.165757
node: 0
algo: EFPLg