instance: K400.10.con.red
obj: 252.0
bound: 15.252337652965185
gap: 0.9394748505830987
time: 1800.2239110469818
preprocess_time: 0.163287
node: 10
algo: EVFPV