instance: K400.1.con.red
obj: 1391.0
bound: 1343.0
gap: 0.03450754852624011
time: 7199.04811501503
preprocess_time: 0.964043
sepa_time: 0.0
node: 875691
formulation: LEFPV2