instance: K400.1.con.red
obj: 57.0
bound: 46.0
gap: 0.19298245614035087
time: 3599.854887008667
preprocess_time: 0.156255
sepa_time: 0.0
node: 6922
formulation: LEFPV2