instance: K400.1.con.red
obj: 213.0
bound: 167.2750460863904
gap: 0.2146711451342166
time: 3602.431748151779
preprocess_time: 0.127243
node: 16499
formulation: LEFPI