instance: K400.5.con.red
obj: 480.0
bound: 113.26093868067935
gap: 0.7640397110817588
time: 1769.484936952591
preprocess_time: 31.053771
node: 0
algo: EFPV