instance: K400.5.con.red
obj: 163.0
bound: 127.0
gap: 0.22085889570552147
time: 3599.6290340423584
preprocess_time: 0.401569
node: 4704
formulation: LEFP