instance: K400.red
obj: 46.0
bound: 29.0
gap: 0.3695652173913043
time: 7199.37260389328
preprocess_time: 1.595315
sepa_time: 0.0
node: 10255
formulation: LEFPAI