instance: K400.10.con.red
obj: 711.0
bound: 108.84078014451181
gap: 0.8469187339738445
time: 3602.8786931037903
preprocess_time: 0.41399
node: 810
formulation: EFP