instance: K400.8.con.red
obj: 69.0
bound: 21.847868406300663
gap: 0.6833642259946522
time: 3603.354229927063
preprocess_time: 0.170008
node: 510
formulation: LEVFP