instance: K400.7.con.red
obj: 42.0
bound: 30.0
gap: 0.2857142857142857
time: 7199.886541843414
preprocess_time: 0.154933
sepa_time: 8.25e-322
node: 1494
formulation: EVFP