instance: K400.red
obj: 43.0
bound: 28.0
gap: 0.3488372093023256
time: 7200.5561509132385
preprocess_time: 0.154734
sepa_time: 0.0
node: 10202
formulation: EFP