instance: K400.2.red
obj: 1580.0
bound: 1532.0
gap: 0.030379746835443037
time: 3599.634589910507
preprocess_time: 0.378156
sepa_time: 0.0
node: 104085
formulation: LEFPV2