instance: K400.1.con.red
obj: 58.0
bound: 46.0
gap: 0.20689655172413793
time: 7199.893994092941
preprocess_time: 0.112109
sepa_time: 0.0
node: 4666
formulation: LEVFP