instance: K400.2.red
obj: 254.0
bound: 17.552531865329584
gap: 0.9308955438369187
time: 1800.2351591587067
preprocess_time: 0.244118
node: 18
algo: EVFPV