instance: K400.5.con.red
obj: 41.0
bound: 27.0
gap: 0.34146341463414637
time: 3598.6105678081512
preprocess_time: 1.39755
sepa_time: 0.0
node: 5251
formulation: LEFP