instance: K400.9.con.red
obj: 45.0
bound: 32.0
gap: 0.28888888888888886
time: 7199.988741874695
preprocess_time: 0.120279
sepa_time: 0.0
node: 967
formulation: LEVFP