instance: K400.8.con.red
obj: 1501.0
bound: 70.02498363446381
gap: 0.9533477790575888
time: 1800.2358539104462
preprocess_time: 0.476141
node: 0
formulation: EFP