instance: K400.7.con.red
obj: 43.0
bound: 28.0
gap: 0.3488372093023256
time: 7199.087735891342
preprocess_time: 1.066188
sepa_time: 0.0
node: 10221
formulation: LEFPAI