instance: K400.5.con.red
obj: 1345.0
bound: 1224.0
gap: 0.08996282527881042
time: 3596.3530321121216
preprocess_time: 3.664261
sepa_time: 0.0
node: 3099
formulation: EVFP