instance: K400.2.red
obj: 40.0
bound: 25.0
gap: 0.375
time: 7198.089299917221
preprocess_time: 1.932555
sepa_time: 0.0
node: 1144
formulation: LEFPAD