instance: K400.6.con.red
obj: 313.0
bound: 19.809316000833306
gap: 0.9367114504762717
time: 1800.4577322006226
preprocess_time: 0.157569
node: 0
algo: F