instance: K400.9.con.red
obj: 1395.0
bound: 1361.0
gap: 0.024372759856630826
time: 7198.564706087112
preprocess_time: 1.446815
sepa_time: 0.0
node: 367802
formulation: LEFPAI