instance: K400.1.con.red
obj: 1406.0
bound: 1124.0
gap: 0.20056899004267426
time: 7196.941328048706
preprocess_time: 3.068907
sepa_time: 0.0
node: 10688
formulation: EVFP