instance: K400.1.con.red
obj: 1391.0
bound: 1345.0
gap: 0.03306973400431344
time: 7198.671273946762
preprocess_time: 1.340501
sepa_time: 0.0
node: 885827
formulation: LEFP