instance: K400.4.red
obj: 0.0
bound: 0.0
gap: 0.0
time: 30.354718923568726
preprocess_time: 0.092154
node: 0
algo: EVFP0