instance: K400.9.con.red
obj: 708.0
bound: 119.96400044219757
gap: 0.8305593214092081
time: 1752.7208750247955
preprocess_time: 47.96678
node: 0
algo: EFPV