instance: K400.3.con.red
obj: 104.0
bound: 19.07365583958543
gap: 0.8165994630801241
time: 1800.3451690673828
preprocess_time: 0.142513
node: 149
algo: SF