instance: K400.10.con.red
obj: 40.0
bound: 24.0
gap: 0.4
time: 3599.908465862274
preprocess_time: 0.132896
node: 6891
formulation: LEFP