instance: K400.3.con.red
obj: 604.0
bound: 99.89643645646262
gap: 0.8346085489130031
time: 3601.790426015854
preprocess_time: 0.486635
node: 2922
formulation: EFP