instance: K400.1.con.red
obj: 205.0
bound: 130.59994142885728
gap: 0.362927114981007
time: 1801.5708029270172
preprocess_time: 0.208135
node: 721
formulation: LEVFP