instance: K400.6.con.red
obj: 49.0
bound: 32.0
gap: 0.3469387755102041
time: 7198.102702856064
preprocess_time: 1.909078
sepa_time: 0.0
node: 3086
formulation: LEFPAD