instance: K400.4.red
obj: 1.0
bound: 0.0
gap: 0.9999999999
time: 1640.443412065506
preprocess_time: 0.172871
node: 1042
algo: EVFPV