instance: K400.6.con.red
obj: 1115.0
bound: 16.6178334724782
gap: 0.9850961134775097
time: 1529.7887411117554
preprocess_time: 272.396221
node: 0
algo: EFPV