instance: K400.2.red
org_node: 228
org_edge: 948
org_min_len: 0.004557176670081605
org_avg_len: 0.23443750923233359
org_max_len: 1.0
dtf_node: 424
dtf_edge: 1144
dtf_min_len: 0.00014302966002611994
dtf_avg_len: 0.19427164226595428
dtf_max_len: 1.0
sdb_node: 2628
sdb_edge: 3348
sdb_min_len: 0.004557176670081605
sdb_avg_len: 0.06638194705861768
sdb_max_len: 0.07733069558766383
dlt: 0.07736437804667008
formulation: None