instance: K400.4.red
obj: 36.0
bound: 25.0
gap: 0.3055555555555556
time: 7199.943097114563
preprocess_time: 0.104253
sepa_time: 0.0
node: 10202
formulation: EFP