instance: K400.5.con.red
obj: 1328.999999992097
bound: 1295.0
gap: 0.02558314521617692
time: 7198.187537908554
preprocess_time: 1.821901
sepa_time: 0.0
node: 626427
formulation: LEFPA