instance: K400.red
obj: 979.0
bound: 19.56493512750734
gap: 0.980015388020832
time: 1800.3549778461456
preprocess_time: 0.175333
node: 69
algo: EFP