instance: K400.red
obj: 1042.0
bound: 942.0
gap: 0.09596928982725528
time: 3597.4175038337708
preprocess_time: 2.6026
sepa_time: 0.0
node: 2909
formulation: EVFP