instance: K400.9.con.red
obj: 963.0
bound: 27.164769184496375
gap: 0.9717915169422705
time: 1604.370327949524
preprocess_time: 196.668815
node: 0
algo: EFPV