instance: K400.2.red
obj: 327.0
bound: 19.15595479190656
gap: 0.9414190984954108
time: 1800.4253890514374
preprocess_time: 0.184674
node: 0
algo: RF