instance: K400.4.red
obj: 1262.9999993581168
bound: 1232.0
gap: 0.0245447342627646
time: 7198.580544948578
preprocess_time: 1.421469
sepa_time: 0.0
node: 139177
formulation: LEFPAI