instance: K400.2.red
obj: 40.0
bound: 25.0
gap: 0.375
time: 3599.6189770698547
preprocess_time: 0.397919
node: 3285
formulation: LEFPI