instance: K400.10.con.red
obj: 79.0
bound: 22.58374767289636
gap: 0.7141297762915471
time: 3602.7084238529205
preprocess_time: 0.121084
node: 1470
formulation: LEFP