instance: K400.2.red
obj: 1623.0
bound: 1573.0
gap: 0.030807147258163893
time: 7199.043256998062
preprocess_time: 0.96543
sepa_time: 0.0
node: 82734
formulation: LEFPD