instance: K400.8.con.red
obj: 1691.0
bound: 1638.0
gap: 0.03134240094618569
time: 7198.600689172745
preprocess_time: 1.413537
sepa_time: 0.0
node: 71792
formulation: LEFPD