instance: K400.1.con.red
obj: 1394.0
bound: 1328.0
gap: 0.047345767575322814
time: 3599.651897907257
preprocess_time: 0.362821
sepa_time: 0.0
node: 553329
formulation: LEFPV