instance: K400.3.con.red
obj: 45.0
bound: 31.0
gap: 0.3111111111111111
time: 3600.068436861038
preprocess_time: 0.142989
node: 1204
formulation: LEVFP