instance: K400.10.con.red
obj: 40.0
bound: 24.0
gap: 0.4
time: 3600.369896888733
preprocess_time: 0.395771
sepa_time: 0.0
node: 1195
formulation: EFP