instance: K400.2.red
obj: 732.0
bound: 74.91159021884583
gap: 0.8976617619959896
time: 1800.5567708015442
preprocess_time: 0.308896
node: 0
algo: F