instance: K400.2.red
obj: 38.0
bound: 24.0
gap: 0.3684210526315789
time: 7198.829762935638
preprocess_time: 1.192465
sepa_time: 0.0
node: 10402
formulation: LEFPAI