instance: K400.3.con.red
obj: 679.0
bound: 679.0
gap: 0.0
time: 0.6131980419158936
preprocess_time: 1.486204
sepa_time: 0.0
node: 1
formulation: LEFPAD