instance: K400.8.con.red
obj: 47.0
bound: 27.0
gap: 0.425531914893617
time: 3599.883090019226
preprocess_time: 0.128184
sepa_time: 6.92720583508523e-310
node: 1133
formulation: LEVFP