instance: K400.4.red
obj: 34.0
bound: 23.0
gap: 0.3235294117647059
time: 7198.873667955399
preprocess_time: 1.208635
sepa_time: 0.0
node: 9285
formulation: LEFPA