instance: K400.10.con.red
obj: 1521.0
bound: 1484.0
gap: 0.024326101249178174
time: 3599.8752388954163
preprocess_time: 0.138319
sepa_time: 0.0
node: 40870
formulation: LEVFP