instance: K400.4.red
obj: 37.0
bound: 25.0
gap: 0.32432432432432434
time: 7198.5661008358
preprocess_time: 1.503177
sepa_time: 0.0
node: 7520
formulation: LEFPAD