instance: K400.5.con.red
obj: 163.0
bound: 124.0
gap: 0.2392638036809816
time: 3599.5559899806976
preprocess_time: 0.477655
node: 10010
formulation: EFP