instance: K400.7.con.red
obj: 1418.0
bound: 1382.0
gap: 0.02538787023977433
time: 3599.653508901596
preprocess_time: 0.367235
sepa_time: 0.0
node: 122424
formulation: LEFPV