instance: K400.4.red
obj: 542.0
bound: 75.71594258831848
gap: 0.860302688951283
time: 1800.2457370758057
preprocess_time: 0.193377
node: 0
algo: EFP