instance: K400.3.con.red
obj: 44.0
bound: 31.0
gap: 0.29545454545454547
time: 7198.976053953171
preprocess_time: 1.031715
sepa_time: 0.0
node: 10403
formulation: LEFPV2