instance: K400.8.con.red
obj: 45.0
bound: 26.0
gap: 0.4222222222222222
time: 3598.893486022949
preprocess_time: 1.129953
sepa_time: 0.0
node: 3073
formulation: LEFP