instance: K400.5.con.red
obj: 42.0
bound: 29.0
gap: 0.30952380952380953
time: 7199.904952049255
preprocess_time: 0.101873
sepa_time: 6.57e-322
node: 2085
formulation: EVFP