instance: K400.2.red
obj: 555.0
bound: 189.558643331591
gap: 0.6584528948979155
time: 3603.435287952423
preprocess_time: 0.164256
node: 13544
formulation: LEFPI