instance: K400.red
obj: 102.0
bound: 26.426007240030522
gap: 0.7409214976460332
time: 1733.9211831092834
preprocess_time: 66.729951
node: 0
algo: EFPV