instance: K400.7.con.red
obj: 722.0
bound: 722.0
gap: 0.0
time: 0.21115803718566895
preprocess_time: 1.924116
sepa_time: 0.0
node: 1
formulation: LEFPAV