instance: K400.4.red
obj: 36.0
bound: 26.0
gap: 0.2777777777777778
time: 7198.8240349292755
preprocess_time: 1.181663
sepa_time: 4.3904597530543544e14
node: 10188
formulation: LEFPAV