instance: K400.7.con.red
obj: 141.0
bound: 22.49805278082134
gap: 0.8404393419793945
time: 1800.5933849811554
preprocess_time: 0.143211
node: 510
algo: RF