instance: K400.9.con.red
obj: 44.0
bound: 33.0
gap: 0.25
time: 7200.285415172577
preprocess_time: 0.123112
sepa_time: 0.0
node: 10226
formulation: EFP