instance: K400.6.con.red
obj: 2372.0
bound: 67.5411864333078
gap: 0.9715256380972155
time: 1800.3584640026093
preprocess_time: 0.546899
node: 0
algo: EVFP