instance: K400.1.con.red
obj: 58.0
bound: 45.0
gap: 0.22413793103448276
time: 7198.921215057373
preprocess_time: 1.090049
sepa_time: 0.0
node: 10208
formulation: LEFPAD