instance: K400.5.con.red
obj: 253.0
bound: 109.97506529429751
gap: 0.5653159474531461
time: 3603.5328130722046
preprocess_time: 0.401327
node: 781
formulation: LEVFP