instance: K400.10.con.red
obj: 768.0
bound: 113.7929469256229
gap: 0.8518321003571508
time: 1752.6989929676056
preprocess_time: 47.976157
node: 0
algo: EFPV