instance: K400.4.red
org_node: 197
org_edge: 784
org_min_len: 0.0017925292008789176
org_avg_len: 0.21909347467447715
org_max_len: 1.0
dtf_node: 256
dtf_edge: 843
dtf_min_len: 5.796669158586454e-5
dtf_avg_len: 0.20375953042086564
dtf_max_len: 1.0
sdb_node: 270
sdb_edge: 857
sdb_min_len: 0.0017925292008789176
sdb_avg_len: 0.20043090331947472
sdb_max_len: 0.43379206661269804
dlt: 0.4381869493489543
formulation: None