instance: K400.1.con.red
obj: 362.99999833347965
bound: 90.29231038108405
gap: 0.7512608518025123
time: 3602.223995923996
preprocess_time: 0.3665
node: 12551
formulation: EFP