instance: K400.6.con.red
obj: 1436.0
bound: 19.67510356828497
gap: 0.986298674395276
time: 1801.2343919277191
preprocess_time: 0.244752
node: 0
algo: EVFP0