instance: K400.7.con.red
obj: 1421.0
bound: 1380.0
gap: 0.028852920478536243
time: 3599.9121530056
preprocess_time: 0.095305
sepa_time: 0.0
node: 126136
formulation: LEFP