instance: K400.5.con.red
obj: 1328.0
bound: 1294.0
gap: 0.025602409638554216
time: 3598.9654858112335
preprocess_time: 1.040104
sepa_time: 0.0
node: 357277
formulation: LEFP