instance: K400.3.con.red
obj: 529.0
bound: 94.21897534138662
gap: 0.8218922961408907
time: 1743.928682088852
preprocess_time: 56.887826
node: 0
algo: EFPV