instance: K400.7.con.red
obj: 1418.0000000000002
bound: 1386.0
gap: 0.02256699576868845
time: 7198.462529182434
preprocess_time: 1.541633
sepa_time: 0.0
node: 193530
formulation: LEFPAI