instance: K400.4.red
obj: 37.0
bound: 26.0
gap: 0.2972972972972973
time: 7198.182755947113
preprocess_time: 1.875378
sepa_time: 4.4374676319926625e14
node: 9705
formulation: LEFPAV