instance: K400.6.con.red
obj: 1716.0
bound: 1679.0
gap: 0.02156177156177156
time: 3599.8608379364014
preprocess_time: 0.151702
sepa_time: 6.9385882873184e-310
node: 107207
formulation: LEVFP