instance: K400.red
obj: 0.0
bound: 0.0
gap: 0.0
time: 39.763720989227295
preprocess_time: 0.283236
node: 0
algo: EVFP