instance: K400.3.con.red
obj: 44.0
bound: 30.0
gap: 0.3181818181818182
time: 3598.6517860889435
preprocess_time: 1.383811
sepa_time: 0.0
node: 8166
formulation: LEFPV2