instance: K400.6.con.red
obj: 46.0
bound: 30.0
gap: 0.34782608695652173
time: 7198.579926967621
preprocess_time: 1.434941
sepa_time: 0.0
node: 8853
formulation: LEFP