instance: K400.2.red
obj: 1031.0
bound: 22.84621201215616
gap: 0.9778407254973288
time: 1645.927657842636
preprocess_time: 155.322697
node: 0
formulation: EFPV