instance: K400.7.con.red
obj: 944.0
bound: 20.994025673796713
gap: 0.9777605660234168
time: 1690.4909400939941
preprocess_time: 121.119391
node: 0
algo: EFPV