instance: K400.1.con.red
obj: 179.0
bound: 144.0
gap: 0.19553072625698323
time: 3599.6244518756866
preprocess_time: 0.398979
node: 8626
formulation: LEFPI