instance: K400.7.con.red
obj: 171.0
bound: 129.0
gap: 0.24561403508771928
time: 3599.6424148082733
preprocess_time: 0.363686
node: 4994
formulation: LEFPV