instance: K400.4.red
obj: 75.0
bound: 16.260238618519015
gap: 0.7831968184187023
time: 1800.3196980953217
preprocess_time: 0.165739
node: 0
algo: ESF