instance: K400.2.red
obj: 39.0
bound: 25.0
gap: 0.358974358974359
time: 7198.424692869186
preprocess_time: 1.58401
sepa_time: 2.7643821167580875e14
node: 10237
formulation: LEFPAV