instance: K400.red
obj: 1523.0
bound: 1477.0
gap: 0.030203545633617858
time: 7198.623561859131
preprocess_time: 1.384414
sepa_time: 0.0
node: 90084
formulation: LEFPAD