instance: K400.1.con.red
obj: 1411.0
bound: 1121.0
gap: 0.20552799433026223
time: 3596.2735431194305
preprocess_time: 3.944238
sepa_time: 0.0
node: 2910
formulation: EVFP