instance: K400.7.con.red
obj: 42.0
bound: 29.0
gap: 0.30952380952380953
time: 3599.7951061725616
preprocess_time: 0.212581
sepa_time: 0.0
node: 914
formulation: LEVFP