instance: K400.5.con.red
obj: 602.0
bound: 172.95896250443045
gap: 0.7126927533147811
time: 3603.0688741207123
preprocess_time: 0.181866
node: 10210
formulation: LEFPI