instance: K400.4.red
obj: 635.0
bound: 75.45219810807133
gap: 0.881177640774552
time: 1765.3330068588257
preprocess_time: 40.509809
node: 0
algo: EFPV