instance: K400.7.con.red
obj: 1022.0
bound: 959.0
gap: 0.06164383561643835
time: 3599.627643108368
preprocess_time: 0.389244
sepa_time: 0.0
node: 110078
formulation: LEFPV