instance: K400.7.con.red
obj: 944.0
bound: 25.635629711042597
gap: 0.9728436125941314
time: 1664.7028028964996
preprocess_time: 136.12633
node: 0
formulation: EFPV