instance: K400.2.red
obj: 38.0
bound: 25.0
gap: 0.34210526315789475
time: 7199.840898036957
preprocess_time: 0.172422
sepa_time: 0.0
node: 958
formulation: LEVFP