instance: K400.4.red
obj: 33.0
bound: 24.0
gap: 0.2727272727272727
time: 7198.750281095505
preprocess_time: 1.26146
sepa_time: 0.0
node: 7268
formulation: LEFPAD