instance: K400.2.red
obj: 1429.0
bound: 77.16378452894818
gap: 0.9460015503645607
time: 1755.5789070129395
preprocess_time: 49.957853
node: 0
algo: EFPV