instance: K400.2.red
obj: 1576.0
bound: 1536.0
gap: 0.025380710659898477
time: 7199.863242149353
preprocess_time: 0.144836
sepa_time: 0.0
node: 198430
formulation: LEVFP