instance: K400.8.con.red
obj: 1657.0
bound: 1494.0
gap: 0.09837054918527459
time: 7194.824485063553
preprocess_time: 5.248514
sepa_time: 0.0
node: 30801
formulation: EFP