instance: K400.8.con.red
obj: 138.0
bound: 19.846280439341093
gap: 0.8561863736273428
time: 1800.2831871509552
preprocess_time: 0.268454
node: 0
algo: EFP