instance: K400.8.con.red
obj: 872.0
bound: 90.48857941990975
gap: 0.8962286933256887
time: 1800.4368209838867
preprocess_time: 0.384115
node: 0
formulation: LEVFP