instance: K400.9.con.red
obj: 44.0
bound: 32.0
gap: 0.2727272727272727
time: 7198.1142909526825
preprocess_time: 1.904599
sepa_time: 0.0
node: 10285
formulation: LEFPA