instance: K400.2.red
obj: 1031.0
bound: 18.899507969725732
gap: 0.9816687604560389
time: 1801.199229001999
preprocess_time: 0.232873
node: 0
formulation: EFP