instance: K400.4.red
obj: 54.0
bound: 26.45690451735557
gap: 0.5100573237517301
time: 3603.449273109436
preprocess_time: 0.150537
node: 1347
formulation: LEFPI