instance: K400.8.con.red
obj: 280.0
bound: 20.8538896932822
gap: 0.9255218225236616
time: 1800.6004440784454
preprocess_time: 0.225423
node: 1
formulation: LEVFP