instance: K400.9.con.red
obj: 1394.0
bound: 1362.0
gap: 0.02295552367288379
time: 7198.960383176804
preprocess_time: 1.050765
sepa_time: 5.252169771896263e14
node: 243560
formulation: LEFPAV