instance: K400.6.con.red
obj: 1730.0
bound: 1565.0
gap: 0.0953757225433526
time: 7194.452248096466
preprocess_time: 5.594276
sepa_time: 0.0
node: 18775
formulation: EFP