instance: K400.2.red
obj: 246.0
bound: 117.01959673207497
gap: 0.524310582389726
time: 1801.309956073761
preprocess_time: 0.226133
node: 810
algo: RF