instance: K400.3.con.red
obj: 634.0
bound: 64.64446258194795
gap: 0.8980371252649247
time: 1801.4166989326477
preprocess_time: 0.280017
node: 0
algo: F