instance: K400.4.red
obj: 61.0
bound: 19.31338398316208
gap: 0.6833871478158947
time: 1800.373314857483
preprocess_time: 0.162859
node: 200
algo: RF