instance: K400.7.con.red
obj: 1052.0
bound: 1006.0
gap: 0.043726235741444866
time: 3599.622745037079
preprocess_time: 0.389824
sepa_time: 0.0
node: 18373
formulation: LEFPD