instance: K400.5.con.red
obj: 20.0
bound: 0.0
gap: 0.9999999999950001
time: 1802.0463511943817
preprocess_time: 0.243958
node: 10197
algo: EVFPV