instance: K400.9.con.red
obj: 304.0
bound: 21.640366132109463
gap: 0.9288145850914397
time: 3604.0441081523895
preprocess_time: 0.173747
node: 692
formulation: EFP