instance: K400.9.con.red
obj: 44.0
bound: 33.0
gap: 0.25
time: 7200.36509513855
preprocess_time: 0.162266
sepa_time: 0.0
node: 10202
formulation: EFP