instance: K400.10.con.red
obj: 40.0
bound: 25.0
gap: 0.375
time: 7199.567752838135
preprocess_time: 1.418222
sepa_time: 0.0
node: 10224
formulation: LEFPI