instance: K400.1.con.red
obj: 1391.0
bound: 1343.0
gap: 0.03450754852624011
time: 7198.948822021484
preprocess_time: 1.057931
sepa_time: 0.0
node: 887972
formulation: LEFPV2