instance: K400.10.con.red
obj: 42.0
bound: 40.99999999999997
gap: 0.023809523809467797
time: 116.39546704292297
preprocess_time: 0.158157
node: 614
algo: SFD