instance: K400.8.con.red
obj: 45.0
bound: 27.0
gap: 0.4
time: 7199.840583086014
preprocess_time: 0.167836
sepa_time: 0.0
node: 6798
formulation: EFP