instance: K400.1.con.red
obj: 212.0
bound: 169.39153586237634
gap: 0.20098332140379038
time: 3602.67552113533
preprocess_time: 0.12244
node: 13434
formulation: LEFP