instance: K400.8.con.red
obj: 1637.0
bound: 1598.0
gap: 0.023824068417837508
time: 7199.8773629665375
preprocess_time: 0.133863
sepa_time: 0.0
node: 112323
formulation: LEVFP