instance: K400.5.con.red
obj: 874.0
bound: 18.092030667501593
gap: 0.9792997360782614
time: 1702.426950931549
preprocess_time: 116.591283
node: 7
algo: EFPV