instance: K400.8.con.red
obj: 1046.0
bound: 23.125703126681188
gap: 0.9778912972019321
time: 1802.4450199604034
preprocess_time: 0.18441
node: 0
algo: ESFV