instance: K400.red
obj: 62.99999997557693
bound: 24.30212062079484
gap: 0.6142520534876601
time: 3602.3028280735016
preprocess_time: 0.156903
node: 567
formulation: LEVFP