instance: K400.8.con.red
obj: 0.0
bound: 0.0
gap: 0.0
time: 227.08862280845642
preprocess_time: 0.381738
node: 0
algo: EVFP0