instance: K400.2.red
obj: 70.99999998106775
bound: 20.663834159357503
gap: 0.7089600821839656
time: 3602.82900595665
preprocess_time: 0.122264
node: 622
formulation: LEVFP