instance: K400.9.con.red
obj: 1412.0
bound: 1243.0
gap: 0.11968838526912182
time: 3596.101068019867
preprocess_time: 4.051993
sepa_time: 0.0
node: 10247
formulation: EFP