instance: K400.10.con.red
obj: 40.0
bound: 26.0
gap: 0.35
time: 7199.023978948593
preprocess_time: 1.434176
sepa_time: 0.0
node: 10285
formulation: LEFPAI