instance: K400.7.con.red
obj: 1439.0
bound: 1288.0
gap: 0.10493398193189715
time: 7196.918303012848
preprocess_time: 3.159207
sepa_time: 0.0
node: 40316
formulation: EFP