instance: K400.red
obj: 45.0
bound: 29.0
gap: 0.35555555555555557
time: 3599.849313020706
preprocess_time: 0.159601
sepa_time: 0.0
node: 917
formulation: LEVFP