instance: K400.10.con.red
obj: 2044.0
bound: 70.82405343245753
gap: 0.9653502674009031
time: 1800.2260310649872
preprocess_time: 0.347831
node: 0
algo: EVFP