instance: K400.6.con.red
obj: 1716.0
bound: 1679.0
gap: 0.02156177156177156
time: 7199.8714418411255
preprocess_time: 0.140835
sepa_time: 8.4e-323
node: 246260
formulation: LEVFP