instance: K400.4.red
obj: 291.0
bound: 19.30174558409235
gap: 0.9336709773739322
time: 1800.3966670036316
preprocess_time: 0.180379
node: 29
algo: EVFPL