instance: K400.1.con.red
obj: 735.0
bound: 117.03684729313674
gap: 0.8407661941588832
time: 1800.3167688846588
preprocess_time: 0.23019
node: 226
algo: ESFV