instance: K400.2.red
obj: 554.0
bound: 69.74033095296102
gap: 0.8741149260775298
time: 1799.8258819580078
preprocess_time: 0.616629
node: 261
algo: ERF