instance: K400.7.con.red
obj: 1469.0
bound: 1422.0
gap: 0.031994554118447927
time: 7198.606370925903
preprocess_time: 1.407278
sepa_time: 0.0
node: 113209
formulation: LEFPD