instance: K400.4.red
obj: 291.0
bound: 19.30174558409235
gap: 0.9336709773739322
time: 1800.6142048835754
preprocess_time: 0.131065
node: 60
formulation: LEVFP