instance: K400.5.con.red
obj: 299.0
bound: 21.222138932670347
gap: 0.9290229467131664
time: 1800.3511447906494
preprocess_time: 0.149424
node: 523
algo: RF