instance: K400.4.red
obj: 928.9999999967849
bound: 888.0
gap: 0.04413347685352726
time: 3599.6537749767303
preprocess_time: 0.357988
sepa_time: 0.0
node: 93510
formulation: LEFPV