instance: K400.5.con.red
obj: 1377.0
bound: 1331.0
gap: 0.03340595497458242
time: 7199.05118894577
preprocess_time: 0.956097
sepa_time: 0.0
node: 155007
formulation: LEFPD