instance: K400.10.con.red
obj: 1542.0
bound: 1366.0
gap: 0.11413748378728923
time: 7196.248628139496
preprocess_time: 3.786928
sepa_time: 0.0
node: 33192
formulation: EFP