instance: K400.1.con.red
obj: 1394.0
bound: 1332.0
gap: 0.04447632711621234
time: 3599.6379659175873
preprocess_time: 0.364949
sepa_time: 0.0
node: 488024
formulation: LEFPI