instance: K400.10.con.red
obj: 40.0
bound: 26.0
gap: 0.35
time: 7200.934471130371
preprocess_time: 0.17592
sepa_time: 0.0
node: 10230
formulation: EFP