instance: K400.6.con.red
obj: 1583.0
bound: 72.50406343219979
gap: 0.9541983174780195
time: 1799.994626045227
preprocess_time: 0.6628
node: 0
algo: EFP0