instance: K400.red
obj: 43.0
bound: 27.0
gap: 0.37209302325581395
time: 3599.6233370304108
preprocess_time: 0.387443
node: 5911
formulation: EFP