instance: K400.1.con.red
obj: 349.0
bound: 29.32887642298875
gap: 0.9159631048049274
time: 1800.359652042389
preprocess_time: 0.230538
node: 312
algo: EFP