instance: K400.9.con.red
obj: 44.0
bound: 32.0
gap: 0.2727272727272727
time: 3598.5905771255493
preprocess_time: 1.425388
sepa_time: 0.0
node: 6094
formulation: LEFPI