instance: K400.10.con.red
obj: 1521.0
bound: 1475.0
gap: 0.030243261012491782
time: 7198.899329900742
preprocess_time: 1.114585
sepa_time: 0.0
node: 92470
formulation: LEFPAD