instance: K400.2.red
obj: 182.0
bound: 138.0
gap: 0.24175824175824176
time: 3599.559142112732
preprocess_time: 0.452428
node: 1692
formulation: LEFP