instance: K400.3.con.red
obj: 1382.0
bound: 1326.0
gap: 0.04052098408104197
time: 3599.6631078720093
preprocess_time: 0.351198
sepa_time: 0.0
node: 45016
formulation: LEFPD