instance: K400.8.con.red
obj: 860.0
bound: 860.0
gap: 0.0
time: 0.4522390365600586
preprocess_time: 1.609272
sepa_time: 0.0
node: 1
formulation: LEFPAD