instance: K400.6.con.red
obj: 1.0
bound: 0.0
gap: 0.9999999999
time: 26.55135202407837
preprocess_time: 0.152804
node: 0
algo: EVFP0