instance: K400.7.con.red
obj: 63.0
bound: 22.48086167651399
gap: 0.6431609257685983
time: 1800.4615399837494
preprocess_time: 0.29508
node: 40
algo: EVFPL