instance: K400.4.red
obj: 37.0
bound: 24.0
gap: 0.35135135135135137
time: 3599.8674609661102
preprocess_time: 0.150327
node: 6424
formulation: EFP