instance: K400.10.con.red
obj: 158.0
bound: 16.072702074519434
gap: 0.898274037502473
time: 1800.38205909729
preprocess_time: 0.193208
node: 77
formulation: EFP