instance: K400.7.con.red
obj: 1422.0
bound: 1379.0
gap: 0.030239099859353025
time: 3599.9258449077606
preprocess_time: 0.095232
sepa_time: 0.0
node: 121763
formulation: LEFPI