instance: K400.9.con.red
obj: 332.0
bound: 28.370539515088403
gap: 0.9145465677253619
time: 1800.2406017780304
preprocess_time: 0.225633
node: 0
algo: RF