instance: K400.1.con.red
obj: 754.0
bound: 105.46667246156821
gap: 0.8601237765760553
time: 1800.170548915863
preprocess_time: 0.201515
node: 412
algo: EFPLg