instance: K400.9.con.red
obj: 963.0
bound: 27.79915202920346
gap: 0.9711327600941841
time: 1801.718507051468
preprocess_time: 0.123957
node: 0
algo: ESFV