instance: K400.3.con.red
obj: 1339.0
bound: 1303.0
gap: 0.0268857356235997
time: 7198.959784984589
preprocess_time: 1.045966
sepa_time: 0.0
node: 456361
formulation: LEFP