instance: K400.10.con.red
obj: 1.0
bound: 0.0
gap: 0.9999999999
time: 58.94787907600403
preprocess_time: 0.231885
node: 0
algo: EVFP