instance: K400.4.red
obj: 936.0
bound: 834.0
gap: 0.10897435897435898
time: 3597.9133150577545
preprocess_time: 2.097588
sepa_time: 0.0
node: 10537
formulation: EFP