instance: K400.5.con.red
obj: 42.0
bound: 29.0
gap: 0.30952380952380953
time: 7199.8689839839935
preprocess_time: 0.139898
sepa_time: 6.9188249549298e-310
node: 1952
formulation: EVFP