instance: K400.2.red
obj: 37.0
bound: 25.0
gap: 0.32432432432432434
time: 7198.4404311180115
preprocess_time: 1.58833
sepa_time: 0.0
node: 6980
formulation: LEFPAD