instance: K400.10.con.red
obj: 1549.0
bound: 1356.0
gap: 0.12459651387992253
time: 3595.358752965927
preprocess_time: 4.942536
sepa_time: 0.0
node: 10312
formulation: EFP