instance: K400.10.con.red
obj: 40.0
bound: 25.0
gap: 0.375
time: 3599.9145290851593
preprocess_time: 0.123234
node: 9038
formulation: EFP