instance: K400.4.red
obj: 37.0
bound: 24.0
gap: 0.35135135135135137
time: 7198.682407855988
preprocess_time: 1.404606
sepa_time: 0.0
node: 10202
formulation: LEFP