instance: K400.6.con.red
obj: 891.0
bound: 891.0
gap: 0.0
time: 0.5633790493011475
preprocess_time: 1.95582
sepa_time: 0.0
node: 1
formulation: LEFPAD