instance: K400.7.con.red
obj: 42.0
bound: 29.0
gap: 0.30952380952380953
time: 7199.891821861267
preprocess_time: 0.114635
sepa_time: 2.121995791e-314
node: 2563
formulation: LEVFP