instance: K400.3.con.red
obj: 43.0
bound: 30.0
gap: 0.3023255813953488
time: 3598.630609035492
preprocess_time: 1.403284
sepa_time: 0.0
node: 6029
formulation: LEFPI