instance: K400.5.con.red
obj: 41.0
bound: 28.0
gap: 0.3170731707317073
time: 3599.9581010341644
preprocess_time: 0.14985
node: 1032
formulation: LEVFP