instance: K400.10.con.red
obj: 1002.0
bound: 22.83546920548026
gap: 0.9772101105732753
time: 1641.0606379508972
preprocess_time: 160.04619
node: 0
algo: EFPV