instance: K400.9.con.red
obj: 44.0
bound: 33.0
gap: 0.25
time: 7198.7095329761505
preprocess_time: 1.404911
sepa_time: 0.0
node: 10215
formulation: LEFPAI