instance: K400.6.con.red
obj: 47.0
bound: 32.0
gap: 0.3191489361702128
time: 3599.62713599205
preprocess_time: 0.416049
sepa_time: 0.0
node: 3322
formulation: LEFPV