instance: K400.4.red
obj: 40.0
bound: 25.0
gap: 0.375
time: 7198.586812019348
preprocess_time: 1.44989
sepa_time: 0.0
node: 10254
formulation: LEFPAI