instance: K400.8.con.red
obj: 1046.0
bound: 19.913200853565932
gap: 0.9809625230844511
time: 1800.1616671085358
preprocess_time: 0.168573
node: 0
algo: EFPLg