instance: K400.6.con.red
obj: 1716.0
bound: 1680.0
gap: 0.02097902097902098
time: 7198.5978310108185
preprocess_time: 1.408139
sepa_time: 0.0
node: 254485
formulation: LEFPAI