instance: K400.red
obj: 788.0
bound: 788.0
gap: 0.0
time: 0.10698103904724121
preprocess_time: 1.927204
sepa_time: 0.0
node: 1
formulation: LEFPAI