instance: K400.4.red
obj: 1275.0
bound: 1183.0
gap: 0.07215686274509804
time: 7197.431153059006
preprocess_time: 2.578387
sepa_time: 9.437e-321
node: 3417
formulation: EVFP