instance: K400.6.con.red
obj: 0.0
bound: 0.0
gap: 0.0
time: 451.6159498691559
preprocess_time: 0.393322
node: 0
algo: EVFP