instance: K400.3.con.red
obj: 60.0
bound: 37.65424255157947
gap: 0.3724292908063881
time: 3603.1262590885162
preprocess_time: 0.145045
node: 2942
formulation: LEFPI