instance: K400.9.con.red
obj: 1394.0
bound: 1354.0
gap: 0.028694404591104734
time: 7198.498092889786
preprocess_time: 1.516214
sepa_time: 0.0
node: 93228
formulation: LEFPAD