instance: K400.4.red
obj: 466.0
bound: 29.493271325190054
gap: 0.9367097181860865
time: 3605.4651849269867
preprocess_time: 0.222433
node: 5220
formulation: LEFPDB