instance: K400.7.con.red
obj: 722.0
bound: 722.0
gap: 0.0
time: 0.46117711067199707
preprocess_time: 1.209435
sepa_time: 0.0
node: 1
formulation: LEFPAD