instance: K400.9.con.red
obj: 1402.0
bound: 1300.0
gap: 0.07275320970042796
time: 7196.178956031799
preprocess_time: 3.944761
sepa_time: 9.44e-322
node: 3451
formulation: EVFP