instance: K400.2.red
obj: 39.0
bound: 24.0
gap: 0.38461538461538464
time: 3599.6297969818115
preprocess_time: 0.399088
sepa_time: 0.0
node: 9293
formulation: EFP