instance: K400.red
obj: 1521.0
bound: 1474.0
gap: 0.030900723208415515
time: 7198.440939903259
preprocess_time: 1.573882
sepa_time: 0.0
node: 96284
formulation: LEFPAD