instance: K400.6.con.red
obj: 1583.0
bound: 75.81125031099349
gap: 0.9521091280410052
time: 1739.6215591430664
preprocess_time: 67.133434
node: 0
algo: EFPV