instance: K400.4.red
obj: 200.0
bound: 101.31862257906033
gap: 0.4934068871044517
time: 1800.6456580162048
preprocess_time: 0.190343
node: 622
formulation: LEVFP