instance: K400.6.con.red
obj: 40.0
bound: 29.0
gap: 0.275
time: 7197.973325967789
preprocess_time: 2.044297
sepa_time: 0.0
node: 1256
formulation: LEFPAD