instance: K400.4.red
obj: 152.99999905937923
bound: 120.0
gap: 0.2156862696879622
time: 3599.848582983017
preprocess_time: 0.158234
sepa_time: 0.0
node: 9067
formulation: LEFPV2