instance: K400.3.con.red
obj: 869.0
bound: 27.137603631295665
gap: 0.9687714572711248
time: 1540.2270720005035
preprocess_time: 260.651543
node: 0
formulation: EFPV