instance: K400.1.con.red
obj: 178.0
bound: 130.0
gap: 0.2696629213483146
time: 3599.796483039856
preprocess_time: 0.210723
sepa_time: 5.0e-324
node: 1452
formulation: EVFP