instance: K400.1.con.red
obj: 1015.0
bound: 953.0
gap: 0.061083743842364535
time: 3599.630101919174
preprocess_time: 0.386555
sepa_time: 0.0
node: 298562
formulation: LEFPV