instance: K400.red
obj: 1044.999999997648
bound: 913.0
gap: 0.12631578947171784
time: 3597.2494020462036
preprocess_time: 2.765221
sepa_time: 0.0
node: 10389
formulation: EFP