instance: K400.3.con.red
obj: 1348.0
bound: 1198.0
gap: 0.11127596439169139
time: 7197.290699005127
preprocess_time: 2.746668
sepa_time: 0.0
node: 37938
formulation: EFP