instance: K400.red
obj: 1521.999999598159
bound: 1482.0
gap: 0.026281208678528224
time: 3599.8056120872498
preprocess_time: 0.197321
sepa_time: 0.0
node: 141946
formulation: LEFPI