instance: K400.2.red
obj: 41.0
bound: 25.0
gap: 0.3902439024390244
time: 3599.629779815674
preprocess_time: 0.401299
sepa_time: 0.0
node: 1086
formulation: LEFPD