instance: K400.6.con.red
obj: 1115.0
bound: 20.807050537528752
gap: 0.9813389681276888
time: 1800.4442050457
preprocess_time: 0.295131
node: 0
algo: EFP0