instance: K400.red
obj: 1525.0
bound: 1481.0
gap: 0.028852459016393443
time: 3599.6478459835052
preprocess_time: 0.363101
sepa_time: 0.0
node: 176345
formulation: LEFP