instance: treeA.300.30
obj: 75.0
bound: 75.0
gap: 0.0
time: 133.2386758327484
preprocess_time: 1.306429
sepa_time: 0.0
node: 10341
formulation: LEFPAD