instance: treeA.700.35
obj: 150.0
bound: 150.0
gap: 0.0
time: 149.6989278793335
preprocess_time: 1.032119
sepa_time: 0.0
node: 11248
formulation: LEFP