instance: treeA.700.105
obj: 167.0
bound: 163.0
gap: 0.023952095808383235
time: 7198.4478878974915
preprocess_time: 1.569592
sepa_time: 2.262003838648284e14
node: 611487
formulation: LEFPAV