instance: treeA.100.15
obj: 21.0
bound: 21.0
gap: 0.0
time: 0.67252516746521
preprocess_time: 1.053371
sepa_time: 3.2261285611385074e13
node: 1
formulation: LEFPAV