instance: treeA.600.30
obj: 1247.0
bound: 1246.0
gap: 0.0008019246190858059
time: 7198.291898965836
preprocess_time: 1.713138
sepa_time: 0.0
node: 3903798
formulation: LEFPA