instance: treeA.200.40
obj: 455.99999914322854
bound: 455.99999914322854
gap: 0.0
time: 508.79120206832886
preprocess_time: 1.031317
sepa_time: 0.0
node: 376956
formulation: LEFPAI