instance: treeA.300.30
obj: 643.0
bound: 643.0
gap: 0.0
time: 32.14620614051819
preprocess_time: 1.380542
sepa_time: 0.0
node: 10381
formulation: LEFPAI