instance: treeA.400.40
obj: 862.0
bound: 862.0
gap: 0.0
time: 188.5395200252533
preprocess_time: 1.658095
sepa_time: 0.0
node: 141787
formulation: LEFPA