instance: treeA.500.50
obj: 139.0
bound: 138.00002076539081
gap: 0.007194095213015721
time: 1475.5731670856476
preprocess_time: 1.888663
sepa_time: 0.0
node: 247085
formulation: LEFPAI