instance: treeA.600.60
obj: 154.0
bound: 154.0
gap: 0.0
time: 363.19574189186096
preprocess_time: 1.923055
sepa_time: 0.0
node: 84852
formulation: LEFPA