instance: treeA.300.30
org_node: 300
org_edge: 329
org_min_len: 1.0093819165253715
org_avg_len: 1.5195885544606715
org_max_len: 1.997806990662844
dtf_node: 300
dtf_edge: 329
dtf_min_len: 1.0093819165253715
dtf_avg_len: 1.5195885544606715
dtf_max_len: 1.997806990662844
sdb_node: 300
sdb_edge: 329
sdb_min_len: 1.0093819165253715
sdb_avg_len: 1.5195885544606715
sdb_max_len: 1.997806990662844
dlt: 3.039177108921343
formulation: None