instance: treeA.200.20
obj: 43.0
bound: 43.0
gap: 0.0
time: 9.25498104095459
preprocess_time: 0.040088
sepa_time: 0.0
node: 1261
formulation: EFP