instance: treeA.700.70
obj: 1010.0
bound: 1010.0
gap: 0.0
time: 0.008463859558105469
preprocess_time: 1.853763
sepa_time: 0.0
node: 0
formulation: LEFPAV