instance: treeA.300.15
obj: 67.0
bound: 67.0
gap: 0.0
time: 0.463425874710083
preprocess_time: 1.350002
sepa_time: 0.0
node: 1
formulation: LEFPAI