instance: treeA.200.20
obj: 292.0
bound: 292.0
gap: 0.0
time: 0.03798389434814453
preprocess_time: 0.975286
sepa_time: 0.0
node: 0
formulation: LEFPAD