instance: treeA.200.30
obj: 39.0
bound: 39.0
gap: 0.0
time: 2.7903239727020264
preprocess_time: 0.113036
sepa_time: 0.0
node: 313
formulation: EFP