instance: treeA.150.22
obj: 30.0
bound: 30.0
gap: 0.0
time: 2.5369668006896973
preprocess_time: 0.973036
sepa_time: 0.0
node: 472
formulation: LEFP