instance: treeA.200.30
obj: 447.0
bound: 447.0
gap: 0.0
time: 4023.3198640346527
preprocess_time: 1.058772
sepa_time: 0.0
node: 719748
formulation: LEFPAD