instance: treeA.300.15
obj: 506.0
bound: 506.0
gap: 0.0
time: 0.003368854522705078
preprocess_time: 1.321846
sepa_time: 0.0
node: 0
formulation: LEFPA