instance: treeA.200.20
obj: 54.0
bound: 54.0
gap: 0.0
time: 4.963946104049683
preprocess_time: 0.980223
sepa_time: 0.0
node: 644
formulation: LEFPAD