instance: treeA.300.30
obj: 63.0
bound: 63.0
gap: 0.0
time: 79.87605118751526
preprocess_time: 1.952348
sepa_time: 0.0
node: 19739
formulation: LEFPA