instance: treeA.400.60
obj: 87.0
bound: 87.0
gap: 0.0
time: 6.007650136947632
preprocess_time: 0.079832
sepa_time: 0.0
node: 1
formulation: LEVFP