instance: treeA.250.37
obj: 52.0
bound: 52.0
gap: 0.0
time: 33.02111005783081
preprocess_time: 1.106081
sepa_time: 0.0
node: 1141
formulation: LEFPAI