instance: treeA.150.15
obj: 31.99999954259814
bound: 31.99999954259814
gap: 0.0
time: 11.534974098205566
preprocess_time: 1.042867
sepa_time: 0.0
node: 2388
formulation: LEFPAD