instance: treeA.600.90
obj: 133.0
bound: 131.0
gap: 0.015037593984962405
time: 7198.011438131332
preprocess_time: 1.997828
sepa_time: 2.125399809552862e14
node: 907768
formulation: LEFPAV