instance: treeA.700.105
obj: 968.0
bound: 968.0
gap: 0.0
time: 0.007267951965332031
preprocess_time: 1.481742
sepa_time: 0.0
node: 0
formulation: LEFPAV