instance: treeA.500.50
obj: 139.0
bound: 138.00001184553562
gap: 0.007194159384635796
time: 722.6110050678253
preprocess_time: 1.849634
sepa_time: 1.2912017371172472e14
node: 172062
formulation: LEFPAV