instance: treeA.300.15
obj: 67.0
bound: 67.0
gap: 0.0
time: 0.655803918838501
preprocess_time: 1.20024
sepa_time: 0.454277
node: 1
formulation: LEFPAV