instance: treeA.400.60
obj: 110.0
bound: 110.0
gap: 0.0
time: 29.98353910446167
preprocess_time: 1.437884
sepa_time: 0.0
node: 1283
formulation: LEFPA