instance: treeA.500.75
obj: 1116.0
bound: 1102.0
gap: 0.012544802867383513
time: 7198.205837965012
preprocess_time: 1.797827
sepa_time: 0.0
node: 309738
formulation: LEFPAD