instance: treeA.200.40
org_node: 200
org_edge: 239
org_min_len: 1.001359481756399
org_avg_len: 1.4864518556343114
org_max_len: 1.9958758384861246
dtf_node: 129
dtf_edge: 168
dtf_min_len: 1.0081165094093718
dtf_avg_len: 2.1146547231940502
dtf_max_len: 6.78335007656633
sdb_node: 999
sdb_edge: 1038
sdb_min_len: 0.28323079758597147
sdb_avg_len: 0.34225625577707236
sdb_max_len: 0.37160895421243
dlt: 0.37161296390857784
formulation: None