instance: treeA.400.20
obj: 831.0
bound: 831.0
gap: 0.0
time: 122.79245114326477
preprocess_time: 0.126218
sepa_time: 0.0
node: 62031
formulation: LEVFP