instance: treeA.700.105
obj: 142.0
bound: 137.0
gap: 0.035211267605633804
time: 7197.925514221191
preprocess_time: 2.080482
sepa_time: 0.0
node: 301780
formulation: LEFPAI