instance: treeA.200.20
obj: 429.0
bound: 429.0
gap: 0.0
time: 17.12478494644165
preprocess_time: 1.053651
sepa_time: 1.3842199804211848e13
node: 10324
formulation: LEFPAV