instance: treeA.150.15
obj: 32.0
bound: 32.0
gap: 0.0
time: 9.36610198020935
preprocess_time: 0.028179
sepa_time: 0.0
node: 6628
formulation: EFP