instance: treeA.700.70
obj: 182.0
bound: 180.0
gap: 0.01098901098901099
time: 7198.454154968262
preprocess_time: 1.548944
sepa_time: 0.0
node: 797593
formulation: LEFPAI