instance: treeA.200.20
obj: 43.0
bound: 43.0
gap: 0.0
time: 1.4749929904937744
preprocess_time: 0.95314
sepa_time: 4.6109997921752125e13
node: 1
formulation: LEFPAV