instance: treeA.200.20
obj: 43.0
bound: 43.0
gap: 0.0
time: 8.564419984817505
preprocess_time: 0.954961
sepa_time: 0.0
node: 880
formulation: LEFP