instance: treeA.300.15
obj: 67.0
bound: 67.0
gap: 0.0
time: 77.05113482475281
preprocess_time: 1.7504
sepa_time: 1.3842199804212143e13
node: 45585
formulation: LEFPAV