instance: treeA.150.15
obj: 322.0
bound: 322.0
gap: 0.0
time: 84.12044405937195
preprocess_time: 1.308806
sepa_time: 0.0
node: 55644
formulation: LEFPAD