instance: treeA.700.35
obj: 153.0
bound: 153.0
gap: 0.0
time: 5993.249891042709
preprocess_time: 1.545331
sepa_time: 0.0
node: 1494346
formulation: LEFPAI