instance: treeA.400.60
obj: 898.0
bound: 800.0
gap: 0.1091314031180401
time: 7198.520611047745
preprocess_time: 1.50235
sepa_time: 0.0
node: 572073
formulation: EFP