instance: treeA.200.10
obj: 415.0
bound: 415.0
gap: 0.0
time: 2.9157471656799316
preprocess_time: 1.759648
sepa_time: 1.3842199804212043e13
node: 3023
formulation: LEFPAV