instance: treeA.150.30
obj: 29.0
bound: 29.0
gap: 0.0
time: 9.847447156906128
preprocess_time: 1.007585
sepa_time: 0.0
node: 673
formulation: LEFPAI