instance: treeA.250.50
obj: 575.0
bound: 573.0
gap: 0.0034782608695652175
time: 7198.683495998383
preprocess_time: 1.319053
sepa_time: 0.0
node: 689964
formulation: LEFPAD