instance: treeA.700.70
obj: 182.0
bound: 178.0
gap: 0.02197802197802198
time: 7197.868366956711
preprocess_time: 2.139744
sepa_time: 0.0
node: 903639
formulation: LEFPA