instance: treeA.300.60
obj: 58.0
bound: 58.0
gap: 0.0
time: 1873.6769869327545
preprocess_time: 1.045349
sepa_time: 0.0
node: 164574
formulation: LEFPA