instance: treeA.200.20
obj: 43.0
bound: 43.0
gap: 0.0
time: 0.8219480514526367
preprocess_time: 1.368867
sepa_time: 0.0
node: 1
formulation: LEFPAI