instance: treeA.500.50
obj: 1070.0
bound: 1069.0
gap: 0.0009345794392523365
time: 7199.893555164337
preprocess_time: 0.108364
sepa_time: 0.0
node: 3881023
formulation: LEVFP