instance: treeA.300.30
obj: 75.0
bound: 74.00000227552894
gap: 0.013333302992947438
time: 472.8241000175476
preprocess_time: 1.336286
sepa_time: 6.918824676681468e13
node: 207485
formulation: LEFPAV