instance: treeA.300.45
org_node: 300
org_edge: 344
org_min_len: 1.0007505041481668
org_avg_len: 1.5030085079420479
org_max_len: 1.9939458671515218
dtf_node: 205
dtf_edge: 249
dtf_min_len: 1.0007505041481668
dtf_avg_len: 2.076445488883793
dtf_max_len: 11.605741009891904
sdb_node: 1459
sdb_edge: 1503
sdb_min_len: 0.28292905405285207
sdb_avg_len: 0.34400194726018934
sdb_max_len: 0.37557837221012175
dlt: 0.37575212698551197
formulation: None