instance: treeA.300.15
obj: 67.0
bound: 67.0
gap: 0.0
time: 1.006330966949463
preprocess_time: 0.042527
sepa_time: 0.0
node: 1
formulation: EFP