instance: treeA.250.25
obj: 57.0
bound: 57.0
gap: 0.0
time: 3.0939810276031494
preprocess_time: 0.03927
sepa_time: 0.0
node: 103
formulation: LEVFP