instance: treeA.350.35
obj: 76.0
bound: 76.0
gap: 0.0
time: 3.9177651405334473
preprocess_time: 0.995978
sepa_time: 0.0
node: 750
formulation: LEFPAI