instance: treeA.200.30
obj: 47.0
bound: 47.0
gap: 0.0
time: 16.7044198513031
preprocess_time: 1.003254
sepa_time: 0.0
node: 2538
formulation: LEFP