instance: treeA.100.20
obj: 19.0
bound: 19.0
gap: 0.0
time: 0.678502082824707
preprocess_time: 0.949871
sepa_time: 0.0
node: 1
formulation: LEFP