instance: treeA.200.30
obj: 39.0
bound: 39.0
gap: 0.0
time: 7.527834892272949
preprocess_time: 0.94437
sepa_time: 0.0
node: 777
formulation: LEFP