instance: treeA.700.35
obj: 153.0
bound: 153.0
gap: 0.0
time: 8.335263967514038
preprocess_time: 1.388482
sepa_time: 0.0
node: 912
formulation: LEFPA