instance: treeA.400.60
obj: 110.0
bound: 110.0
gap: 0.0
time: 256.8753128051758
preprocess_time: 1.99619
sepa_time: 0.0
node: 10855
formulation: LEFPAD