instance: treeA.300.30
obj: 63.0
bound: 63.0
gap: 0.0
time: 2.3686680793762207
preprocess_time: 1.968009
sepa_time: 9.221287844274447e13
node: 58
formulation: LEFPAV