instance: treeA.600.30
obj: 923.0
bound: 923.0
gap: 0.0
time: 0.004703044891357422
preprocess_time: 1.427015
sepa_time: 0.0
node: 0
formulation: LEFPAV