instance: treeA.400.20
obj: 96.0
bound: 96.0
gap: 0.0
time: 64.33345293998718
preprocess_time: 1.873322
sepa_time: 5.071473088634387e13
node: 19400
formulation: LEFPAV