instance: treeA.200.20
obj: 433.0
bound: 433.0
gap: 0.0
time: 140.0146999359131
preprocess_time: 1.574965
sepa_time: 0.0
node: 101878
formulation: LEFPA