instance: treeA.400.40
org_node: 400
org_edge: 439
org_min_len: 1.0013412372696002
org_avg_len: 1.5032291203005066
org_max_len: 1.9992334503948834
dtf_node: 400
dtf_edge: 439
dtf_min_len: 1.0013412372696002
dtf_avg_len: 1.5032291203005066
dtf_max_len: 1.9992334503948834
sdb_node: 400
sdb_edge: 439
sdb_min_len: 1.0013412372696002
sdb_avg_len: 1.5032291203005066
sdb_max_len: 1.9992334503948834
dlt: 3.006458240601013
formulation: None