instance: treeA.250.50
obj: 53.0
bound: 53.0
gap: 0.0
time: 8.265931129455566
preprocess_time: 1.399737
sepa_time: 0.0
node: 771
formulation: LEFPA