instance: treeA.350.70
obj: 73.0
bound: 73.0
gap: 0.0
time: 16.075325965881348
preprocess_time: 1.380251
sepa_time: 0.0
node: 686
formulation: LEFPA