instance: treeA.200.10
obj: 51.0
bound: 51.0
gap: 0.0
time: 2.7918150424957275
preprocess_time: 1.740012
sepa_time: 0.0
node: 887
formulation: LEFPA