instance: treeA.300.60
obj: 58.0
bound: 58.0
gap: 0.0
time: 182.90973591804504
preprocess_time: 1.113853
sepa_time: 0.0
node: 16372
formulation: LEFPAI