instance: treeA.200.30
obj: 449.0
bound: 401.0
gap: 0.10690423162583519
time: 7199.744027853012
preprocess_time: 0.265509
sepa_time: 0.0
node: 1402719
formulation: EFP