instance: treeA.150.22
obj: 332.0
bound: 332.0
gap: 0.0
time: 974.7964198589325
preprocess_time: 0.944275
sepa_time: 0.0
node: 962338
formulation: LEFP