instance: treeA.500.75
org_node: 500
org_edge: 574
org_min_len: 1.0009030472372356
org_avg_len: 1.485806816207586
org_max_len: 1.9985700101275303
dtf_node: 325
dtf_edge: 399
dtf_min_len: 1.0017270310302702
dtf_avg_len: 2.1374764724389843
dtf_max_len: 7.267543709448426
sdb_node: 2419
sdb_edge: 2493
sdb_min_len: 0.28034724778373266
sdb_avg_len: 0.3420991225443864
sdb_max_len: 0.3713628095798391
dlt: 0.3714517040518965
formulation: None