instance: treeA.350.52
org_node: 350
org_edge: 401
org_min_len: 1.0037876657794107
org_avg_len: 1.5012552578291218
org_max_len: 1.9971357642121852
dtf_node: 224
dtf_edge: 275
dtf_min_len: 1.0037876657794107
dtf_avg_len: 2.1891031214162804
dtf_max_len: 7.514183374713298
sdb_node: 1685
sdb_edge: 1736
sdb_min_len: 0.2826454104571058
sdb_avg_len: 0.3467761281045358
sdb_max_len: 0.37528533605695963
dlt: 0.37531381445728046
formulation: None