instance: treeA.150.22
obj: 30.0
bound: 30.0
gap: 0.0
time: 1.9189119338989258
preprocess_time: 1.021835
sepa_time: 0.0
node: 469
formulation: LEFPAI