instance: treeA.400.60
obj: 110.0
bound: 110.0
gap: 0.0
time: 100.46332311630249
preprocess_time: 1.415769
sepa_time: 0.0
node: 12146
formulation: LEFPAI