instance: treeA.700.35
obj: 150.0
bound: 150.0
gap: 0.0
time: 764.0628819465637
preprocess_time: 0.163275
sepa_time: 0.0
node: 76017
formulation: LEVFP