instance: treeA.300.45
obj: 63.0
bound: 63.0
gap: 0.0
time: 13.823853969573975
preprocess_time: 1.122474
sepa_time: 0.0
node: 1019
formulation: LEFPAI