instance: treeA.600.30
obj: 129.0
bound: 129.0
gap: 0.0
time: 8.322425127029419
preprocess_time: 1.907284
sepa_time: 3.688830758363751e13
node: 937
formulation: LEFPAV