instance: treeA.500.50
obj: 139.0
bound: 138.00001184553562
gap: 0.007194159384635796
time: 737.7589371204376
preprocess_time: 1.444423
sepa_time: 1.7060554372753478e14
node: 172062
formulation: LEFPAV