instance: treeA.350.70
obj: 803.0
bound: 788.0
gap: 0.0186799501867995
time: 7198.938501834869
preprocess_time: 1.063448
sepa_time: 0.0
node: 382971
formulation: LEFPAD