instance: treeA.600.30
obj: 143.0
bound: 143.0
gap: 0.0
time: 11.892612934112549
preprocess_time: 1.504084
sepa_time: 0.0
node: 919
formulation: LEFPA