instance: treeA.300.15
obj: 67.0
bound: 67.0
gap: 0.0
time: 81.75928092002869
preprocess_time: 1.467666
sepa_time: 0.0
node: 43193
formulation: LEFPAI