instance: treeA.250.37
obj: 52.0
bound: 52.0
gap: 0.0
time: 28.43964385986328
preprocess_time: 1.033719
sepa_time: 0.0
node: 743
formulation: LEFPAD