instance: treeA.300.30
obj: 643.0
bound: 643.0
gap: 0.0
time: 16.050161123275757
preprocess_time: 0.967284
sepa_time: 1.384219980421182e13
node: 9706
formulation: LEFPAV