instance: treeA.200.30
obj: 298.0
bound: 298.0
gap: 0.0
time: 0.002460956573486328
preprocess_time: 1.008993
sepa_time: 0.0
node: 0
formulation: LEFPA