instance: treeA.250.50
obj: 53.0
bound: 53.0
gap: 0.0
time: 1246.8826780319214
preprocess_time: 0.963438
sepa_time: 1.4307483245428256e14
node: 273283
formulation: LEFPAV