instance: treeA.100.20
obj: 230.0
bound: 211.0
gap: 0.08260869565217391
time: 7199.931843042374
preprocess_time: 0.071871
sepa_time: 0.0
node: 2379754
formulation: EFP