instance: treeA.500.50
obj: 107.0
bound: 107.0
gap: 0.0
time: 63.421196937561035
preprocess_time: 0.12768
sepa_time: 6.9072500686445e-310
node: 968
formulation: LEVFP