instance: treeA.200.20
obj: 43.0
bound: 43.0
gap: 0.0
time: 0.8055241107940674
preprocess_time: 0.912332
sepa_time: 0.0
node: 1
formulation: LEFP