instance: treeA.600.90
obj: 1363.0
bound: 1205.0
gap: 0.11592076302274394
time: 7196.965235948563
preprocess_time: 3.066286
sepa_time: 0.0
node: 227487
formulation: EFP