instance: treeA.150.30
obj: 29.0
bound: 29.0
gap: 0.0
time: 9.455568075180054
preprocess_time: 1.098686
sepa_time: 5.070638986658112e13
node: 839
formulation: LEFPAV