instance: treeA.400.60
obj: 110.0
bound: 110.0
gap: 0.0
time: 236.9082441329956
preprocess_time: 1.819894
sepa_time: 0.0
node: 10855
formulation: LEFPAD