instance: treeA.400.40
obj: 117.0
bound: 116.00001421405702
gap: 0.008546887059341729
time: 6991.987086057663
preprocess_time: 1.387381
sepa_time: 0.0
node: 1181543
formulation: LEFPAD