instance: treeA.350.52
obj: 75.0
bound: 74.0
gap: 0.013333333333333334
time: 7198.890861034393
preprocess_time: 1.110788
sepa_time: 0.0
node: 1022470
formulation: LEFPAI