instance: treeA.250.25
obj: 537.0
bound: 537.0
gap: 0.0
time: 750.646311044693
preprocess_time: 0.969127
sepa_time: 1.3842199804211828e13
node: 636758
formulation: LEFPAV