instance: treeA.200.10
obj: 415.0
bound: 415.0
gap: 0.0
time: 30.20150113105774
preprocess_time: 1.724499
sepa_time: 0.0
node: 10438
formulation: LEFPAD