instance: treeA.700.35
obj: 153.0
bound: 153.0
gap: 0.0
time: 8.3804030418396
preprocess_time: 1.45546
sepa_time: 0.0
node: 676
formulation: LEFPAI