instance: treeA.500.75
obj: 1127.0
bound: 996.0
gap: 0.11623779946761313
time: 7198.294680118561
preprocess_time: 1.727283
sepa_time: 0.0
node: 379643
formulation: EFP