instance: treeA.600.90
obj: 848.0
bound: 848.0
gap: 0.0
time: 0.03975200653076172
preprocess_time: 1.857998
sepa_time: 0.0
node: 0
formulation: LEFPAD