instance: treeA.300.30
obj: 427.0
bound: 427.0
gap: 0.0
time: 0.005300998687744141
preprocess_time: 1.12455
sepa_time: 0.0
node: 0
formulation: LEFPAI