instance: treeA.300.15
obj: 617.0
bound: 617.0
gap: 0.0
time: 5.002706050872803
preprocess_time: 0.048481
sepa_time: 6.3659873744e-314
node: 2159
formulation: LEVFP