instance: treeA.350.70
obj: 803.0
bound: 797.0
gap: 0.007471980074719801
time: 7199.024343967438
preprocess_time: 0.977153
sepa_time: 1.3842199804211842e13
node: 4025460
formulation: LEFPAV