instance: treeA.400.40
obj: 857.0
bound: 855.0
gap: 0.002333722287047841
time: 7199.944958925247
preprocess_time: 0.057925
sepa_time: 0.0
node: 4834909
formulation: LEVFP