instance: treeA.100.20
obj: 229.0
bound: 229.0
gap: 0.0
time: 2.530769109725952
preprocess_time: 0.94693
sepa_time: 0.0
node: 2278
formulation: LEFPA