instance: treeA.700.35
obj: 193.0
bound: 192.00000335736357
gap: 0.005181329754592914
time: 1527.3220269680023
preprocess_time: 1.443549
sepa_time: 0.0
node: 184869
formulation: LEFPAD