instance: treeA.350.52
obj: 74.0
bound: 74.0
gap: 0.0
time: 3571.9322090148926
preprocess_time: 1.434505
sepa_time: 0.0
node: 195526
formulation: LEFPAD