instance: treeA.300.45
obj: 77.0
bound: 77.0
gap: 0.0
time: 165.13717699050903
preprocess_time: 1.327828
sepa_time: 0.0
node: 12595
formulation: LEFPAI