instance: treeA.500.25
org_node: 500
org_edge: 524
org_min_len: 1.000592807050478
org_avg_len: 1.5164376711459084
org_max_len: 1.999041537513349
dtf_node: 310
dtf_edge: 334
dtf_min_len: 1.0014522663439518
dtf_avg_len: 2.379081855330708
dtf_max_len: 8.944851360691704
sdb_node: 2242
sdb_edge: 2266
sdb_min_len: 0.28465303150666366
sdb_avg_len: 0.3506678462844013
sdb_max_len: 0.3790910472737463
dlt: 0.3791094177864771
formulation: None