instance: treeA.500.75
obj: 105.0
bound: 103.00000000000003
gap: 0.019047619047618775
time: 7198.2218861579895
preprocess_time: 1.787783
sepa_time: 0.0
node: 524242
formulation: LEFPA