instance: treeA.600.90
obj: 133.0
bound: 130.0
gap: 0.022556390977443608
time: 7198.482007980347
preprocess_time: 1.519937
sepa_time: 0.0
node: 980169
formulation: LEFPAI