instance: treeA.250.50
obj: 575.0
bound: 567.0
gap: 0.01391304347826087
time: 7199.0230281353
preprocess_time: 0.978584
sepa_time: 0.0
node: 592676
formulation: LEFPAD