instance: treeA.150.30
obj: 344.0
bound: 343.00000000000057
gap: 0.002906976744184394
time: 7199.004095077515
preprocess_time: 0.996403
sepa_time: 0.0
node: 3769242
formulation: LEFPAI