instance: treeA.300.15
obj: 506.0
bound: 506.0
gap: 0.0
time: 0.004077911376953125
preprocess_time: 1.329596
sepa_time: 0.0
node: 0
formulation: LEFPAI