instance: treeA.300.15
obj: 82.0
bound: 81.00000615685965
gap: 0.012195046867565182
time: 373.1714119911194
preprocess_time: 1.327188
sepa_time: 0.0
node: 347420
formulation: LEFPA