instance: treeA.250.37
obj: 553.9999997802413
bound: 552.0
gap: 0.0036101079080047816
time: 7199.0216381549835
preprocess_time: 0.978839
sepa_time: 0.0
node: 2842466
formulation: LEFPAI