instance: treeA.250.50
org_node: 250
org_edge: 299
org_min_len: 1.0005471101653765
org_avg_len: 1.5051857243176712
org_max_len: 1.9968214311788144
dtf_node: 173
dtf_edge: 222
dtf_min_len: 1.0005471101653765
dtf_avg_len: 2.0272546467161425
dtf_max_len: 8.004200690239992
sdb_node: 1254
sdb_edge: 1303
sdb_min_len: 0.28385139947787374
sdb_avg_len: 0.3453956497091182
sdb_max_len: 0.3761371099256947
dlt: 0.3762964310794178
formulation: None