instance: treeA.300.60
obj: 693.0
bound: 691.0
gap: 0.002886002886002886
time: 7198.964791059494
preprocess_time: 1.036314
sepa_time: 0.0
node: 4107598
formulation: LEFPAI