instance: treeA.350.52
obj: 75.0
bound: 74.00000000000011
gap: 0.013333333333331818
time: 7198.601161003113
preprocess_time: 1.405489
sepa_time: 0.0
node: 1691497
formulation: LEFPA