instance: treeA.250.50
obj: 53.0
bound: 53.0
gap: 0.0
time: 21.685713052749634
preprocess_time: 0.037112
sepa_time: 6.92391446592785e-310
node: 614
formulation: LEVFP