instance: treeA.350.70
org_node: 350
org_edge: 419
org_min_len: 1.0025858535825818
org_avg_len: 1.5118856669549263
org_max_len: 1.9903138698624758
dtf_node: 350
dtf_edge: 419
dtf_min_len: 1.0025858535825818
dtf_avg_len: 1.5118856669549263
dtf_max_len: 1.9903138698624758
sdb_node: 350
sdb_edge: 419
sdb_min_len: 1.0025858535825818
sdb_avg_len: 1.5118856669549263
sdb_max_len: 1.9903138698624758
dlt: 3.0237713339098526
formulation: None