instance: treeA.200.10
obj: 328.0
bound: 328.0
gap: 0.0
time: 0.0035920143127441406
preprocess_time: 1.78441
sepa_time: 0.0
node: 0
formulation: LEFPAI