instance: treeA.350.35
obj: 751.0
bound: 751.0
gap: 0.0
time: 792.2650830745697
preprocess_time: 1.001226
sepa_time: 0.0
node: 397082
formulation: LEFPA