instance: treeA.700.35
obj: 1450.0
bound: 1448.000000000001
gap: 0.001379310344826959
time: 7198.671725034714
preprocess_time: 1.333027
sepa_time: 0.0
node: 2956781
formulation: LEFP