instance: treeA.200.20
obj: 433.0
bound: 433.0
gap: 0.0
time: 4135.716192007065
preprocess_time: 1.706747
sepa_time: 0.0
node: 1006332
formulation: LEFPAD