instance: treeA.300.45
obj: 62.0
bound: 62.0
gap: 0.0
time: 10.710908889770508
preprocess_time: 1.339081
sepa_time: 0.0
node: 673
formulation: LEFPAI