instance: treeA.200.40
obj: 456.0
bound: 456.0
gap: 0.0
time: 494.52864384651184
preprocess_time: 0.963829
sepa_time: 1.3842199804211818e13
node: 339952
formulation: LEFPAV