instance: treeA.500.50
obj: 139.0
bound: 138.00000353101706
gap: 0.007194219201316134
time: 1697.9868957996368
preprocess_time: 1.448486
sepa_time: 0.0
node: 364177
formulation: LEFPA