instance: treeA.300.45
obj: 671.0
bound: 667.0
gap: 0.005961251862891207
time: 7198.343641042709
preprocess_time: 1.658923
sepa_time: 0.0
node: 569904
formulation: LEFPAD