instance: treeA.300.15
obj: 617.0
bound: 617.0
gap: 0.0
time: 4.995884895324707
preprocess_time: 0.05291
sepa_time: 9.24e-322
node: 2159
formulation: LEVFP