instance: treeA.200.20
obj: 54.0
bound: 54.0
gap: 0.0
time: 3.259617805480957
preprocess_time: 1.076763
sepa_time: 4.611000944514939e13
node: 847
formulation: LEFPAV