instance: treeA.350.52
obj: 777.0
bound: 774.0
gap: 0.003861003861003861
time: 7199.062464952469
preprocess_time: 0.938955
sepa_time: 0.0
node: 2590837
formulation: LEFP