instance: treeA.600.60
obj: 154.0
bound: 154.0
gap: 0.0
time: 123.00721001625061
preprocess_time: 1.936628
sepa_time: 1.613394499473395e14
node: 10430
formulation: LEFPAV