instance: treeA.300.30
obj: 643.0
bound: 643.0
gap: 0.0
time: 444.3634068965912
preprocess_time: 0.957884
sepa_time: 0.0
node: 62109
formulation: LEFPAD