instance: treeA.600.30
obj: 143.0
bound: 143.0
gap: 0.0
time: 8.752802848815918
preprocess_time: 1.410273
sepa_time: 5.076466477312742e13
node: 656
formulation: LEFPAV