instance: treeA.350.52
obj: 777.0
bound: 777.0
gap: 0.0
time: 4354.464861869812
preprocess_time: 1.375211
sepa_time: 0.0
node: 1977422
formulation: LEFPAI