instance: treeA.300.30
obj: 64.0
bound: 64.0
gap: 0.0
time: 14.207234144210815
preprocess_time: 1.113313
sepa_time: 0.0
node: 697
formulation: LEFPAD