instance: treeA.200.30
obj: 40.99999904224209
bound: 40.99999904224209
gap: 0.0
time: 4.937515020370483
preprocess_time: 1.51954
sepa_time: 0.0
node: 676
formulation: LEFPA