instance: treeA.300.60
obj: 698.0
bound: 620.0
gap: 0.11174785100286533
time: 7199.224271059036
preprocess_time: 0.788323
sepa_time: 0.0
node: 565551
formulation: EFP