instance: treeA.350.52
obj: 777.0
bound: 774.0
gap: 0.003861003861003861
time: 7198.943794965744
preprocess_time: 1.061837
sepa_time: 0.0
node: 3451847
formulation: LEFPA