instance: treeA.200.20
obj: 292.0
bound: 292.0
gap: 0.0
time: 0.012643814086914062
preprocess_time: 1.762941
sepa_time: 0.0
node: 0
formulation: LEFPAD