instance: treeA.350.70
obj: 73.0
bound: 73.0
gap: 0.0
time: 36.93289113044739
preprocess_time: 1.071085
sepa_time: 0.0
node: 1328
formulation: LEFP