instance: treeA.700.70
obj: 1503.0
bound: 1499.0
gap: 0.0026613439787092482
time: 7199.903028964996
preprocess_time: 0.10208
sepa_time: 0.0
node: 2581193
formulation: LEVFP