instance: treeA.100.20
obj: 229.0
bound: 229.0
gap: 0.0
time: 10.074457168579102
preprocess_time: 0.955967
sepa_time: 0.0
node: 13452
formulation: LEFPAI