instance: treeA.250.25
obj: 537.0
bound: 537.0
gap: 0.0
time: 2376.807912826538
preprocess_time: 1.048838
sepa_time: 0.0
node: 1810512
formulation: LEFPAI