instance: treeA.200.40
obj: 40.0
bound: 40.0
gap: 0.0
time: 150.40585207939148
preprocess_time: 0.960171
sepa_time: 1.3845105825899056e14
node: 14856
formulation: LEFPAV