instance: treeA.400.60
obj: 885.0
bound: 884.0
gap: 0.0011299435028248588
time: 7198.7482969760895
preprocess_time: 1.254782
sepa_time: 0.0
node: 2888898
formulation: LEFP