instance: treeA.350.70
obj: 809.0
bound: 720.0
gap: 0.1100123609394314
time: 7198.9878940582275
preprocess_time: 1.024985
sepa_time: 0.0
node: 414654
formulation: EFP