instance: treeA.400.40
obj: 91.0
bound: 89.00000000000009
gap: 0.02197802197802104
time: 7199.941025972366
preprocess_time: 0.068693
sepa_time: 0.0
node: 1887177
formulation: EFP