instance: treeA.350.35
obj: 751.0
bound: 751.0
gap: 0.0
time: 1586.184453010559
preprocess_time: 0.986495
sepa_time: 0.0
node: 1006229
formulation: LEFPAI