instance: treeA.400.40
obj: 117.0
bound: 116.00003949820248
gap: 0.008546670955534333
time: 4027.3464801311493
preprocess_time: 1.418968
sepa_time: 0.0
node: 1464557
formulation: LEFPA