instance: treeA.700.70
obj: 182.0
bound: 178.0
gap: 0.02197802197802198
time: 7198.008677959442
preprocess_time: 2.00578
sepa_time: 0.0
node: 190388
formulation: LEFPAD