instance: treeA.600.60
obj: 859.0
bound: 859.0
gap: 0.0
time: 0.010354995727539062
preprocess_time: 1.378104
sepa_time: 0.0
node: 0
formulation: LEFPAI