instance: treeA.150.22
obj: 335.0
bound: 296.0
gap: 0.11641791044776119
time: 7199.832087993622
preprocess_time: 0.173258
sepa_time: 0.0
node: 1682937
formulation: EFP