instance: treeA.250.37
obj: 554.0
bound: 551.0
gap: 0.005415162454873646
time: 7199.969342947006
preprocess_time: 0.031795
sepa_time: 0.0
node: 3038046
formulation: LEVFP