instance: treeA.500.25
obj: 111.0
bound: 111.0
gap: 0.0
time: 5.262197971343994
preprocess_time: 1.87262
sepa_time: 0.0
node: 600
formulation: LEFPA