instance: treeA.700.105
obj: 142.0
bound: 136.0
gap: 0.04225352112676056
time: 7199.788223028183
preprocess_time: 0.219607
sepa_time: 0.0
node: 340313
formulation: EFP