instance: treeA.100.15
obj: 221.0
bound: 221.0
gap: 0.0
time: 11.159940958023071
preprocess_time: 0.963445
sepa_time: 0.0
node: 14247
formulation: LEFPA