instance: treeA.150.22
obj: 332.0
bound: 332.0
gap: 0.0
time: 3647.3861849308014
preprocess_time: 0.947066
sepa_time: 0.0
node: 765299
formulation: LEFPAD