instance: treeA.300.30
obj: 62.0
bound: 61.000000000000085
gap: 0.016129032258063142
time: 7199.884683132172
preprocess_time: 0.129884
sepa_time: 0.0
node: 1423092
formulation: EFP