instance: treeA.150.15
obj: 32.0
bound: 32.0
gap: 0.0
time: 9.327370882034302
preprocess_time: 0.969092
sepa_time: 0.0
node: 6628
formulation: LEFP