instance: treeA.250.37
obj: 52.0
bound: 52.0
gap: 0.0
time: 23.12029194831848
preprocess_time: 0.960587
sepa_time: 1.9822902788781206e14
node: 696
formulation: LEFPAV