instance: treeA.500.75
obj: 1110.9999999990573
bound: 1104.0
gap: 0.00630063006216314
time: 7198.966583967209
preprocess_time: 1.036158
sepa_time: 0.0
node: 1826032
formulation: LEFP