instance: treeA.300.45
obj: 77.0
bound: 76.00000000000014
gap: 0.012987012987011142
time: 7198.211589097977
preprocess_time: 1.793584
sepa_time: 1.9366942546461006e14
node: 1087187
formulation: LEFPAV