instance: treeA.500.50
obj: 109.0
bound: 109.0
gap: 0.0
time: 6.666999101638794
preprocess_time: 1.292071
sepa_time: 0.0
node: 717
formulation: LEFPAD