instance: treeA.250.25
org_node: 250
org_edge: 274
org_min_len: 1.002327217978483
org_avg_len: 1.4944455871292206
org_max_len: 1.9946185343927352
dtf_node: 250
dtf_edge: 274
dtf_min_len: 1.002327217978483
dtf_avg_len: 1.4944455871292206
dtf_max_len: 1.9946185343927352
sdb_node: 250
sdb_edge: 274
sdb_min_len: 1.002327217978483
sdb_avg_len: 1.4944455871292206
sdb_max_len: 1.9946185343927352
dlt: 2.988891174258441
formulation: None