instance: treeA.200.30
obj: 447.0
bound: 447.0
gap: 0.0
time: 40.439045906066895
preprocess_time: 1.339634
sepa_time: 0.0
node: 31168
formulation: LEFPAI