instance: treeA.400.60
obj: 542.0
bound: 542.0
gap: 0.0
time: 0.006096839904785156
preprocess_time: 1.792379
sepa_time: 0.0
node: 0
formulation: LEFPAV