instance: treeA.150.30
obj: 344.0
bound: 344.0
gap: 0.0
time: 4717.729750871658
preprocess_time: 0.028281
sepa_time: 0.0
node: 2049500
formulation: LEVFP