instance: treeA.200.10
obj: 51.0
bound: 51.0
gap: 0.0
time: 1.810431957244873
preprocess_time: 1.29936
sepa_time: 1.383833933728241e13
node: 969
formulation: LEFPAV