instance: treeA.300.15
obj: 67.0
bound: 67.0
gap: 0.0
time: 2.624351978302002
preprocess_time: 0.058677
sepa_time: 6.9254524868273e-310
node: 1
formulation: LEVFP