instance: treeA.700.105
obj: 968.0
bound: 968.0
gap: 0.0
time: 0.010011911392211914
preprocess_time: 1.494424
sepa_time: 0.0
node: 0
formulation: LEFPAV