instance: treeA.700.105
obj: 142.0
bound: 137.0
gap: 0.035211267605633804
time: 7198.041229009628
preprocess_time: 1.970394
sepa_time: 0.0
node: 346998
formulation: LEFPA