instance: treeA.300.15
obj: 82.0
bound: 81.00001466258294
gap: 0.01219494313923242
time: 91.39779996871948
preprocess_time: 1.049268
sepa_time: 0.577458
node: 77447
formulation: LEFPAV