instance: treeA.300.15
obj: 82.0
bound: 81.0000124243122
gap: 0.012194970435217035
time: 4211.860189914703
preprocess_time: 1.024243
sepa_time: 0.0
node: 1751679
formulation: LEFPAD