instance: treeA.700.70
obj: 152.9999990696047
bound: 152.9999990696047
gap: 0.0
time: 46.66683578491211
preprocess_time: 1.492968
sepa_time: 0.0
node: 793
formulation: LEFPAD