instance: treeA.150.15
obj: 32.0
bound: 32.0
gap: 0.0
time: 0.5877859592437744
preprocess_time: 1.029698
sepa_time: 0.0
node: 1
formulation: LEFPA