instance: treeA.100.10
obj: 21.0
bound: 21.0
gap: 0.0
time: 0.4119100570678711
preprocess_time: 1.383775
sepa_time: 0.0
node: 22
formulation: LEFPA