instance: treeA.200.20
obj: 292.0
bound: 292.0
gap: 0.0
time: 0.003331899642944336
preprocess_time: 1.756905
sepa_time: 0.0
node: 0
formulation: LEFPAV