instance: treeA.300.45
obj: 61.0
bound: 61.0
gap: 0.0
time: 36.44460916519165
preprocess_time: 0.055416
sepa_time: 6.92162832028135e-310
node: 2093
formulation: LEVFP