instance: treeA.500.50
obj: 1070.0
bound: 1069.0000043218915
gap: 0.0009345754001013664
time: 5788.650053024292
preprocess_time: 1.303352
sepa_time: 0.0
node: 2934775
formulation: LEFP