instance: treeA.200.10
obj: 415.0
bound: 415.0
gap: 0.0
time: 0.9814088344573975
preprocess_time: 1.575088
sepa_time: 0.0
node: 1015
formulation: LEFPAI