instance: treeA.500.50
obj: 109.0
bound: 109.0
gap: 0.0
time: 113.12376403808594
preprocess_time: 1.411629
sepa_time: 0.0
node: 12056
formulation: LEFPAI