instance: treeA.600.60
obj: 123.0
bound: 122.00000265420275
gap: 0.008130059721928897
time: 6647.452033042908
preprocess_time: 0.179097
sepa_time: 0.0
node: 601526
formulation: EFP