instance: treeA.350.52
obj: 74.0
bound: 74.0
gap: 0.0
time: 3392.7000300884247
preprocess_time: 1.001401
sepa_time: 0.0
node: 876090
formulation: LEFPAI