instance: treeA.200.40
obj: 456.0
bound: 456.0
gap: 0.0
time: 3716.166132211685
preprocess_time: 0.029753
sepa_time: 6.9119990670216e-310
node: 2547426
formulation: LEVFP