instance: treeA.200.10
obj: 328.0
bound: 328.0
gap: 0.0
time: 0.006680011749267578
preprocess_time: 1.350257
sepa_time: 0.0
node: 0
formulation: LEFPAD