instance: treeA.700.105
obj: 1562.0
bound: 1548.0
gap: 0.008962868117797696
time: 7198.013720035553
preprocess_time: 1.994055
sepa_time: 0.0
node: 2012676
formulation: LEFPA