instance: treeA.600.30
obj: 126.0
bound: 126.0
gap: 0.0
time: 236.83184099197388
preprocess_time: 1.350517
sepa_time: 0.0
node: 11517
formulation: LEFP