instance: treeA.400.40
obj: 91.0
bound: 91.0
gap: 0.0
time: 47.83827614784241
preprocess_time: 0.14823
sepa_time: 6.9132684866979e-310
node: 2289
formulation: LEVFP