instance: treeA.350.52
obj: 777.0
bound: 774.0
gap: 0.003861003861003861
time: 7199.960773944855
preprocess_time: 0.040764
sepa_time: 0.0
node: 4370266
formulation: LEVFP