instance: treeA.700.35
obj: 1096.0
bound: 1096.0
gap: 0.0
time: 0.008754968643188477
preprocess_time: 1.356328
sepa_time: 0.0
node: 0
formulation: LEFPAI