instance: treeA.100.10
obj: 21.0
bound: 21.0
gap: 0.0
time: 63.22636008262634
preprocess_time: 0.017934
sepa_time: 0.0
node: 473
formulation: EF