instance: treeA.200.30
obj: 39.0
bound: 39.0
gap: 0.0
time: 2.441051959991455
preprocess_time: 0.041219
sepa_time: 0.0
node: 1
formulation: LEVFP