instance: treeA.600.30
obj: 143.0
bound: 143.0
gap: 0.0
time: 13.447654962539673
preprocess_time: 1.504859
sepa_time: 0.0
node: 919
formulation: LEFPA