instance: treeA.100.10
org_node: 100
org_edge: 109
org_min_len: 1.015556337444242
org_avg_len: 1.5754368443018139
org_max_len: 1.9976246780422156
dtf_node: 100
dtf_edge: 109
dtf_min_len: 1.015556337444242
dtf_avg_len: 1.5754368443018139
dtf_max_len: 1.9976246780422156
sdb_node: 100
sdb_edge: 109
sdb_min_len: 1.015556337444242
sdb_avg_len: 1.5754368443018139
sdb_max_len: 1.9976246780422156
dlt: 3.1508736886036277
formulation: None