instance: treeA.300.45
obj: 664.0
bound: 660.0
gap: 0.006024096385542169
time: 7198.954847097397
preprocess_time: 1.047013
sepa_time: 0.0
node: 436939
formulation: LEFPAD