instance: treeA.600.60
org_node: 600
org_edge: 659
org_min_len: 1.000426708997002
org_avg_len: 1.4958403078493951
org_max_len: 1.9964793111613726
dtf_node: 383
dtf_edge: 442
dtf_min_len: 1.000426708997002
dtf_avg_len: 2.230223445413463
dtf_max_len: 14.840463067393014
sdb_node: 2806
sdb_edge: 2865
sdb_min_len: 0.2810323153046088
sdb_avg_len: 0.3440693762208562
sdb_max_len: 0.3737001453901713
dlt: 0.3739600769623488
formulation: None