instance: treeA.150.15
obj: 322.0
bound: 322.0
gap: 0.0
time: 16.866981983184814
preprocess_time: 1.318479
sepa_time: 0.0
node: 21589
formulation: LEFPAI