instance: treeA.200.20
obj: 54.0
bound: 54.0
gap: 0.0
time: 5.6057868003845215
preprocess_time: 1.753998
sepa_time: 0.0
node: 644
formulation: LEFPAD