instance: treeA.350.35
obj: 76.0
bound: 76.0
gap: 0.0
time: 1.5499351024627686
preprocess_time: 0.973029
sepa_time: 3.219801419329008e13
node: 1
formulation: LEFPAV