instance: treeA.700.35
obj: 193.0
bound: 192.00000874076886
gap: 0.005181301861301231
time: 2204.1604549884796
preprocess_time: 1.538118
sepa_time: 0.0
node: 623197
formulation: LEFPA