instance: treeA.200.30
obj: 47.0
bound: 47.0
gap: 0.0
time: 134.98685789108276
preprocess_time: 0.973441
sepa_time: 0.0
node: 39628
formulation: LEFPAI