instance: treeA.350.35
obj: 760.0
bound: 674.0
gap: 0.11315789473684211
time: 7199.160399913788
preprocess_time: 0.850945
sepa_time: 0.0
node: 724342
formulation: EFP