instance: treeA.150.15
obj: 322.0
bound: 322.0
gap: 0.0
time: 75.34728789329529
preprocess_time: 0.938498
sepa_time: 0.0
node: 109732
formulation: LEFPAI