instance: treeA.500.25
obj: 110.0
bound: 109.00000000000013
gap: 0.009090909090907928
time: 7199.919506788254
preprocess_time: 0.088924
sepa_time: 0.0
node: 1542765
formulation: EFP