instance: treeA.400.20
obj: 118.0
bound: 118.0
gap: 0.0
time: 4.420897006988525
preprocess_time: 1.353026
sepa_time: 0.0
node: 741
formulation: LEFPA