instance: treeA.600.90
obj: 133.0
bound: 130.0
gap: 0.022556390977443608
time: 7198.386281013489
preprocess_time: 1.61558
sepa_time: 0.0
node: 932348
formulation: LEFPAI