instance: treeA.600.90
obj: 122.0
bound: 121.0000000000001
gap: 0.008196721311474595
time: 7198.514931201935
preprocess_time: 1.487564
sepa_time: 0.0
node: 988815
formulation: LEFPAI