instance: treeA.600.30
obj: 923.0
bound: 923.0
gap: 0.0
time: 0.005694150924682617
preprocess_time: 1.363175
sepa_time: 0.0
node: 0
formulation: LEFPA