instance: treeA.400.60
obj: 91.0
bound: 89.0
gap: 0.02197802197802198
time: 7198.230684995651
preprocess_time: 1.776445
sepa_time: 0.0
node: 572311
formulation: LEFPA