instance: treeA.300.60
obj: 58.0
bound: 58.0
gap: 0.0
time: 19.429487943649292
preprocess_time: 0.946996
sepa_time: 0.0
node: 1040
formulation: LEFP