instance: treeA.300.30
obj: 62.0
bound: 62.0
gap: 0.0
time: 4.922606945037842
preprocess_time: 0.108719
sepa_time: 0.0
node: 1
formulation: LEVFP