instance: treeA.300.30
obj: 646.0
bound: 585.0
gap: 0.09442724458204334
time: 7199.282789945602
preprocess_time: 0.72629
sepa_time: 0.0
node: 777361
formulation: EFP