instance: treeA.600.30
obj: 142.99999979510983
bound: 142.99999979510983
gap: 0.0
time: 17.636448860168457
preprocess_time: 1.490417
sepa_time: 0.0
node: 761
formulation: LEFPAD