instance: treeA.700.35
org_node: 700
org_edge: 734
org_min_len: 1.0011241113108305
org_avg_len: 1.495270295738598
org_max_len: 1.9978162177800503
dtf_node: 447
dtf_edge: 481
dtf_min_len: 1.0016112683124976
dtf_avg_len: 2.2817638192767777
dtf_max_len: 9.362718169462848
sdb_node: 3136
sdb_edge: 3170
sdb_min_len: 0.28057169341400284
sdb_avg_len: 0.3462234691079281
sdb_max_len: 0.3737719784568326
dlt: 0.3738175739346495
formulation: None