instance: treeA.400.40
obj: 117.0
bound: 116.00000000000031
gap: 0.008547008547005875
time: 7198.579319000244
preprocess_time: 1.425941
sepa_time: 8.762878905377792e13
node: 3269418
formulation: LEFPAV