instance: treeA.100.15
obj: 21.0
bound: 21.0
gap: 0.0
time: 0.7666211128234863
preprocess_time: 0.025605
sepa_time: 0.0
node: 1
formulation: LEVFP