instance: treeA.600.60
obj: 123.0
bound: 123.0
gap: 0.0
time: 24.59875202178955
preprocess_time: 1.113346
sepa_time: 0.0
node: 660
formulation: LEFP