instance: treeA.100.15
obj: 221.0
bound: 221.0
gap: 0.0
time: 13.82836389541626
preprocess_time: 0.889167
sepa_time: 0.0
node: 14033
formulation: LEFP