instance: treeA.300.60
obj: 58.0
bound: 58.0
gap: 0.0
time: 45.75618100166321
preprocess_time: 0.108834
sepa_time: 1.4e-322
node: 724
formulation: LEVFP