instance: treeA.100.15
obj: 221.0
bound: 221.0
gap: 0.0
time: 5.9056220054626465
preprocess_time: 1.085877
sepa_time: 0.0
node: 7271
formulation: LEFPA