instance: treeA.500.50
obj: 107.0
bound: 106.00000000000007
gap: 0.009345794392522701
time: 7199.92174077034
preprocess_time: 0.088738
sepa_time: 0.0
node: 588628
formulation: EFP