instance: treeA.250.37
org_node: 250
org_edge: 286
org_min_len: 1.000081166070598
org_avg_len: 1.5215426199130204
org_max_len: 1.998670844199744
dtf_node: 250
dtf_edge: 286
dtf_min_len: 1.000081166070598
dtf_avg_len: 1.5215426199130204
dtf_max_len: 1.998670844199744
sdb_node: 250
sdb_edge: 286
sdb_min_len: 1.000081166070598
sdb_avg_len: 1.5215426199130204
sdb_max_len: 1.998670844199744
dlt: 3.043085239826041
formulation: None