instance: treeA.200.20
obj: 54.0
bound: 54.0
gap: 0.0
time: 3.9294209480285645
preprocess_time: 1.80416
sepa_time: 5.533864336240284e13
node: 847
formulation: LEFPAV