instance: treeA.700.105
obj: 143.0
bound: 136.0
gap: 0.04895104895104895
time: 7198.60311794281
preprocess_time: 1.417037
sepa_time: 0.0
node: 328196
formulation: LEFP