instance: treeA.700.35
obj: 193.0
bound: 192.00000000000028
gap: 0.005181347150257595
time: 7198.5785031318665
preprocess_time: 1.428616
sepa_time: 9.241745683609906e12
node: 2844706
formulation: LEFPAV