instance: treeA.300.30
obj: 75.0
bound: 74.00002039459997
gap: 0.013333061405333713
time: 451.6511161327362
preprocess_time: 1.108373
sepa_time: 0.0
node: 206884
formulation: LEFPA