instance: treeA.100.10
obj: 214.0
bound: 214.0
gap: 0.0
time: 0.9694838523864746
preprocess_time: 0.027315
sepa_time: 0.0
node: 760
formulation: LEVFP