instance: treeA.200.30
obj: 49.0
bound: 49.0
gap: 0.0
time: 4.803134918212891
preprocess_time: 1.03213
sepa_time: 0.0
node: 692
formulation: LEFPAI