instance: treeA.600.60
obj: 154.0
bound: 154.0
gap: 0.0
time: 372.69265699386597
preprocess_time: 1.567844
sepa_time: 0.0
node: 84852
formulation: LEFPA