instance: treeA.350.35
obj: 751.0
bound: 751.0
gap: 0.0
time: 22.782352924346924
preprocess_time: 0.970763
sepa_time: 1.384219980421182e13
node: 10297
formulation: LEFPAV