instance: treeA.600.60
obj: 154.0
bound: 154.0
gap: 0.0
time: 122.36334013938904
preprocess_time: 1.542038
sepa_time: 1.56764515457258e14
node: 10430
formulation: LEFPAV