instance: treeA.300.30
obj: 644.0
bound: 644.0
gap: 0.0
time: 5184.442358970642
preprocess_time: 1.69881
sepa_time: 0.0
node: 2243306
formulation: LEFPA