instance: treeA.400.40
obj: 117.0
bound: 116.00003949820248
gap: 0.008546670955534333
time: 3995.241525888443
preprocess_time: 2.003029
sepa_time: 0.0
node: 1464557
formulation: LEFPA