instance: treeA.300.15
obj: 67.0
bound: 67.0
gap: 0.0
time: 2.5746688842773438
preprocess_time: 0.053154
sepa_time: 0.0
node: 1
formulation: LEVFP