instance: treeA.500.25
obj: 111.0
bound: 111.0
gap: 0.0
time: 11.586185932159424
preprocess_time: 1.821688
sepa_time: 0.0
node: 728
formulation: LEFPAI