instance: treeA.200.30
obj: 49.0
bound: 49.0
gap: 0.0
time: 2.58358097076416
preprocess_time: 1.762334
sepa_time: 0.0
node: 279
formulation: LEFPA