instance: treeA.600.60
obj: 154.0
bound: 154.0
gap: 0.0
time: 57.27277398109436
preprocess_time: 1.925466
sepa_time: 0.0
node: 7227
formulation: LEFPAI