instance: treeA.300.45
org_node: 300
org_edge: 344
org_min_len: 1.0007505041481668
org_avg_len: 1.5030085079420479
org_max_len: 1.9939458671515218
dtf_node: 300
dtf_edge: 344
dtf_min_len: 1.0007505041481668
dtf_avg_len: 1.5030085079420479
dtf_max_len: 1.9939458671515218
sdb_node: 300
sdb_edge: 344
sdb_min_len: 1.0007505041481668
sdb_avg_len: 1.5030085079420479
sdb_max_len: 1.9939458671515218
dlt: 3.0060170158840958
formulation: None