instance: treeA.500.75
obj: 711.0
bound: 711.0
gap: 0.0
time: 0.010711908340454102
preprocess_time: 1.816351
sepa_time: 0.0
node: 0
formulation: LEFPAI