instance: treeA.350.35
org_node: 350
org_edge: 384
org_min_len: 1.0023505683695706
org_avg_len: 1.4927256321768387
org_max_len: 1.997413463838551
dtf_node: 350
dtf_edge: 384
dtf_min_len: 1.0023505683695706
dtf_avg_len: 1.4927256321768387
dtf_max_len: 1.997413463838551
sdb_node: 350
sdb_edge: 384
sdb_min_len: 1.0023505683695706
sdb_avg_len: 1.4927256321768387
sdb_max_len: 1.997413463838551
dlt: 2.9854512643536775
formulation: None