instance: treeA.400.40
obj: 91.0
bound: 91.0
gap: 0.0
time: 44.456260204315186
preprocess_time: 0.069477
sepa_time: 6.9217225286104e-310
node: 2289
formulation: LEVFP