instance: treeA.400.40
obj: 91.0
bound: 91.0
gap: 0.0
time: 3.193100929260254
preprocess_time: 1.234899
sepa_time: 0.0
node: 400
formulation: LEFPA