instance: treeA.700.35
obj: 1464.0
bound: 1305.0
gap: 0.10860655737704918
time: 7197.275231122971
preprocess_time: 2.744191
sepa_time: 0.0
node: 186062
formulation: EFP