instance: treeA.200.30
obj: 39.0
bound: 39.0
gap: 0.0
time: 1.107234001159668
preprocess_time: 0.922306
sepa_time: 0.0
node: 1
formulation: LEFP