instance: treeA.100.10
obj: 21.0
bound: 21.0
gap: 0.0
time: 0.26017189025878906
preprocess_time: 1.041923
sepa_time: 0.0
node: 1
formulation: LEFPA