instance: treeA.150.22
obj: 332.0
bound: 332.0
gap: 0.0
time: 224.20083785057068
preprocess_time: 1.343688
sepa_time: 0.0
node: 276077
formulation: LEFPA