instance: treeA.500.75
obj: 105.0
bound: 103.0
gap: 0.01904761904761905
time: 7198.199357032776
preprocess_time: 1.80326
sepa_time: 0.0
node: 412669
formulation: LEFPAI