instance: treeA.400.20
obj: 831.0
bound: 831.0
gap: 0.0
time: 122.48965001106262
preprocess_time: 0.058645
sepa_time: 6.93369210772136e-310
node: 62031
formulation: LEVFP