instance: treeA.400.20
obj: 95.0
bound: 94.0
gap: 0.010526315789473684
time: 7198.745208978653
preprocess_time: 1.262958
sepa_time: 0.0
node: 1966906
formulation: LEFP