instance: treeA.300.30
obj: 75.0
bound: 75.0
gap: 0.0
time: 137.73259019851685
preprocess_time: 1.410512
sepa_time: 0.0
node: 10341
formulation: LEFPAD