instance: treeA.200.10
obj: 51.0
bound: 51.0
gap: 0.0
time: 12.552791833877563
preprocess_time: 1.009593
sepa_time: 0.0
node: 6929
formulation: LEFPAD