instance: treeA.300.60
org_node: 300
org_edge: 359
org_min_len: 1.0019452553201629
org_avg_len: 1.4960515160999106
org_max_len: 1.9958269173130143
dtf_node: 197
dtf_edge: 256
dtf_min_len: 1.0150317186222475
dtf_avg_len: 2.0979784932807353
dtf_max_len: 7.716692711653096
sdb_node: 1509
sdb_edge: 1568
sdb_min_len: 0.28168900908956157
sdb_avg_len: 0.34252710094379274
sdb_max_len: 0.37361772675014027
dlt: 0.37401287902497765
formulation: None