instance: treeA.300.30
obj: 62.0
bound: 62.0
gap: 0.0
time: 5.532387018203735
preprocess_time: 0.056107
sepa_time: 6.9421400576582e-310
node: 1
formulation: LEVFP