instance: treeA.250.50
obj: 578.0
bound: 514.0
gap: 0.11072664359861592
time: 7199.549364089966
preprocess_time: 0.460946
sepa_time: 0.0
node: 991121
formulation: EFP