instance: treeA.250.50
obj: 53.0
bound: 53.0
gap: 0.0
time: 1617.6336278915405
preprocess_time: 0.958537
sepa_time: 0.0
node: 231075
formulation: LEFP