instance: treeA.300.45
obj: 61.0
bound: 61.0
gap: 0.0
time: 36.82527184486389
preprocess_time: 0.057443
sepa_time: 6.91344762180085e-310
node: 2093
formulation: LEVFP