instance: treeA.350.70
obj: 73.0
bound: 73.0
gap: 0.0
time: 45.65701103210449
preprocess_time: 0.992192
sepa_time: 0.0
node: 1050
formulation: LEFPAI