instance: treeA.500.50
org_node: 500
org_edge: 549
org_min_len: 1.0016814828161797
org_avg_len: 1.4947777880383006
org_max_len: 1.9980070812005684
dtf_node: 500
dtf_edge: 549
dtf_min_len: 1.0016814828161797
dtf_avg_len: 1.4947777880383006
dtf_max_len: 1.9980070812005684
sdb_node: 500
sdb_edge: 549
sdb_min_len: 1.0016814828161797
sdb_avg_len: 1.4947777880383006
sdb_max_len: 1.9980070812005684
dlt: 2.9895555760766013
formulation: None