instance: treeA.200.20
obj: 432.0
bound: 387.0
gap: 0.10416666666666667
time: 7199.725825071335
preprocess_time: 0.28031
sepa_time: 0.0
node: 1463785
formulation: EFP