instance: treeA.300.30
org_node: 300
org_edge: 329
org_min_len: 1.0093819165253715
org_avg_len: 1.5195885544606715
org_max_len: 1.997806990662844
dtf_node: 190
dtf_edge: 219
dtf_min_len: 1.013231797175639
dtf_avg_len: 2.282852211952333
dtf_max_len: 10.68450082426624
sdb_node: 1402
sdb_edge: 1431
sdb_min_len: 0.28600546684061845
sdb_avg_len: 0.3493673196488921
sdb_max_len: 0.379232808974621
dlt: 0.3798971386151679
formulation: None