instance: treeA.400.40
obj: 91.0
bound: 90.00000000000014
gap: 0.010989010989009427
time: 7198.186806917191
preprocess_time: 1.825412
sepa_time: 0.0
node: 970716
formulation: LEFPAD