instance: treeA.150.15
obj: 322.0
bound: 322.0
gap: 0.0
time: 63.830612897872925
preprocess_time: 0.94158
sepa_time: 0.0
node: 97795
formulation: LEFPA