instance: treeA.400.60
obj: 885.0
bound: 882.0
gap: 0.003389830508474576
time: 7199.945030927658
preprocess_time: 0.057981
sepa_time: 0.0
node: 2695771
formulation: LEVFP