instance: treeA.300.45
obj: 62.0
bound: 62.0
gap: 0.0
time: 4490.826529979706
preprocess_time: 1.702981
sepa_time: 0.0
node: 414320
formulation: LEFPAI