instance: treeA.200.10
obj: 44.0
bound: 44.0
gap: 0.0
time: 1.43477201461792
preprocess_time: 1.259437
sepa_time: 0.0
node: 328
formulation: LEFPAD