instance: treeA.700.70
obj: 1527.0
bound: 1348.0
gap: 0.11722331368696791
time: 7196.320717096329
preprocess_time: 3.730078
sepa_time: 0.0
node: 142550
formulation: EFP