instance: treeA.400.20
obj: 834.0
bound: 834.0
gap: 0.0
time: 5.689858913421631
preprocess_time: 1.774412
sepa_time: 1.3842199804211988e13
node: 839
formulation: LEFPAV