instance: treeA.200.20
obj: 430.0
bound: 430.0
gap: 0.0
time: 17.64740300178528
preprocess_time: 0.956868
sepa_time: 0.0
node: 10776
formulation: LEFP