instance: treeA.700.70
obj: 1511.0
bound: 1507.0
gap: 0.0026472534745201853
time: 7198.09206700325
preprocess_time: 1.90932
sepa_time: 0.0
node: 2032179
formulation: LEFPAI