instance: treeA.700.70
obj: 1010.0
bound: 1010.0
gap: 0.0
time: 0.008418083190917969
preprocess_time: 1.508872
sepa_time: 0.0
node: 0
formulation: LEFPA