instance: treeA.600.90
obj: 122.0
bound: 118.0
gap: 0.03278688524590164
time: 7198.440660953522
preprocess_time: 1.565264
sepa_time: 0.0
node: 906941
formulation: LEFPA