instance: treeA.250.37
obj: 554.0
bound: 554.0
gap: 0.0
time: 1963.174686908722
preprocess_time: 0.972323
sepa_time: 4.611384262615581e12
node: 1348177
formulation: LEFPAV