instance: treeA.200.30
obj: 49.0
bound: 49.0
gap: 0.0
time: 3.8346049785614014
preprocess_time: 1.022017
sepa_time: 6.916001062531327e13
node: 775
formulation: LEFPAV