instance: treeA.200.20
obj: 54.0
bound: 54.0
gap: 0.0
time: 3.460294008255005
preprocess_time: 1.744813
sepa_time: 0.0
node: 714
formulation: LEFPAI