instance: treeA.400.40
obj: 870.0
bound: 771.0
gap: 0.11379310344827587
time: 7198.586811065674
preprocess_time: 1.43517
sepa_time: 0.0
node: 593956
formulation: EFP