instance: treeA.100.20
obj: 19.0
bound: 19.0
gap: 0.0
time: 1.327944040298462
preprocess_time: 1.029598
sepa_time: 0.0
node: 1
formulation: LEFPAD