instance: treeA.150.30
obj: 29.0
bound: 29.0
gap: 0.0
time: 3458.9964048862457
preprocess_time: 0.028375
sepa_time: 0.0
node: 6661
formulation: EF