instance: treeA.600.90
obj: 1337.0
bound: 1332.0
gap: 0.0037397157816005983
time: 7198.678780794144
preprocess_time: 1.326201
sepa_time: 0.0
node: 3058192
formulation: LEFP