instance: treeA.400.20
obj: 95.0
bound: 95.0
gap: 0.0
time: 2.7931160926818848
preprocess_time: 0.05814
sepa_time: 0.0
node: 105
formulation: LEVFP