instance: treeA.700.105
obj: 143.0
bound: 136.0
gap: 0.04895104895104895
time: 7198.571640014648
preprocess_time: 1.445577
sepa_time: 0.0
node: 340686
formulation: LEFP