instance: treeA.200.30
obj: 452.0
bound: 400.0
gap: 0.11504424778761062
time: 7199.666231870651
preprocess_time: 0.340044
sepa_time: 0.0
node: 1628796
formulation: EFP