instance: treeA.250.50
obj: 575.0
bound: 575.0
gap: 0.0
time: 3908.195508956909
preprocess_time: 1.329249
sepa_time: 0.0
node: 1824329
formulation: LEFPA