instance: treeA.500.75
obj: 1116.0
bound: 1108.0
gap: 0.007168458781362007
time: 7198.258390903473
preprocess_time: 1.74269
sepa_time: 0.0
node: 1550172
formulation: LEFPAI