instance: treeA.500.50
obj: 754.0
bound: 754.0
gap: 0.0
time: 0.006654977798461914
preprocess_time: 1.790623
sepa_time: 0.0
node: 0
formulation: LEFPAV