instance: treeA.200.30
obj: 47.0
bound: 47.0
gap: 0.0
time: 17.439456939697266
preprocess_time: 0.035641
sepa_time: 0.0
node: 2538
formulation: EFP