instance: treeA.350.70
obj: 73.0
bound: 73.0
gap: 0.0
time: 12.389678955078125
preprocess_time: 1.093376
sepa_time: 1.3859206349131261e14
node: 640
formulation: LEFPAV