instance: treeA.300.45
obj: 664.0
bound: 662.0000000000016
gap: 0.0030120481927686875
time: 7199.011126995087
preprocess_time: 0.991945
sepa_time: 0.0
node: 3196795
formulation: LEFPA