instance: treeA.200.40
obj: 40.0
bound: 40.0
gap: 0.0
time: 4021.8701918125153
preprocess_time: 0.891221
sepa_time: 0.0
node: 838570
formulation: LEFP