instance: treeA.400.40
obj: 857.0
bound: 855.0
gap: 0.002333722287047841
time: 7198.730899095535
preprocess_time: 1.271787
sepa_time: 0.0
node: 3490154
formulation: LEFP