instance: treeA.500.75
obj: 711.0
bound: 711.0
gap: 0.0
time: 0.022001981735229492
preprocess_time: 1.215654
sepa_time: 0.0
node: 0
formulation: LEFPAD