instance: treeA.300.45
obj: 77.0
bound: 76.00000000000014
gap: 0.012987012987011142
time: 7198.6460971832275
preprocess_time: 1.360747
sepa_time: 1.8892606045187653e14
node: 1061534
formulation: LEFPAV