instance: treeA.300.45
obj: 675.0
bound: 607.0
gap: 0.10074074074074074
time: 7199.023729801178
preprocess_time: 0.991653
sepa_time: 0.0
node: 777771
formulation: EFP