instance: treeA.400.60
obj: 110.0
bound: 110.0
gap: 0.0
time: 148.56260895729065
preprocess_time: 1.976596
sepa_time: 2.0249865168560588e14
node: 19721
formulation: LEFPAV