instance: treeA.700.105
obj: 167.0
bound: 163.0
gap: 0.023952095808383235
time: 7198.39783000946
preprocess_time: 1.613752
sepa_time: 2.2609346581654562e14
node: 631953
formulation: LEFPAV