instance: treeA.700.105
obj: 142.0
bound: 141.0
gap: 0.007042253521126761
time: 7199.7828159332275
preprocess_time: 0.229842
sepa_time: 0.0
node: 436358
formulation: EFP