instance: treeA.700.70
obj: 182.0
bound: 179.0
gap: 0.016483516483516484
time: 7198.021826028824
preprocess_time: 1.986139
sepa_time: 2.1664117886899153e14
node: 752185
formulation: LEFPAV