instance: treeA.350.70
org_node: 350
org_edge: 419
org_min_len: 1.0025858535825818
org_avg_len: 1.5118856669549263
org_max_len: 1.9903138698624758
dtf_node: 239
dtf_edge: 308
dtf_min_len: 1.0025858535825818
dtf_avg_len: 2.05675355342245
dtf_max_len: 5.769902101238018
sdb_node: 1750
sdb_edge: 1819
sdb_min_len: 0.2842940111088311
sdb_avg_len: 0.3482573361484978
sdb_max_len: 0.3779161438656379
dlt: 0.3779714167387316
formulation: None