instance: treeA.200.30
obj: 448.0
bound: 447.0
gap: 0.002232142857142857
time: 7198.271638870239
preprocess_time: 1.730025
sepa_time: 0.0
node: 3974675
formulation: LEFPAI