instance: treeA.300.60
obj: 693.0
bound: 689.0
gap: 0.005772005772005772
time: 7199.009525060654
preprocess_time: 0.992412
sepa_time: 0.0
node: 359710
formulation: LEFPAD