instance: treeA.100.20
obj: 229.0
bound: 229.0
gap: 0.0
time: 42.64982604980469
preprocess_time: 0.951898
sepa_time: 0.0
node: 12796
formulation: LEFPAD