instance: treeA.100.15
obj: 221.0
bound: 221.0
gap: 0.0
time: 56.50560998916626
preprocess_time: 0.026603
sepa_time: 0.0
node: 68916
formulation: LEVFP