instance: treeA.400.60
obj: 91.0
bound: 91.0
gap: 0.0
time: 52.80061388015747
preprocess_time: 1.744416
sepa_time: 1.8446116098380922e14
node: 2769
formulation: LEFPAV