instance: treeA.250.25
obj: 57.0
bound: 57.0
gap: 0.0
time: 0.30854201316833496
preprocess_time: 0.981945
sepa_time: 0.0
node: 1
formulation: LEFPA