instance: treeA.250.50
obj: 575.0
bound: 575.0
gap: 0.0
time: 5528.066285848618
preprocess_time: 1.356217
sepa_time: 0.0
node: 2279771
formulation: LEFPAI