instance: treeA.150.30
org_node: 150
org_edge: 179
org_min_len: 1.0061677407627583
org_avg_len: 1.5194847601406305
org_max_len: 1.991478610793995
dtf_node: 150
dtf_edge: 179
dtf_min_len: 1.0061677407627583
dtf_avg_len: 1.5194847601406305
dtf_max_len: 1.991478610793995
sdb_node: 150
sdb_edge: 179
sdb_min_len: 1.0061677407627583
sdb_avg_len: 1.5194847601406305
sdb_max_len: 1.991478610793995
dlt: 3.038969520281261
formulation: None