instance: treeA.500.25
obj: 1044.0
bound: 1043.0
gap: 0.0009578544061302681
time: 7198.302426099777
preprocess_time: 1.70198
sepa_time: 0.0
node: 1195142
formulation: LEFPAD