instance: treeA.150.22
obj: 332.0
bound: 332.0
gap: 0.0
time: 132.7654149532318
preprocess_time: 0.979852
sepa_time: 0.0
node: 86172
formulation: LEFPAD