instance: treeA.400.60
obj: 87.0
bound: 87.0
gap: 0.0
time: 702.6555831432343
preprocess_time: 0.074594
sepa_time: 0.0
node: 49013
formulation: EFP