instance: treeA.350.35
obj: 751.0
bound: 751.0
gap: 0.0
time: 156.30273604393005
preprocess_time: 1.454873
sepa_time: 0.0
node: 23193
formulation: LEFPAD