instance: treeA.400.20
obj: 831.0
bound: 831.0
gap: 0.0
time: 19.74501609802246
preprocess_time: 1.258696
sepa_time: 0.0
node: 10417
formulation: LEFP