instance: treeA.350.35
obj: 76.0
bound: 76.0
gap: 0.0
time: 1.430586814880371
preprocess_time: 0.049127
sepa_time: 0.0
node: 1
formulation: EFP