instance: treeA.600.90
obj: 1345.0
bound: 1337.0
gap: 0.005947955390334572
time: 7198.070180892944
preprocess_time: 1.931016
sepa_time: 0.0
node: 2439474
formulation: LEFPAI