instance: treeA.300.60
obj: 58.0
bound: 58.0
gap: 0.0
time: 19.60124707221985
preprocess_time: 0.044399
sepa_time: 0.0
node: 1040
formulation: EFP