instance: treeA.150.15
obj: 32.0
bound: 32.0
gap: 0.0
time: 2.3945729732513428
preprocess_time: 1.424012
sepa_time: 0.0
node: 1559
formulation: LEFPAD