instance: treeA.200.20
obj: 292.0
bound: 292.0
gap: 0.0
time: 0.0035288333892822266
preprocess_time: 1.891947
sepa_time: 0.0
node: 0
formulation: LEFPA