instance: treeA.100.20
obj: 19.0
bound: 19.0
gap: 0.0
time: 2.533910036087036
preprocess_time: 1.022613
sepa_time: 0.0
node: 440
formulation: LEFPAI