instance: treeA.200.30
obj: 298.0
bound: 298.0
gap: 0.0
time: 0.003738880157470703
preprocess_time: 1.761125
sepa_time: 0.0
node: 0
formulation: LEFPAV