instance: treeA.200.20
obj: 43.0
bound: 43.0
gap: 0.0
time: 1.836176872253418
preprocess_time: 1.339807
sepa_time: 0.0
node: 1
formulation: LEFPAD