instance: treeA.700.105
obj: 168.0
bound: 162.0
gap: 0.03571428571428571
time: 7198.443068027496
preprocess_time: 1.564214
sepa_time: 0.0
node: 568324
formulation: LEFPA