instance: treeA.200.20
obj: 54.0
bound: 54.0
gap: 0.0
time: 3.8189830780029297
preprocess_time: 1.752572
sepa_time: 4.611671482540151e13
node: 847
formulation: LEFPAV