instance: treeA.200.20
org_node: 200
org_edge: 219
org_min_len: 1.0017090125907822
org_avg_len: 1.5311060392798588
org_max_len: 1.9969189032345847
dtf_node: 131
dtf_edge: 150
dtf_min_len: 1.0017090125907822
dtf_avg_len: 2.235414817348595
dtf_max_len: 7.6882668062907875
sdb_node: 930
sdb_edge: 949
sdb_min_len: 0.2885988070784294
sdb_avg_len: 0.35333216291073677
sdb_max_len: 0.3825890905703342
dlt: 0.3827765098199647
formulation: None