instance: treeA.600.30
obj: 129.0
bound: 128.0000000000004
gap: 0.00775193798449304
time: 7198.067349910736
preprocess_time: 1.938621
sepa_time: 5.535494966530394e13
node: 2221284
formulation: LEFPAV