instance: treeA.200.40
org_node: 200
org_edge: 239
org_min_len: 1.001359481756399
org_avg_len: 1.4864518556343114
org_max_len: 1.9958758384861246
dtf_node: 200
dtf_edge: 239
dtf_min_len: 1.001359481756399
dtf_avg_len: 1.4864518556343114
dtf_max_len: 1.9958758384861246
sdb_node: 200
sdb_edge: 239
sdb_min_len: 1.001359481756399
sdb_avg_len: 1.4864518556343114
sdb_max_len: 1.9958758384861246
dlt: 2.9729037112686227
formulation: None