instance: treeA.250.37
obj: 52.0
bound: 52.0
gap: 0.0
time: 35.86113405227661
preprocess_time: 0.037628
sepa_time: 0.0
node: 666
formulation: LEVFP