instance: treeA.300.45
obj: 61.0
bound: 61.0
gap: 0.0
time: 37.079477071762085
preprocess_time: 0.057557
sepa_time: 2.12199579146e-313
node: 2093
formulation: LEVFP