instance: treeA.300.30
obj: 75.0
bound: 75.0
gap: 0.0
time: 149.70919394493103
preprocess_time: 1.350997
sepa_time: 0.0
node: 10341
formulation: LEFPAD