instance: treeA.500.25
obj: 110.0
bound: 109.0000000000002
gap: 0.009090909090907283
time: 7198.741398096085
preprocess_time: 1.272489
sepa_time: 0.0
node: 1537570
formulation: LEFP