instance: treeA.250.25
obj: 537.0
bound: 536.0
gap: 0.00186219739292365
time: 7199.967579841614
preprocess_time: 0.033821
sepa_time: 0.0
node: 5890737
formulation: LEVFP