instance: treeA.500.75
obj: 102.0
bound: 102.0
gap: 0.0
time: 48.4669189453125
preprocess_time: 0.09473
sepa_time: 0.0
node: 660
formulation: EFP