instance: treeA.300.15
obj: 67.0
bound: 67.0
gap: 0.0
time: 2.2213070392608643
preprocess_time: 0.047617
sepa_time: 3.0e-323
node: 1
formulation: LEVFP