instance: treeA.200.20
org_node: 200
org_edge: 219
org_min_len: 1.0017090125907822
org_avg_len: 1.5311060392798588
org_max_len: 1.9969189032345847
dtf_node: 200
dtf_edge: 219
dtf_min_len: 1.0017090125907822
dtf_avg_len: 1.5311060392798588
dtf_max_len: 1.9969189032345847
sdb_node: 200
sdb_edge: 219
sdb_min_len: 1.0017090125907822
sdb_avg_len: 1.5311060392798588
sdb_max_len: 1.9969189032345847
dlt: 3.0622120785597176
formulation: None