instance: treeA.300.45
org_node: 300
org_edge: 344
org_min_len: 1.0084689779420055
org_avg_len: 1.4799521642951448
org_max_len: 1.9943078919075363
dtf_node: 195
dtf_edge: 239
dtf_min_len: 1.0084689779420055
dtf_avg_len: 2.130140353629833
dtf_max_len: 7.482265995213535
sdb_node: 1452
sdb_edge: 1496
sdb_min_len: 0.28204451179662804
sdb_avg_len: 0.34030985596091656
sdb_max_len: 0.3696759356863853
dlt: 0.3699880410737862
formulation: None