instance: treeA.350.35
obj: 751.0
bound: 749.0
gap: 0.002663115845539281
time: 7199.962512969971
preprocess_time: 0.038974
sepa_time: 1.5e-323
node: 5679578
formulation: LEVFP