instance: treeA.200.20
obj: 47.0
bound: 47.0
gap: 0.0
time: 4.148489952087402
preprocess_time: 1.665608
sepa_time: 0.0
node: 802
formulation: LEFPAI