instance: treeA.200.10
obj: 51.0
bound: 51.0
gap: 0.0
time: 13.44729995727539
preprocess_time: 1.741502
sepa_time: 0.0
node: 6929
formulation: LEFPAD