instance: treeA.350.70
obj: 803.0
bound: 794.0
gap: 0.0112079701120797
time: 7198.656182050705
preprocess_time: 1.345237
sepa_time: 0.0
node: 1948718
formulation: LEFPAI