instance: treeA.250.50
obj: 53.0
bound: 53.0
gap: 0.0
time: 4911.012177944183
preprocess_time: 1.325112
sepa_time: 0.0
node: 404815
formulation: LEFPAD