instance: treeA.500.75
obj: 105.0
bound: 103.0
gap: 0.01904761904761905
time: 7198.213418006897
preprocess_time: 1.797332
sepa_time: 0.0
node: 193050
formulation: LEFPAD