instance: treeA.350.52
org_node: 350
org_edge: 401
org_min_len: 1.0037876657794107
org_avg_len: 1.5012552578291218
org_max_len: 1.9971357642121852
dtf_node: 350
dtf_edge: 401
dtf_min_len: 1.0037876657794107
dtf_avg_len: 1.5012552578291218
dtf_max_len: 1.9971357642121852
sdb_node: 350
sdb_edge: 401
sdb_min_len: 1.0037876657794107
sdb_avg_len: 1.5012552578291218
sdb_max_len: 1.9971357642121852
dlt: 3.0025105156582437
formulation: None