instance: treeA.300.45
obj: 667.0
bound: 666.0000000000006
gap: 0.0014992503748117415
time: 7198.747406005859
preprocess_time: 1.254981
sepa_time: 0.0
node: 3581459
formulation: LEFP