instance: treeA.700.70
obj: 1010.0
bound: 1010.0
gap: 0.0
time: 0.06256985664367676
preprocess_time: 1.444595
sepa_time: 0.0
node: 0
formulation: LEFPAD