instance: treeA.300.60
obj: 693.0
bound: 692.0000000000008
gap: 0.0014430014430002946
time: 7198.682812929153
preprocess_time: 1.317767
sepa_time: 0.0
node: 4067290
formulation: LEFPAI