instance: treeA.600.30
obj: 143.0
bound: 143.0
gap: 0.0
time: 15.516407012939453
preprocess_time: 1.535251
sepa_time: 0.0
node: 3022
formulation: LEFPAI