instance: treeA.250.37
obj: 52.0
bound: 52.0
gap: 0.0
time: 33.9888060092926
preprocess_time: 0.982938
sepa_time: 0.0
node: 1046
formulation: LEFP