instance: treeA.200.20
obj: 429.0
bound: 429.0
gap: 0.0
time: 182.22167897224426
preprocess_time: 0.905425
sepa_time: 0.0
node: 153895
formulation: LEFP