instance: treeA.200.40
obj: 40.0
bound: 40.0
gap: 0.0
time: 266.1476249694824
preprocess_time: 1.339748
sepa_time: 0.0
node: 13242
formulation: LEFPAD