instance: treeA.600.30
obj: 1240.0
bound: 1240.0
gap: 0.0
time: 56.110809087753296
preprocess_time: 0.08551
sepa_time: 5.0e-324
node: 11265
formulation: LEVFP