instance: treeA.400.40
obj: 857.0
bound: 855.0
gap: 0.002333722287047841
time: 7198.7589638233185
preprocess_time: 1.245755
sepa_time: 0.0
node: 3434588
formulation: LEFP