instance: treeA.200.30
obj: 298.0
bound: 298.0
gap: 0.0
time: 0.003787994384765625
preprocess_time: 1.023522
sepa_time: 0.0
node: 0
formulation: LEFPAI