instance: treeA.300.45
obj: 664.0
bound: 662.0
gap: 0.0030120481927710845
time: 7199.962342977524
preprocess_time: 0.039299
sepa_time: 0.0
node: 2417253
formulation: LEVFP