instance: treeA.150.30
obj: 344.0
bound: 344.0
gap: 0.0
time: 2031.0142300128937
preprocess_time: 0.951411
sepa_time: 0.0
node: 1177475
formulation: LEFPA