instance: treeA.300.45
obj: 63.0
bound: 63.0
gap: 0.0
time: 10.0832359790802
preprocess_time: 1.079721
sepa_time: 0.0
node: 928
formulation: LEFPA