instance: treeA.300.60
obj: 58.0
bound: 58.0
gap: 0.0
time: 19.359323024749756
preprocess_time: 1.330621
sepa_time: 0.0
node: 896
formulation: LEFPAI