instance: treeA.300.30
obj: 644.0
bound: 643.0
gap: 0.0015527950310559005
time: 7199.966428041458
preprocess_time: 0.035432
sepa_time: 5.0e-324
node: 5370639
formulation: LEVFP