instance: treeA.700.105
obj: 142.0
bound: 141.0
gap: 0.007042253521126761
time: 7198.565189123154
preprocess_time: 1.441167
sepa_time: 0.0
node: 851930
formulation: LEFPA