instance: treeA.400.20
obj: 118.0
bound: 118.0
gap: 0.0
time: 22.561877965927124
preprocess_time: 1.374201
sepa_time: 4.62931561363781e12
node: 10244
formulation: LEFPAV