instance: treeA.200.20
obj: 429.0
bound: 429.0
gap: 0.0
time: 77.69408798217773
preprocess_time: 1.396863
sepa_time: 0.0
node: 65713
formulation: LEFPA