instance: treeA.250.25
obj: 537.0
bound: 537.0
gap: 0.0
time: 2220.240545988083
preprocess_time: 1.002071
sepa_time: 0.0
node: 1446099
formulation: LEFPA