instance: treeA.350.70
obj: 803.0
bound: 794.0
gap: 0.0112079701120797
time: 7199.0438940525055
preprocess_time: 0.95819
sepa_time: 0.0
node: 2151511
formulation: LEFP