instance: treeA.400.20
obj: 95.0
bound: 95.0
gap: 0.0
time: 2.583253860473633
preprocess_time: 1.357707
sepa_time: 0.0
node: 117
formulation: LEFP