instance: treeA.350.35
obj: 751.0
bound: 749.0
gap: 0.002663115845539281
time: 7198.98045706749
preprocess_time: 1.021043
sepa_time: 0.0
node: 1135695
formulation: LEFPAD