instance: treeA.700.70
obj: 150.0
bound: 149.0
gap: 0.006666666666666667
time: 7199.803750991821
preprocess_time: 0.218217
sepa_time: 0.0
node: 279182
formulation: LEVFP