instance: treeA.300.15
obj: 67.0
bound: 66.0
gap: 0.014925373134328358
time: 7199.910882949829
preprocess_time: 0.091991
sepa_time: 0.0
node: 2761964
formulation: EFP