instance: treeA.250.25
obj: 538.0
bound: 483.0
gap: 0.10223048327137546
time: 7199.654664039612
preprocess_time: 0.352884
sepa_time: 0.0
node: 993889
formulation: EFP