instance: treeA.250.25
obj: 57.0
bound: 57.0
gap: 0.0
time: 1.8166840076446533
preprocess_time: 1.091882
sepa_time: 0.0
node: 56
formulation: LEFPAD