instance: treeA.300.15
obj: 67.0
bound: 67.0
gap: 0.0
time: 343.17886900901794
preprocess_time: 1.652772
sepa_time: 0.0
node: 203264
formulation: LEFPA