instance: treeA.300.30
obj: 644.0
bound: 642.0000000000005
gap: 0.003105590062111095
time: 7198.967607021332
preprocess_time: 1.034424
sepa_time: 0.0
node: 5649501
formulation: LEFP