instance: treeA.700.70
obj: 150.0
bound: 149.00001114243318
gap: 0.006666592383778796
time: 6795.514612913132
preprocess_time: 0.220151
sepa_time: 1.754e-321
node: 285955
formulation: LEVFP