instance: treeA.600.60
obj: 859.0
bound: 859.0
gap: 0.0
time: 0.010434865951538086
preprocess_time: 1.827687
sepa_time: 0.0
node: 0
formulation: LEFPAI