instance: treeA.600.30
obj: 143.0
bound: 143.0
gap: 0.0
time: 10.205262184143066
preprocess_time: 1.495478
sepa_time: 4.614088369300327e13
node: 656
formulation: LEFPAV