instance: treeA.150.30
obj: 344.0
bound: 344.0
gap: 0.0
time: 255.20729088783264
preprocess_time: 1.049627
sepa_time: 0.0
node: 173280
formulation: LEFPA