instance: treeA.300.30
obj: 64.0
bound: 64.0
gap: 0.0
time: 63.20869493484497
preprocess_time: 0.045954
sepa_time: 0.0
node: 11225
formulation: EFP