instance: treeA.400.60
obj: 110.0
bound: 110.0
gap: 0.0
time: 103.9985499382019
preprocess_time: 1.992563
sepa_time: 0.0
node: 12146
formulation: LEFPAI