instance: treeA.200.40
obj: 460.0
bound: 413.0
gap: 0.10217391304347827
time: 7199.735594034195
preprocess_time: 0.272005
sepa_time: 0.0
node: 1070803
formulation: EFP