instance: treeA.500.25
obj: 111.0
bound: 111.0
gap: 0.0
time: 2.020699977874756
preprocess_time: 1.467548
sepa_time: 0.0
node: 417
formulation: LEFPAI