instance: treeA.500.25
obj: 1042.0
bound: 1041.00002995953
gap: 0.0009596641463244615
time: 3168.4353330135345
preprocess_time: 1.061961
sepa_time: 0.0
node: 2479607
formulation: LEFP