instance: treeA.200.40
obj: 456.0
bound: 456.0
gap: 0.0
time: 3063.029683113098
preprocess_time: 0.950723
sepa_time: 0.0
node: 2017217
formulation: LEFP