instance: treeA.100.10
obj: 214.0
bound: 214.0
gap: 0.0
time: 3.0199339389801025
preprocess_time: 1.028788
sepa_time: 1.844497428519104e13
node: 5491
formulation: LEFPAV