instance: treeA.700.105
obj: 168.0
bound: 162.0
gap: 0.03571428571428571
time: 7198.473128080368
preprocess_time: 1.535561
sepa_time: 0.0
node: 183891
formulation: LEFPAD