instance: treeA.100.20
org_node: 100
org_edge: 119
org_min_len: 1.0035307307842858
org_avg_len: 1.516098886790965
org_max_len: 1.9965160698814017
dtf_node: 73
dtf_edge: 92
dtf_min_len: 1.0146051515124674
dtf_avg_len: 1.961040951392661
dtf_max_len: 6.513524280307172
sdb_node: 506
sdb_edge: 525
sdb_min_len: 0.2878326282869046
sdb_avg_len: 0.3436490810059528
sdb_max_len: 0.37809168798192466
dlt: 0.37902472169774126
formulation: None