instance: treeA.300.30
obj: 427.0
bound: 427.0
gap: 0.0
time: 0.016032934188842773
preprocess_time: 1.294327
sepa_time: 0.0
node: 0
formulation: LEFPAD