instance: treeA.500.25
obj: 1044.0
bound: 1044.0
gap: 0.0
time: 39.33744788169861
preprocess_time: 1.749463
sepa_time: 0.654404
node: 10571
formulation: LEFPAV