instance: treeA.200.20
org_node: 200
org_edge: 219
org_min_len: 1.0009676788769983
org_avg_len: 1.4888936961514
org_max_len: 1.9992277058975603
dtf_node: 200
dtf_edge: 219
dtf_min_len: 1.0009676788769983
dtf_avg_len: 1.4888936961514
dtf_max_len: 1.9992277058975603
sdb_node: 200
sdb_edge: 219
sdb_min_len: 1.0009676788769983
sdb_avg_len: 1.4888936961514
sdb_max_len: 1.9992277058975603
dlt: 2.9777873923028
formulation: None