instance: treeA.150.30
obj: 344.0
bound: 344.0
gap: 0.0
time: 376.0401380062103
preprocess_time: 1.014171
sepa_time: 0.0
node: 241281
formulation: LEFPAI