instance: treeA.400.20
obj: 838.0
bound: 745.0
gap: 0.11097852028639618
time: 7198.677992105484
preprocess_time: 1.343447
sepa_time: 0.0
node: 702437
formulation: EFP