instance: treeA.300.30
obj: 643.0
bound: 643.0
gap: 0.0
time: 28.8333420753479
preprocess_time: 0.03588
sepa_time: 6.91832061548686e-310
node: 10892
formulation: LEVFP