instance: treeA.600.90
obj: 122.0
bound: 118.0
gap: 0.03278688524590164
time: 7198.150290966034
preprocess_time: 1.861425
sepa_time: 1.89309334142142e14
node: 598401
formulation: LEFPAV