instance: treeA.700.70
obj: 1503.0
bound: 1500.0
gap: 0.001996007984031936
time: 7198.649042129517
preprocess_time: 1.355835
sepa_time: 0.0
node: 2258267
formulation: LEFP