instance: treeA.400.60
org_node: 400
org_edge: 459
org_min_len: 1.0004239748113126
org_avg_len: 1.486055734442297
org_max_len: 1.9917912294598787
dtf_node: 400
dtf_edge: 459
dtf_min_len: 1.0004239748113126
dtf_avg_len: 1.486055734442297
dtf_max_len: 1.9917912294598787
sdb_node: 400
sdb_edge: 459
sdb_min_len: 1.0004239748113126
sdb_avg_len: 1.486055734442297
sdb_max_len: 1.9917912294598787
dlt: 2.972111468884594
formulation: None