instance: treeA.200.30
obj: 445.0
bound: 445.0
gap: 0.0
time: 47.890223026275635
preprocess_time: 1.244152
sepa_time: 0.0
node: 16624
formulation: LEFP