instance: treeA.200.30
obj: 447.0
bound: 444.0
gap: 0.006711409395973154
time: 7199.036280155182
preprocess_time: 0.964837
sepa_time: 0.0
node: 1646876
formulation: LEFPAD