instance: treeA.700.105
obj: 167.0
bound: 162.0
gap: 0.029940119760479042
time: 7198.5105810165405
preprocess_time: 1.491466
sepa_time: 0.0
node: 496396
formulation: LEFPAI