instance: treeA.600.30
obj: 143.0
bound: 143.0
gap: 0.0
time: 17.383398056030273
preprocess_time: 1.501349
sepa_time: 0.0
node: 3022
formulation: LEFPAI