instance: treeA.500.50
obj: 1073.0
bound: 1072.0
gap: 0.0009319664492078285
time: 7198.202829122543
preprocess_time: 1.800304
sepa_time: 0.0
node: 3986180
formulation: LEFPA