instance: treeA.400.60
obj: 87.0
bound: 86.0000000000002
gap: 0.011494252873560932
time: 7198.750607013702
preprocess_time: 1.259014
sepa_time: 0.0
node: 1197939
formulation: LEFP