instance: treeA.300.45
obj: 61.0
bound: 61.0
gap: 0.0
time: 25.9535870552063
preprocess_time: 1.249556
sepa_time: 0.0
node: 767
formulation: LEFP