instance: treeA.350.70
obj: 803.0
bound: 798.0
gap: 0.0062266500622665
time: 7199.015815973282
preprocess_time: 0.985758
sepa_time: 0.0
node: 2568630
formulation: LEFPA