instance: treeA.400.60
obj: 885.0
bound: 882.0
gap: 0.003389830508474576
time: 7199.958044052124
preprocess_time: 0.043778
sepa_time: 0.0
node: 2729631
formulation: LEVFP