instance: treeA.600.30
obj: 923.0
bound: 923.0
gap: 0.0
time: 0.00627589225769043
preprocess_time: 1.361869
sepa_time: 0.0
node: 0
formulation: LEFPAV