instance: treeA.400.60
obj: 542.0
bound: 542.0
gap: 0.0
time: 0.02631688117980957
preprocess_time: 1.349771
sepa_time: 0.0
node: 0
formulation: LEFPAD