instance: treeA.600.60
obj: 123.0
bound: 123.0
gap: 0.0
time: 322.84911704063416
preprocess_time: 1.432333
sepa_time: 0.0
node: 10790
formulation: LEFP