instance: treeA.700.105
obj: 968.0
bound: 968.0
gap: 0.0
time: 0.04311013221740723
preprocess_time: 1.450734
sepa_time: 0.0
node: 0
formulation: LEFPAD