instance: treeA.100.10
obj: 214.0
bound: 214.0
gap: 0.0
time: 2.3502328395843506
preprocess_time: 0.956116
sepa_time: 0.0
node: 5206
formulation: LEFPAI