instance: treeA.400.40
obj: 91.0
bound: 91.0
gap: 0.0
time: 3201.946704864502
preprocess_time: 1.948425
sepa_time: 1.2457172667150439e14
node: 928166
formulation: LEFPAV