instance: treeA.350.52
obj: 75.0
bound: 74.0
gap: 0.013333333333333334
time: 7199.062283992767
preprocess_time: 0.941904
sepa_time: 0.0
node: 849715
formulation: LEFP