instance: treeA.600.60
obj: 1284.0
bound: 1281.0
gap: 0.002336448598130841
time: 7198.713487148285
preprocess_time: 1.290495
sepa_time: 0.0
node: 4286494
formulation: LEFP