instance: treeA.300.30
obj: 427.0
bound: 427.0
gap: 0.0
time: 0.004973888397216797
preprocess_time: 1.332425
sepa_time: 0.0
node: 0
formulation: LEFPAV