instance: treeA.200.30
obj: 47.0
bound: 47.0
gap: 0.0
time: 7.05692982673645
preprocess_time: 0.952578
sepa_time: 5.995186556178281e13
node: 915
formulation: LEFPAV