instance: treeA.150.30
obj: 29.0
bound: 29.0
gap: 0.0
time: 10.995922088623047
preprocess_time: 0.959993
sepa_time: 0.0
node: 1001
formulation: LEFPAI