instance: treeA.600.60
obj: 154.0
bound: 154.0
gap: 0.0
time: 367.71987199783325
preprocess_time: 1.525239
sepa_time: 0.0
node: 84852
formulation: LEFPA