instance: treeA.200.30
obj: 447.0
bound: 446.0000000000006
gap: 0.002237136465322986
time: 7198.99574303627
preprocess_time: 1.005424
sepa_time: 0.0
node: 5593543
formulation: LEFPA