instance: treeA.400.40
org_node: 400
org_edge: 439
org_min_len: 1.0013412372696002
org_avg_len: 1.5032291203005066
org_max_len: 1.9992334503948834
dtf_node: 257
dtf_edge: 296
dtf_min_len: 1.0040961847337577
dtf_avg_len: 2.2294512966619
dtf_max_len: 7.553854558324618
sdb_node: 1859
sdb_edge: 1898
sdb_min_len: 0.2831124419190939
sdb_avg_len: 0.3476910346743554
sdb_max_len: 0.3754609159324098
dlt: 0.37580728007512665
formulation: None