instance: treeA.250.50
obj: 575.0
bound: 571.0
gap: 0.006956521739130435
time: 7199.968698978424
preprocess_time: 0.032925
sepa_time: 2.96e-322
node: 2763680
formulation: LEVFP