instance: treeA.400.20
obj: 118.0
bound: 118.0
gap: 0.0
time: 45.94855284690857
preprocess_time: 1.790879
sepa_time: 0.0
node: 21602
formulation: LEFPAI