instance: treeA.300.45
obj: 63.0
bound: 63.0
gap: 0.0
time: 14.645337104797363
preprocess_time: 0.043218
sepa_time: 0.0
node: 773
formulation: EFP