instance: treeA.200.20
obj: 429.0
bound: 429.0
gap: 0.0
time: 3125.010034799576
preprocess_time: 0.030391
sepa_time: 6.9130398016984e-310
node: 2389683
formulation: LEVFP