instance: treeA.700.70
obj: 182.0
bound: 178.0
gap: 0.02197802197802198
time: 7198.458123922348
preprocess_time: 1.551463
sepa_time: 0.0
node: 959707
formulation: LEFPA