instance: treeA.700.105
obj: 142.0
bound: 136.0
gap: 0.04225352112676056
time: 7197.9080328941345
preprocess_time: 2.108633
sepa_time: 0.0
node: 159034
formulation: LEFPAD