instance: treeA.150.30
obj: 344.0
bound: 344.0
gap: 0.0
time: 1434.2610709667206
preprocess_time: 1.390933
sepa_time: 0.0
node: 284711
formulation: LEFPAD