instance: treeA.250.25
obj: 57.0
bound: 57.0
gap: 0.0
time: 0.8459219932556152
preprocess_time: 0.965626
sepa_time: 3.68672899507206e13
node: 1
formulation: LEFPAV