instance: treeA.700.35
obj: 193.0
bound: 192.00000335736357
gap: 0.005181329754592914
time: 1604.405151128769
preprocess_time: 1.964065
sepa_time: 0.0
node: 184869
formulation: LEFPAD