instance: treeA.100.20
obj: 229.0
bound: 229.0
gap: 0.0
time: 10.7774498462677
preprocess_time: 0.029056
sepa_time: 8.0e-323
node: 13471
formulation: LEVFP