instance: treeA.500.25
obj: 110.0
bound: 110.0
gap: 0.0
time: 5.401896953582764
preprocess_time: 0.087959
sepa_time: 6.8991966268595e-310
node: 192
formulation: LEVFP