instance: treeA.600.30
obj: 142.99999979510983
bound: 142.99999979510983
gap: 0.0
time: 19.201820850372314
preprocess_time: 1.504384
sepa_time: 0.0
node: 761
formulation: LEFPAD