instance: treeA.500.75
obj: 1116.0
bound: 1108.0
gap: 0.007168458781362007
time: 7198.286844968796
preprocess_time: 1.71634
sepa_time: 1.3842199804212121e13
node: 1874998
formulation: LEFPAV