instance: treeA.400.40
obj: 91.0
bound: 89.00000000000011
gap: 0.021978021978020727
time: 7198.7550230026245
preprocess_time: 1.252421
sepa_time: 0.0
node: 1429910
formulation: LEFP