instance: treeA.300.45
obj: 63.0
bound: 63.0
gap: 0.0
time: 7.214498043060303
preprocess_time: 0.969098
sepa_time: 1.0139030121865934e14
node: 1976
formulation: LEFPAV