instance: treeA.300.45
obj: 675.0
bound: 607.0
gap: 0.10074074074074074
time: 7199.080890893936
preprocess_time: 0.939275
sepa_time: 0.0
node: 794567
formulation: EFP