instance: treeA.150.15
obj: 322.0
bound: 322.0
gap: 0.0
time: 572.3438880443573
preprocess_time: 0.029309
sepa_time: 0.0
node: 715197
formulation: LEVFP