instance: treeA.200.40
obj: 456.0
bound: 455.0
gap: 0.0021929824561403508
time: 7199.024986982346
preprocess_time: 0.976295
sepa_time: 0.0
node: 752896
formulation: LEFPAD