instance: treeA.600.60
obj: 123.0
bound: 123.0
gap: 0.0
time: 6864.851879119873
preprocess_time: 0.181886
sepa_time: 0.0
node: 625334
formulation: EFP