instance: treeA.150.15
obj: 322.0
bound: 322.0
gap: 0.0
time: 157.3968460559845
preprocess_time: 0.965403
sepa_time: 0.0
node: 105543
formulation: LEFPAD