instance: treeA.200.30
org_node: 200
org_edge: 229
org_min_len: 1.0056894516948733
org_avg_len: 1.508297118436235
org_max_len: 1.989306290380763
dtf_node: 131
dtf_edge: 160
dtf_min_len: 1.0056894516948733
dtf_avg_len: 2.1587502507618614
dtf_max_len: 7.136022790657315
sdb_node: 969
sdb_edge: 998
sdb_min_len: 0.28672168400170384
sdb_avg_len: 0.34609222457104094
sdb_max_len: 0.3769368430310911
dlt: 0.37707427960905876
formulation: None