instance: treeA.500.50
obj: 139.0
bound: 138.00000296973434
gap: 0.007194223239321299
time: 2639.295464992523
preprocess_time: 1.366043
sepa_time: 0.0
node: 268876
formulation: LEFPAD