instance: treeA.150.30
obj: 29.0
bound: 29.0
gap: 0.0
time: 22.899307012557983
preprocess_time: 1.074505
sepa_time: 0.0
node: 786
formulation: LEFPAD