instance: treeA.350.35
obj: 76.0
bound: 76.0
gap: 0.0
time: 3.398437976837158
preprocess_time: 0.0519
sepa_time: 6.9166460061199e-310
node: 1
formulation: LEVFP