instance: treeA.100.20
obj: 229.0
bound: 229.0
gap: 0.0
time: 1.4364969730377197
preprocess_time: 1.107442
sepa_time: 1.3842199804211836e13
node: 846
formulation: LEFPAV