instance: treeA.100.10
obj: 21.0
bound: 21.0
gap: 0.0
time: 0.6093118190765381
preprocess_time: 1.069426
sepa_time: 0.0
node: 56
formulation: LEFPAD