instance: treeA.150.30
obj: 344.0
bound: 342.0
gap: 0.005813953488372093
time: 7199.051692008972
preprocess_time: 0.949261
sepa_time: 0.0
node: 993007
formulation: LEFPAD