instance: treeA.600.90
obj: 116.0
bound: 112.0
gap: 0.034482758620689655
time: 7198.636043071747
preprocess_time: 1.374725
sepa_time: 0.0
node: 516145
formulation: LEFP