instance: treeA.400.60
obj: 87.0
bound: 87.0
gap: 0.0
time: 5.5667150020599365
preprocess_time: 0.070234
sepa_time: 0.0
node: 1
formulation: LEVFP