instance: treeA.300.15
obj: 617.0
bound: 617.0
gap: 0.0
time: 1.887631893157959
preprocess_time: 0.956674
sepa_time: 0.0
node: 715
formulation: LEFP