instance: treeA.400.20
obj: 96.0
bound: 96.0
gap: 0.0
time: 1172.4584810733795
preprocess_time: 1.882192
sepa_time: 0.0
node: 202174
formulation: LEFPAD