instance: treeA.300.30
obj: 64.0
bound: 64.0
gap: 0.0
time: 3.811912775039673
preprocess_time: 1.048158
sepa_time: 0.0
node: 356
formulation: LEFPAD