instance: treeA.300.60
org_node: 300
org_edge: 359
org_min_len: 1.0019452553201629
org_avg_len: 1.4960515160999106
org_max_len: 1.9958269173130143
dtf_node: 300
dtf_edge: 359
dtf_min_len: 1.0019452553201629
dtf_avg_len: 1.4960515160999106
dtf_max_len: 1.9958269173130143
sdb_node: 300
sdb_edge: 359
sdb_min_len: 1.0019452553201629
sdb_avg_len: 1.4960515160999106
sdb_max_len: 1.9958269173130143
dlt: 2.992103032199821
formulation: None