instance: treeA.100.20
obj: 19.0
bound: 19.0
gap: 0.0
time: 0.514301061630249
preprocess_time: 1.022288
sepa_time: 0.0
node: 1
formulation: LEFPA