instance: treeA.600.30
obj: 126.0
bound: 126.0
gap: 0.0
time: 222.32667589187622
preprocess_time: 1.354766
sepa_time: 0.0
node: 11517
formulation: LEFP