instance: treeA.500.75
obj: 1111.0
bound: 1104.0
gap: 0.0063006300630063005
time: 7199.928227901459
preprocess_time: 0.075693
sepa_time: 0.0
node: 2136425
formulation: LEVFP