instance: treeA.250.37
obj: 554.0
bound: 553.0000000000005
gap: 0.0018050541516237278
time: 7198.689538002014
preprocess_time: 1.311288
sepa_time: 0.0
node: 4530807
formulation: LEFPAI