instance: treeA.100.20
obj: 229.0
bound: 229.0
gap: 0.0
time: 7.956237077713013
preprocess_time: 0.902399
sepa_time: 0.0
node: 11290
formulation: LEFP