instance: treeA.300.30
obj: 63.0
bound: 63.0
gap: 0.0
time: 987.9768290519714
preprocess_time: 1.854079
sepa_time: 0.0
node: 320326
formulation: LEFPAI