instance: treeA.100.10
obj: 214.0
bound: 214.0
gap: 0.0
time: 1.7719860076904297
preprocess_time: 0.999908
sepa_time: 0.0
node: 3827
formulation: LEFPA