instance: treeA.200.30
obj: 447.0
bound: 447.0
gap: 0.0
time: 1249.3319947719574
preprocess_time: 0.919017
sepa_time: 0.0
node: 1057948
formulation: LEFP