instance: treeA.500.25
obj: 1042.0
bound: 1041.0
gap: 0.0009596928982725527
time: 7199.9315729141235
preprocess_time: 0.071587
sepa_time: 5.0e-324
node: 5988162
formulation: LEVFP