instance: treeA.100.10
obj: 216.0
bound: 200.0
gap: 0.07407407407407407
time: 7199.939026832581
preprocess_time: 0.064467
sepa_time: 0.0
node: 2609107
formulation: EFP