instance: treeA.350.52
obj: 75.0
bound: 74.0
gap: 0.013333333333333334
time: 7199.95481300354
preprocess_time: 0.050209
sepa_time: 0.0
node: 932962
formulation: EFP