instance: treeA.150.15
obj: 32.0
bound: 32.0
gap: 0.0
time: 12.160594940185547
preprocess_time: 0.028543
sepa_time: 0.0
node: 4788
formulation: LEVFP