instance: treeA.700.105
obj: 1563.0
bound: 1539.0
gap: 0.015355086372360844
time: 7198.151870965958
preprocess_time: 1.853065
sepa_time: 0.0
node: 144573
formulation: LEFPAD