instance: treeA.600.60
obj: 154.0
bound: 154.0
gap: 0.0
time: 61.325440883636475
preprocess_time: 2.05811
sepa_time: 0.0
node: 7227
formulation: LEFPAI