instance: treeA.600.90
obj: 133.0
bound: 130.0
gap: 0.022556390977443608
time: 7198.459690093994
preprocess_time: 1.543627
sepa_time: 0.0
node: 955876
formulation: LEFPAI