instance: treeA.400.20
obj: 834.0
bound: 834.0
gap: 0.0
time: 54.57998991012573
preprocess_time: 1.708068
sepa_time: 0.0
node: 32623
formulation: LEFPAI