instance: treeA.200.20
obj: 292.0
bound: 292.0
gap: 0.0
time: 0.00345611572265625
preprocess_time: 1.806926
sepa_time: 0.0
node: 0
formulation: LEFPAV