instance: treeA.500.75
obj: 104.0
bound: 104.0
gap: 0.0
time: 6019.437340021133
preprocess_time: 1.842941
sepa_time: 0.0
node: 134352
formulation: LEFPAD