instance: treeA.600.90
obj: 122.0
bound: 121.00000000000018
gap: 0.008196721311473896
time: 7198.481836080551
preprocess_time: 1.525466
sepa_time: 0.0
node: 1210766
formulation: LEFPA