instance: treeA.200.30
obj: 445.0
bound: 445.0
gap: 0.0
time: 42.376084089279175
preprocess_time: 0.945356
sepa_time: 0.0
node: 16624
formulation: LEFP