instance: treeA.100.20
obj: 19.0
bound: 19.0
gap: 0.0
time: 103.3657329082489
preprocess_time: 0.018536
sepa_time: 4.0e-323
node: 1
formulation: EF