instance: treeA.300.45
obj: 62.0
bound: 62.0
gap: 0.0
time: 437.2116708755493
preprocess_time: 1.955391
sepa_time: 0.0
node: 24939
formulation: LEFPA