instance: treeA.600.60
obj: 131.0
bound: 128.0
gap: 0.022900763358778626
time: 7198.154907941818
preprocess_time: 1.855866
sepa_time: 0.0
node: 191283
formulation: LEFPAD