instance: treeA.250.37
obj: 52.0
bound: 52.0
gap: 0.0
time: 48.50598192214966
preprocess_time: 1.099862
sepa_time: 0.0
node: 1342
formulation: LEFPAD