instance: treeA.400.40
obj: 91.0
bound: 91.0
gap: 0.0
time: 13.33153486251831
preprocess_time: 0.053963
sepa_time: 0.0
node: 933
formulation: EFP