instance: treeA.700.105
obj: 1583.0
bound: 1391.0
gap: 0.12128869235628553
time: 7195.6236090660095
preprocess_time: 4.413359
sepa_time: 0.0
node: 138072
formulation: EFP