instance: treeA.300.60
obj: 693.0
bound: 692.0000000000007
gap: 0.0014430014430004588
time: 7199.043599128723
preprocess_time: 0.957738
sepa_time: 0.0
node: 2881837
formulation: LEFP