instance: treeA.250.37
obj: 52.0
bound: 52.0
gap: 0.0
time: 9.858377933502197
preprocess_time: 1.314429
sepa_time: 0.0
node: 630
formulation: LEFPAI