instance: treeA.250.37
obj: 554.0
bound: 548.0
gap: 0.010830324909747292
time: 7198.979417085648
preprocess_time: 1.021858
sepa_time: 0.0
node: 665370
formulation: LEFPAD