instance: treeA.200.20
obj: 429.0
bound: 429.0
gap: 0.0
time: 6517.842918872833
preprocess_time: 0.985539
sepa_time: 0.0
node: 1559964
formulation: LEFPAD