instance: treeA.100.15
org_node: 100
org_edge: 114
org_min_len: 1.0059284585406076
org_avg_len: 1.5189041477948475
org_max_len: 1.998874399795437
dtf_node: 100
dtf_edge: 114
dtf_min_len: 1.0059284585406076
dtf_avg_len: 1.5189041477948475
dtf_max_len: 1.998874399795437
sdb_node: 100
sdb_edge: 114
sdb_min_len: 1.0059284585406076
sdb_avg_len: 1.5189041477948475
sdb_max_len: 1.998874399795437
dlt: 3.037808295589695
formulation: None