instance: treeA.150.22
obj: 332.0
bound: 331.0000000000004
gap: 0.003012048192769886
time: 7199.974977016449
preprocess_time: 0.028516
sepa_time: 0.0
node: 5288115
formulation: LEVFP