instance: treeA.250.25
obj: 537.0
bound: 537.0
gap: 0.0
time: 4290.289005994797
preprocess_time: 0.919157
sepa_time: 0.0
node: 3211688
formulation: LEFP