instance: treeA.200.40
obj: 40.0
bound: 40.0
gap: 0.0
time: 402.29030108451843
preprocess_time: 1.02608
sepa_time: 0.0
node: 103358
formulation: LEFPAI