instance: treeA.300.30
obj: 64.0
bound: 64.0
gap: 0.0
time: 1.3623111248016357
preprocess_time: 1.007307
sepa_time: 2.7662690155059805e13
node: 1
formulation: LEFPAV