instance: treeA.400.20
obj: 118.0
bound: 118.0
gap: 0.0
time: 3.7310848236083984
preprocess_time: 1.315969
sepa_time: 0.0
node: 741
formulation: LEFPA