instance: treeA.200.10
obj: 51.0
bound: 51.0
gap: 0.0
time: 4.95789909362793
preprocess_time: 1.788628
sepa_time: 0.0
node: 4173
formulation: LEFPAI