instance: treeA.700.35
obj: 193.0
bound: 192.00000000000028
gap: 0.005181347150257595
time: 7198.749787092209
preprocess_time: 1.254597
sepa_time: 9.259268239644514e12
node: 2810649
formulation: LEFPAV