instance: treeA.600.60
obj: 153.99999972971798
bound: 153.99999972971798
gap: 0.0
time: 306.8329939842224
preprocess_time: 1.541732
sepa_time: 0.0
node: 10850
formulation: LEFPAD