instance: treeA.200.20
obj: 430.0
bound: 430.0
gap: 0.0
time: 50.07325482368469
preprocess_time: 0.042324
sepa_time: 6.9266666458184e-310
node: 39219
formulation: LEVFP