instance: treeA.700.105
obj: 168.0
bound: 162.0
gap: 0.03571428571428571
time: 7198.566762924194
preprocess_time: 1.440547
sepa_time: 0.0
node: 592158
formulation: LEFPA