instance: treeA.150.15
org_node: 150
org_edge: 164
org_min_len: 1.0154049822516742
org_avg_len: 1.4923507204751232
org_max_len: 1.9980839173935965
dtf_node: 99
dtf_edge: 113
dtf_min_len: 1.0154049822516742
dtf_avg_len: 2.1658895412205315
dtf_max_len: 7.637562440320757
sdb_node: 701
sdb_edge: 715
sdb_min_len: 0.28098845870305117
sdb_avg_len: 0.34230142399709246
sdb_max_len: 0.37265433358420047
dlt: 0.3730876801187808
formulation: None