instance: treeA.700.35
obj: 1096.0
bound: 1096.0
gap: 0.0
time: 0.0054700374603271484
preprocess_time: 1.377025
sepa_time: 0.0
node: 0
formulation: LEFPAV