instance: treeA.100.10
obj: 214.0
bound: 214.0
gap: 0.0
time: 0.9267399311065674
preprocess_time: 0.893493
sepa_time: 0.0
node: 1531
formulation: LEFP