instance: treeA.200.30
obj: 447.0
bound: 447.0
gap: 0.0
time: 46.221019983291626
preprocess_time: 0.959251
sepa_time: 0.0
node: 37647
formulation: LEFPA