instance: treeA.300.45
obj: 438.0
bound: 438.0
gap: 0.0
time: 0.045990943908691406
preprocess_time: 1.314294
sepa_time: 0.0
node: 0
formulation: LEFPAD