instance: treeA.150.30
obj: 346.0
bound: 311.0
gap: 0.10115606936416185
time: 7199.820600986481
preprocess_time: 0.18474
sepa_time: 0.0
node: 1355717
formulation: EFP