instance: treeA.600.30
obj: 126.0
bound: 126.0
gap: 0.0
time: 11.967866897583008
preprocess_time: 0.111896
sepa_time: 0.0
node: 652
formulation: EFP