instance: treeA.300.45
obj: 63.0
bound: 63.0
gap: 0.0
time: 14.744579076766968
preprocess_time: 0.992284
sepa_time: 0.0
node: 773
formulation: LEFP