instance: treeA.300.15
obj: 82.0
bound: 81.0000124243122
gap: 0.012194970435217035
time: 4254.097897052765
preprocess_time: 1.782283
sepa_time: 0.0
node: 1751679
formulation: LEFPAD