instance: treeA.200.10
obj: 414.0
bound: 414.0
gap: 0.0
time: 2.4870450496673584
preprocess_time: 1.23127
sepa_time: 0.0
node: 1163
formulation: LEFP