instance: treeA.400.40
obj: 117.0
bound: 116.00000000000031
gap: 0.008547008547005875
time: 7198.677932024002
preprocess_time: 1.326673
sepa_time: 1.0146384710905978e14
node: 3447187
formulation: LEFPAV