instance: treeA.700.105
obj: 1583.0
bound: 1391.0
gap: 0.12128869235628553
time: 7195.577764987946
preprocess_time: 4.467701
sepa_time: 0.0
node: 143066
formulation: EFP