instance: treeA.200.30
obj: 47.0
bound: 47.0
gap: 0.0
time: 36.51678800582886
preprocess_time: 1.046066
sepa_time: 0.0
node: 12636
formulation: LEFPAI