instance: treeA.300.30
obj: 62.0
bound: 61.00000000000009
gap: 0.016129032258063027
time: 7199.950683116913
preprocess_time: 0.054622
sepa_time: 0.0
node: 1577060
formulation: EFP