instance: treeA.200.20
obj: 292.0
bound: 292.0
gap: 0.0
time: 0.0036890506744384766
preprocess_time: 1.060081
sepa_time: 0.0
node: 0
formulation: LEFPAI