instance: treeA.100.10
obj: 21.0
bound: 21.0
gap: 0.0
time: 0.4314768314361572
preprocess_time: 0.025425
sepa_time: 0.0
node: 1
formulation: LEVFP