instance: treeA.400.60
obj: 898.0
bound: 800.0
gap: 0.1091314031180401
time: 7198.515067100525
preprocess_time: 1.505332
sepa_time: 0.0
node: 524675
formulation: EFP