instance: treeA.150.30
obj: 344.0
bound: 344.0
gap: 0.0
time: 2242.2582461833954
preprocess_time: 1.064095
sepa_time: 1.3842746510598963e13
node: 1413753
formulation: LEFPAV