instance: treeA.250.37
org_node: 250
org_edge: 286
org_min_len: 1.000081166070598
org_avg_len: 1.5215426199130204
org_max_len: 1.998670844199744
dtf_node: 157
dtf_edge: 193
dtf_min_len: 1.0083820157612926
dtf_avg_len: 2.254721188057637
dtf_max_len: 10.832481502253472
sdb_node: 1202
sdb_edge: 1238
sdb_min_len: 0.28540304366827873
sdb_avg_len: 0.35150338392174824
sdb_max_len: 0.38008306041145534
dlt: 0.3803856549782551
formulation: None