instance: treeA.500.25
obj: 127.0
bound: 127.0
gap: 0.0
time: 5.805051803588867
preprocess_time: 1.416413
sepa_time: 9.215724759537514e13
node: 618
formulation: LEFPAV