instance: treeA.600.90
obj: 1346.0
bound: 1334.0
gap: 0.008915304606240713
time: 7198.569042921066
preprocess_time: 1.433201
sepa_time: 1.3842199804211932e13
node: 2437982
formulation: LEFPAV