instance: treeA.100.15
org_node: 100
org_edge: 114
org_min_len: 1.0059284585406076
org_avg_len: 1.5189041477948475
org_max_len: 1.998874399795437
dtf_node: 61
dtf_edge: 75
dtf_min_len: 1.0061769231432274
dtf_avg_len: 2.3087343046481688
dtf_max_len: 8.109097690182406
sdb_node: 482
sdb_edge: 496
sdb_min_len: 0.2915110878138262
sdb_avg_len: 0.34910296945284897
sdb_max_len: 0.37879035643447284
dlt: 0.3797260369487119
formulation: None