instance: treeA.350.70
obj: 73.0
bound: 73.0
gap: 0.0
time: 36.9455201625824
preprocess_time: 0.052664
sepa_time: 0.0
node: 1328
formulation: EFP