instance: treeA.700.70
obj: 150.0
bound: 143.0
gap: 0.04666666666666667
time: 7198.581326961517
preprocess_time: 1.430417
sepa_time: 0.0
node: 335816
formulation: LEFP