instance: treeA.700.70
obj: 1527.0
bound: 1348.0
gap: 0.11722331368696791
time: 7196.214343070984
preprocess_time: 3.832339
sepa_time: 0.0
node: 154710
formulation: EFP