instance: treeA.100.20
obj: 19.0
bound: 19.0
gap: 0.0
time: 0.3782830238342285
preprocess_time: 1.316539
sepa_time: 0.0
node: 1
formulation: LEFPA