instance: treeA.400.20
obj: 95.0
bound: 95.0
gap: 0.0
time: 3.1467700004577637
preprocess_time: 0.069824
sepa_time: 6.9034042905415e-310
node: 105
formulation: LEVFP