instance: treeA.100.20
obj: 19.0
bound: 19.0
gap: 0.0
time: 2.040205955505371
preprocess_time: 0.026426
sepa_time: 0.0
node: 1
formulation: LEVFP