instance: treeA.300.30
obj: 64.0
bound: 64.0
gap: 0.0
time: 2.295928955078125
preprocess_time: 1.388354
sepa_time: 0.0
node: 353
formulation: LEFPA