instance: treeA.350.70
obj: 73.0
bound: 73.0
gap: 0.0
time: 28.78415608406067
preprocess_time: 0.984442
sepa_time: 0.0
node: 888
formulation: LEFPA