instance: treeA.250.25
obj: 57.0
bound: 57.0
gap: 0.0
time: 1.6103739738464355
preprocess_time: 1.020918
sepa_time: 0.0
node: 50
formulation: LEFPAI