instance: treeA.150.22
obj: 30.0
bound: 30.0
gap: 0.0
time: 1.564310073852539
preprocess_time: 0.029375
sepa_time: 0.0
node: 1
formulation: LEVFP