instance: treeA.300.45
obj: 664.0
bound: 662.0
gap: 0.0030120481927710845
time: 7199.038472890854
preprocess_time: 0.963167
sepa_time: 0.0
node: 2853378
formulation: LEFP