instance: treeA.700.70
obj: 150.0
bound: 143.0
gap: 0.04666666666666667
time: 7199.824983119965
preprocess_time: 0.215334
sepa_time: 0.0
node: 305918
formulation: EFP