instance: treeA.200.40
obj: 40.0
bound: 40.0
gap: 0.0
time: 2025.035877943039
preprocess_time: 0.967689
sepa_time: 0.0
node: 360923
formulation: LEFPAI