instance: treeA.100.10
obj: 21.0
bound: 21.0
gap: 0.0
time: 0.6959960460662842
preprocess_time: 1.078545
sepa_time: 6.453724768436589e13
node: 1
formulation: LEFPAV