instance: treeA.300.30
obj: 427.0
bound: 427.0
gap: 0.0
time: 0.018769025802612305
preprocess_time: 1.335642
sepa_time: 0.0
node: 0
formulation: LEFPAD