instance: treeA.300.15
obj: 67.0
bound: 67.0
gap: 0.0
time: 0.9726440906524658
preprocess_time: 1.297544
sepa_time: 0.0
node: 57
formulation: LEFPAD