instance: treeA.150.22
obj: 30.0
bound: 30.0
gap: 0.0
time: 4.926594972610474
preprocess_time: 0.98855
sepa_time: 0.0
node: 1118
formulation: LEFPAD