instance: treeA.200.30
org_node: 200
org_edge: 229
org_min_len: 1.0056894516948733
org_avg_len: 1.508297118436235
org_max_len: 1.989306290380763
dtf_node: 200
dtf_edge: 229
dtf_min_len: 1.0056894516948733
dtf_avg_len: 1.508297118436235
dtf_max_len: 1.989306290380763
sdb_node: 200
sdb_edge: 229
sdb_min_len: 1.0056894516948733
sdb_avg_len: 1.508297118436235
sdb_max_len: 1.989306290380763
dlt: 3.01659423687247
formulation: None