instance: treeA.350.52
obj: 777.0
bound: 776.0000000000011
gap: 0.001287001286999824
time: 7199.029716014862
preprocess_time: 0.971858
sepa_time: 1.384219980421182e13
node: 3277310
formulation: LEFPAV