instance: treeA.700.35
obj: 153.0
bound: 152.00000000000034
gap: 0.006535947712416072
time: 7198.13182592392
preprocess_time: 1.874771
sepa_time: 1.1055196966798611e14
node: 1788366
formulation: LEFPAV