instance: treeA.150.22
obj: 332.0
bound: 332.0
gap: 0.0
time: 807.8755919933319
preprocess_time: 0.953542
sepa_time: 0.0
node: 924440
formulation: LEFPAI