instance: treeA.500.50
obj: 139.0
bound: 138.00001184553562
gap: 0.007194159384635796
time: 653.2501180171967
preprocess_time: 1.396014
sepa_time: 1.752119278278782e14
node: 172062
formulation: LEFPAV