instance: treeA.150.22
obj: 332.0
bound: 332.0
gap: 0.0
time: 220.81520318984985
preprocess_time: 1.063288
sepa_time: 1.8446743201831652e13
node: 307073
formulation: LEFPAV