instance: treeA.700.35
org_node: 700
org_edge: 734
org_min_len: 1.0011241113108305
org_avg_len: 1.495270295738598
org_max_len: 1.9978162177800503
dtf_node: 700
dtf_edge: 734
dtf_min_len: 1.0011241113108305
dtf_avg_len: 1.495270295738598
dtf_max_len: 1.9978162177800503
sdb_node: 700
sdb_edge: 734
sdb_min_len: 1.0011241113108305
sdb_avg_len: 1.495270295738598
sdb_max_len: 1.9978162177800503
dlt: 2.990540591477196
formulation: None