instance: treeA.300.15
obj: 622.0
bound: 622.0
gap: 0.0
time: 2097.5347809791565
preprocess_time: 1.729385
sepa_time: 0.0
node: 1427425
formulation: LEFPA