instance: treeA.500.25
obj: 110.0
bound: 110.0
gap: 0.0
time: 5.112767934799194
preprocess_time: 0.087019
sepa_time: 6.93708330536894e-310
node: 192
formulation: LEVFP