instance: treeA.200.20
obj: 54.0
bound: 54.0
gap: 0.0
time: 2.959386110305786
preprocess_time: 1.00666
sepa_time: 0.0
node: 714
formulation: LEFPAI