instance: treeA.150.22
obj: 332.0
bound: 332.0
gap: 0.0
time: 894.9692590236664
preprocess_time: 0.947869
sepa_time: 0.0
node: 909259
formulation: LEFPA