instance: treeA.600.60
obj: 154.0
bound: 154.0
gap: 0.0
time: 110.36741399765015
preprocess_time: 1.395682
sepa_time: 1.6621294185627738e14
node: 10430
formulation: LEFPAV