instance: treeA.700.35
obj: 1451.0
bound: 1449.0
gap: 0.0013783597518952446
time: 7198.150107860565
preprocess_time: 1.853961
sepa_time: 0.0
node: 674083
formulation: LEFPAD