instance: treeA.300.45
obj: 438.0
bound: 438.0
gap: 0.0
time: 0.004787921905517578
preprocess_time: 1.379243
sepa_time: 0.0
node: 0
formulation: LEFPAV