instance: treeA.200.10
obj: 414.0
bound: 414.0
gap: 0.0
time: 2.205080986022949
preprocess_time: 0.959701
sepa_time: 0.0
node: 1163
formulation: LEFP