instance: treeA.300.15
obj: 82.0
bound: 81.00001466258294
gap: 0.01219494313923242
time: 91.72993087768555
preprocess_time: 1.362482
sepa_time: 0.5819359999999999
node: 77447
formulation: LEFPAV