instance: treeA.500.50
obj: 139.0
bound: 138.00000296973434
gap: 0.007194223239321299
time: 2692.103497982025
preprocess_time: 1.834929
sepa_time: 0.0
node: 268876
formulation: LEFPAD