instance: treeA.600.90
obj: 848.0
bound: 848.0
gap: 0.0
time: 0.009001970291137695
preprocess_time: 1.863826
sepa_time: 0.0
node: 0
formulation: LEFPAV