instance: treeA.400.40
obj: 862.0
bound: 862.0
gap: 0.0
time: 576.0603129863739
preprocess_time: 1.737008
sepa_time: 0.0
node: 118178
formulation: LEFPAD