instance: treeA.500.75
obj: 102.0
bound: 102.0
gap: 0.0
time: 72.43126106262207
preprocess_time: 0.089386
sepa_time: 6.93189510527274e-310
node: 656
formulation: LEVFP