instance: treeA.600.90
obj: 116.0
bound: 116.0
gap: 0.0
time: 922.7742359638214
preprocess_time: 0.188542
sepa_time: 2.5e-323
node: 18516
formulation: LEVFP