instance: treeA.400.40
obj: 91.0
bound: 91.0
gap: 0.0
time: 10.876769065856934
preprocess_time: 1.351228
sepa_time: 0.0
node: 2514
formulation: LEFPAI