instance: treeA.400.60
obj: 92.0
bound: 88.0
gap: 0.043478260869565216
time: 7198.1330490112305
preprocess_time: 1.874871
sepa_time: 0.0
node: 186174
formulation: LEFPAD