instance: treeA.400.60
org_node: 400
org_edge: 459
org_min_len: 1.0004239748113126
org_avg_len: 1.486055734442297
org_max_len: 1.9917912294598787
dtf_node: 249
dtf_edge: 308
dtf_min_len: 1.0006152179388006
dtf_avg_len: 2.214609032821476
dtf_max_len: 9.438372811895555
sdb_node: 1929
sdb_edge: 1988
sdb_min_len: 0.2822325770238893
sdb_avg_len: 0.34310844170473837
sdb_max_len: 0.3714969203995339
dlt: 0.3715139336105743
formulation: None