instance: treeA.400.60
obj: 110.0
bound: 110.0
gap: 0.0
time: 30.782949924468994
preprocess_time: 1.963869
sepa_time: 0.0
node: 1283
formulation: LEFPA