instance: treeA.700.70
obj: 182.0
bound: 179.0
gap: 0.016483516483516484
time: 7198.436229944229
preprocess_time: 1.571708
sepa_time: 2.076503994975614e14
node: 802952
formulation: LEFPAV