instance: treeA.300.30
obj: 643.0
bound: 643.0
gap: 0.0
time: 230.0068838596344
preprocess_time: 0.908996
sepa_time: 0.0
node: 116369
formulation: LEFP