instance: treeA.350.52
obj: 74.0
bound: 74.0
gap: 0.0
time: 1554.3075230121613
preprocess_time: 0.049867
sepa_time: 1.0e-323
node: 35080
formulation: LEVFP