instance: treeA.200.20
obj: 292.0
bound: 292.0
gap: 0.0
time: 0.0026810169219970703
preprocess_time: 1.032665
sepa_time: 0.0
node: 0
formulation: LEFPAV