instance: treeA.500.50
obj: 139.0
bound: 138.00002076539081
gap: 0.007194095213015721
time: 1381.8587021827698
preprocess_time: 1.241278
sepa_time: 0.0
node: 247085
formulation: LEFPAI