instance: treeA.300.60
obj: 57.99999999694762
bound: 57.99999999694762
gap: 0.0
time: 297.6539731025696
preprocess_time: 1.089007
sepa_time: 0.0
node: 8047
formulation: LEFPAD