instance: treeA.300.15
obj: 67.0
bound: 67.0
gap: 0.0
time: 4990.901947021484
preprocess_time: 1.708386
sepa_time: 0.0
node: 1125481
formulation: LEFPAD