instance: treeA.300.60
obj: 58.0
bound: 58.0
gap: 0.0
time: 14.088111877441406
preprocess_time: 0.978191
sepa_time: 1.8895038179081644e14
node: 1520
formulation: LEFPAV