instance: treeA.600.30
obj: 129.0
bound: 129.0
gap: 0.0
time: 207.4816918373108
preprocess_time: 1.517535
sepa_time: 0.0
node: 20509
formulation: LEFPAD