instance: treeA.700.70
obj: 1503.0
bound: 1500.0
gap: 0.001996007984031936
time: 7198.694501876831
preprocess_time: 1.309565
sepa_time: 0.0
node: 2182965
formulation: LEFP