instance: treeA.250.50
obj: 575.0
bound: 572.0
gap: 0.0052173913043478265
time: 7199.0140681266785
preprocess_time: 0.98676
sepa_time: 0.0
node: 2498069
formulation: LEFPAI