instance: treeA.200.10
obj: 41.0
bound: 41.0
gap: 0.0
time: 8.231317043304443
preprocess_time: 0.03002
sepa_time: 0.0
node: 1158
formulation: EFP