instance: treeA.200.40
obj: 40.0
bound: 40.0
gap: 0.0
time: 363.73275780677795
preprocess_time: 0.973328
sepa_time: 0.0
node: 41787
formulation: LEFPA