instance: treeA.200.30
obj: 447.0
bound: 446.0
gap: 0.0022371364653243847
time: 7199.971573114395
preprocess_time: 0.029594
sepa_time: 0.0
node: 5125811
formulation: LEVFP