instance: treeA.200.20
obj: 429.0
bound: 429.0
gap: 0.0
time: 28.226397037506104
preprocess_time: 1.371909
sepa_time: 0.0
node: 17002
formulation: LEFPAI