instance: treeA.200.40
obj: 40.0
bound: 40.0
gap: 0.0
time: 4004.1472249031067
preprocess_time: 0.031885
sepa_time: 0.0
node: 838570
formulation: EFP