instance: treeA.400.60
obj: 110.0
bound: 110.0
gap: 0.0
time: 29.43055295944214
preprocess_time: 1.822976
sepa_time: 0.0
node: 1283
formulation: LEFPA