instance: treeA.200.10
obj: 41.0
bound: 41.0
gap: 0.0
time: 11.98983907699585
preprocess_time: 1.339206
sepa_time: 0.0
node: 2357
formulation: LEFP