instance: treeA.100.20
org_node: 100
org_edge: 119
org_min_len: 1.0035307307842858
org_avg_len: 1.516098886790965
org_max_len: 1.9965160698814017
dtf_node: 100
dtf_edge: 119
dtf_min_len: 1.0035307307842858
dtf_avg_len: 1.516098886790965
dtf_max_len: 1.9965160698814017
sdb_node: 100
sdb_edge: 119
sdb_min_len: 1.0035307307842858
sdb_avg_len: 1.516098886790965
sdb_max_len: 1.9965160698814017
dlt: 3.03219777358193
formulation: None