instance: treeA.250.25
org_node: 250
org_edge: 274
org_min_len: 1.002327217978483
org_avg_len: 1.4944455871292206
org_max_len: 1.9946185343927352
dtf_node: 157
dtf_edge: 181
dtf_min_len: 1.0029625985554314
dtf_avg_len: 2.2623098943282134
dtf_max_len: 10.024091096896917
sdb_node: 1163
sdb_edge: 1187
sdb_min_len: 0.2928339794135196
sdb_avg_len: 0.3449689055378319
sdb_max_len: 0.37345760527552907
dlt: 0.37361139678230515
formulation: None