instance: treeA.200.20
obj: 43.0
bound: 43.0
gap: 0.0
time: 2.167479991912842
preprocess_time: 1.045753
sepa_time: 0.0
node: 1
formulation: LEFPAI