instance: treeA.600.90
obj: 133.0
bound: 131.0
gap: 0.015037593984962405
time: 7198.475847959518
preprocess_time: 1.53312
sepa_time: 1.8488173253514538e14
node: 937313
formulation: LEFPAV