instance: treeA.300.60
obj: 693.0
bound: 692.0000000000009
gap: 0.0014430014430001307
time: 7199.034609079361
preprocess_time: 0.96685
sepa_time: 1.3842199804211814e13
node: 3318119
formulation: LEFPAV