instance: treeA.350.70
obj: 73.0
bound: 73.0
gap: 0.0
time: 109.57471513748169
preprocess_time: 0.046636
sepa_time: 9.6e-322
node: 807
formulation: LEVFP