instance: treeA.300.45
obj: 63.0
bound: 63.0
gap: 0.0
time: 34.97739100456238
preprocess_time: 0.044925
sepa_time: 2.5e-323
node: 4530
formulation: LEVFP