instance: treeA.200.40
obj: 456.0
bound: 456.0
gap: 0.0
time: 721.7975559234619
preprocess_time: 0.959133
sepa_time: 0.0
node: 423546
formulation: LEFPAI