instance: treeA.200.10
obj: 44.0
bound: 44.0
gap: 0.0
time: 329.11000514030457
preprocess_time: 1.867182
sepa_time: 0.0
node: 242069
formulation: LEFPA