instance: treeA.250.50
obj: 53.0
bound: 53.0
gap: 0.0
time: 5974.483798980713
preprocess_time: 1.033941
sepa_time: 0.0
node: 742443
formulation: LEFPA