instance: treeA.150.22
obj: 30.0
bound: 30.0
gap: 0.0
time: 1.3262310028076172
preprocess_time: 1.051211
sepa_time: 0.0
node: 300
formulation: LEFPA