instance: treeA.600.60
obj: 123.0
bound: 123.0
gap: 0.0
time: 61.959985971450806
preprocess_time: 0.109374
sepa_time: 0.0
node: 4350
formulation: LEVFP