instance: treeA.250.25
obj: 537.0
bound: 537.0
gap: 0.0
time: 717.6445360183716
preprocess_time: 1.063792
sepa_time: 0.0
node: 565324
formulation: LEFPAI