instance: treeA.300.45
obj: 667.0
bound: 605.0
gap: 0.09295352323838081
time: 7199.284749984741
preprocess_time: 0.726563
sepa_time: 0.0
node: 716449
formulation: EFP