instance: treeA.400.20
obj: 118.0
bound: 118.0
gap: 0.0
time: 995.9330711364746
preprocess_time: 1.33946
sepa_time: 0.0
node: 395270
formulation: LEFPAD