instance: treeA.350.35
obj: 75.99999829721986
bound: 75.99999829721986
gap: 0.0
time: 1.7866151332855225
preprocess_time: 1.429399
sepa_time: 0.0
node: 1
formulation: LEFPAD