instance: treeA.400.40
obj: 117.0
bound: 116.00000000000034
gap: 0.008547008547005632
time: 7198.57564496994
preprocess_time: 1.426191
sepa_time: 0.0
node: 3182742
formulation: LEFPAI