instance: treeA.300.45
obj: 63.0
bound: 63.0
gap: 0.0
time: 9.959776163101196
preprocess_time: 1.109693
sepa_time: 0.0
node: 763
formulation: LEFPAD