instance: treeA.200.20
obj: 292.0
bound: 292.0
gap: 0.0
time: 0.0049741268157958984
preprocess_time: 1.749984
sepa_time: 0.0
node: 0
formulation: LEFPAI