instance: treeA.200.30
obj: 445.0
bound: 444.0000356390292
gap: 0.002247110923529904
time: 93.69907593727112
preprocess_time: 0.030804
sepa_time: 6.9361317539625e-310
node: 69677
formulation: LEVFP