instance: treeA.500.50
obj: 109.0
bound: 109.0
gap: 0.0
time: 223.89090704917908
preprocess_time: 1.439949
sepa_time: 0.0
node: 9519
formulation: LEFPAD