instance: treeA.700.70
obj: 153.0
bound: 153.0
gap: 0.0
time: 19.299890995025635
preprocess_time: 1.464045
sepa_time: 3.276370144490325e14
node: 587
formulation: LEFPAV