instance: treeA.150.22
obj: 332.0
bound: 332.0
gap: 0.0
time: 103.04863119125366
preprocess_time: 0.959399
sepa_time: 0.0
node: 122897
formulation: LEFPAI