instance: treeA.400.40
obj: 91.0
bound: 91.0
gap: 0.0
time: 6175.411237955093
preprocess_time: 1.84386
sepa_time: 0.0
node: 1751738
formulation: LEFPA