instance: treeA.100.20
obj: 229.0
bound: 229.0
gap: 0.0
time: 4.269124984741211
preprocess_time: 1.309228
sepa_time: 0.0
node: 4818
formulation: LEFPAI