instance: treeA.150.15
obj: 322.0
bound: 291.0
gap: 0.09627329192546584
time: 7199.8819370269775
preprocess_time: 0.13216
sepa_time: 0.0
node: 1451569
formulation: EFP