instance: treeA.300.30
obj: 64.0
bound: 64.0
gap: 0.0
time: 14.339175939559937
preprocess_time: 0.043355
sepa_time: 0.0
node: 1330
formulation: LEVFP