instance: treeA.600.60
obj: 131.0
bound: 130.00000000000017
gap: 0.007633587786258241
time: 7198.65834403038
preprocess_time: 1.352869
sepa_time: 0.0
node: 364975
formulation: LEFPAD