instance: treeA.200.40
obj: 40.0
bound: 40.0
gap: 0.0
time: 357.4850080013275
preprocess_time: 0.96796
sepa_time: 0.0
node: 24740
formulation: LEFPAD