instance: treeA.200.30
obj: 39.0
bound: 39.0
gap: 0.0
time: 2.080483913421631
preprocess_time: 0.031358
sepa_time: 6.91679760277923e-310
node: 1
formulation: LEVFP