instance: treeA.150.15
obj: 32.0
bound: 32.0
gap: 0.0
time: 1.8465280532836914
preprocess_time: 1.049007
sepa_time: 9.242745143973936e12
node: 829
formulation: LEFPAV