instance: treeA.300.30
obj: 427.0
bound: 427.0
gap: 0.0
time: 0.0034570693969726562
preprocess_time: 1.379829
sepa_time: 0.0
node: 0
formulation: LEFPAV