instance: treeA.150.15
obj: 322.0
bound: 322.0
gap: 0.0
time: 31.084968090057373
preprocess_time: 0.899767
sepa_time: 0.0
node: 35750
formulation: LEFP