instance: treeA.150.22
org_node: 150
org_edge: 171
org_min_len: 1.003017357381181
org_avg_len: 1.4940147384707065
org_max_len: 1.9985412083752911
dtf_node: 150
dtf_edge: 171
dtf_min_len: 1.003017357381181
dtf_avg_len: 1.4940147384707065
dtf_max_len: 1.9985412083752911
sdb_node: 150
sdb_edge: 171
sdb_min_len: 1.003017357381181
sdb_avg_len: 1.4940147384707065
sdb_max_len: 1.9985412083752911
dlt: 2.988029476941413
formulation: None