instance: treeA.350.52
obj: 781.0
bound: 701.0
gap: 0.10243277848911651
time: 7199.0658848285675
preprocess_time: 0.944493
sepa_time: 0.0
node: 568231
formulation: EFP