instance: treeA.600.60
obj: 153.99999972971798
bound: 153.99999972971798
gap: 0.0
time: 298.97206807136536
preprocess_time: 1.935074
sepa_time: 0.0
node: 10850
formulation: LEFPAD