instance: treeA.400.60
obj: 87.0
bound: 87.0
gap: 0.0
time: 675.5866479873657
preprocess_time: 0.070711
sepa_time: 0.0
node: 49013
formulation: EFP