instance: treeA.300.30
obj: 643.0
bound: 643.0
gap: 0.0
time: 215.29465198516846
preprocess_time: 1.362202
sepa_time: 0.0
node: 52071
formulation: LEFPAD