instance: treeA.100.10
obj: 20.999999995162963
bound: 20.999999995162963
gap: 0.0
time: 0.5382239818572998
preprocess_time: 0.957362
sepa_time: 0.0
node: 1
formulation: LEFP