instance: treeA.600.60
obj: 1301.0
bound: 1157.0
gap: 0.11068408916218293
time: 7197.130502939224
preprocess_time: 2.899701
sepa_time: 0.0
node: 241461
formulation: EFP