instance: treeA.300.45
obj: 77.0
bound: 76.00000000000014
gap: 0.012987012987011142
time: 7198.695770978928
preprocess_time: 1.307133
sepa_time: 2.0279395424510072e14
node: 1089166
formulation: LEFPAV