instance: treeA.200.30
obj: 47.0
bound: 47.0
gap: 0.0
time: 5.814107179641724
preprocess_time: 1.33587
sepa_time: 0.0
node: 815
formulation: LEFPA