instance: treeA.250.25
obj: 537.0
bound: 537.0
gap: 0.0
time: 811.4160468578339
preprocess_time: 1.358585
sepa_time: 0.0
node: 234788
formulation: LEFPAD