instance: treeA.200.30
obj: 49.0
bound: 49.0
gap: 0.0
time: 1.9896941184997559
preprocess_time: 1.013862
sepa_time: 0.0
node: 279
formulation: LEFPA