instance: treeA.300.45
obj: 62.0
bound: 62.0
gap: 0.0
time: 1879.0791370868683
preprocess_time: 1.416093
sepa_time: 0.0
node: 44494
formulation: LEFPAD