instance: treeA.200.30
obj: 49.0
bound: 49.0
gap: 0.0
time: 6.143167972564697
preprocess_time: 1.030641
sepa_time: 0.0
node: 609
formulation: LEFPAD