instance: treeA.700.70
obj: 1511.0
bound: 1507.0
gap: 0.0026472534745201853
time: 7198.036707878113
preprocess_time: 1.967034
sepa_time: 0.78858
node: 1953340
formulation: LEFPAV