instance: treeA.300.30
obj: 64.0
bound: 64.0
gap: 0.0
time: 59.9004008769989
preprocess_time: 1.033221
sepa_time: 0.0
node: 11225
formulation: LEFP