instance: treeA.250.37
obj: 52.0
bound: 52.0
gap: 0.0
time: 12.540300130844116
preprocess_time: 1.121995
sepa_time: 0.0
node: 695
formulation: LEFPA