instance: treeA.250.25
obj: 57.0
bound: 57.0
gap: 0.0
time: 0.44887304306030273
preprocess_time: 1.060176
sepa_time: 0.0
node: 1
formulation: LEFPAD