instance: treeA.300.60
obj: 693.0
bound: 691.0
gap: 0.002886002886002886
time: 7199.966038942337
preprocess_time: 0.03554
sepa_time: 6.9184745354713e-310
node: 2866379
formulation: LEVFP