instance: treeA.100.20
obj: 19.0
bound: 19.0
gap: 0.0
time: 0.6584889888763428
preprocess_time: 1.055597
sepa_time: 2.6989035254924795e12
node: 1
formulation: LEFPAV