instance: treeA.600.30
obj: 1259.0
bound: 1115.0
gap: 0.11437648927720413
time: 7197.490774154663
preprocess_time: 2.543891
sepa_time: 0.0
node: 217178
formulation: EFP