instance: treeA.150.30
obj: 344.0
bound: 343.0000000000008
gap: 0.0029069767441837332
time: 7199.112884044647
preprocess_time: 0.888474
sepa_time: 0.0
node: 4325493
formulation: LEFP