instance: treeA.700.105
obj: 167.0
bound: 162.0
gap: 0.029940119760479042
time: 7198.3842420578
preprocess_time: 1.621173
sepa_time: 0.0
node: 433964
formulation: LEFPAI