instance: treeA.300.45
obj: 61.0
bound: 61.0
gap: 0.0
time: 26.53017497062683
preprocess_time: 0.057618
sepa_time: 0.0
node: 767
formulation: EFP