instance: treeA.400.60
obj: 110.0
bound: 110.0
gap: 0.0
time: 96.62847208976746
preprocess_time: 1.820208
sepa_time: 0.0
node: 12146
formulation: LEFPAI