instance: treeA.250.25
obj: 57.0
bound: 57.0
gap: 0.0
time: 1.2122290134429932
preprocess_time: 0.959609
sepa_time: 0.0
node: 1
formulation: LEFP