instance: treeA.350.35
obj: 76.0
bound: 76.0
gap: 0.0
time: 1.4198150634765625
preprocess_time: 0.975049
sepa_time: 0.0
node: 1
formulation: LEFP