instance: treeA.250.25
obj: 537.0
bound: 537.0
gap: 0.0
time: 327.62447714805603
preprocess_time: 1.343081
sepa_time: 0.0
node: 261734
formulation: LEFPA