instance: treeA.200.20
obj: 43.0
bound: 43.0
gap: 0.0
time: 8.146887063980103
preprocess_time: 0.030338
sepa_time: 0.0
node: 1261
formulation: EFP