instance: treeA.100.15
obj: 21.0
bound: 21.0
gap: 0.0
time: 0.6452159881591797
preprocess_time: 0.970534
sepa_time: 0.0
node: 1
formulation: LEFPAD