instance: treeA.150.15
obj: 32.0
bound: 32.0
gap: 0.0
time: 5.3575639724731445
preprocess_time: 1.035238
sepa_time: 0.0
node: 782
formulation: LEFPAI