instance: treeA.200.20
obj: 54.0
bound: 54.0
gap: 0.0
time: 6.0810770988464355
preprocess_time: 1.763577
sepa_time: 0.0
node: 5064
formulation: LEFPA