instance: treeA.150.22
obj: 171.0
bound: 10.0
gap: 0.9415204678362573
time: 7201.976558923721
preprocess_time: 0.028104
sepa_time: 0.0
node: 1
formulation: EF