instance: treeA.400.40
obj: 862.0
bound: 862.0
gap: 0.0
time: 900.8614308834076
preprocess_time: 1.65136
sepa_time: 1.3842199804212031e13
node: 616695
formulation: LEFPAV