instance: treeA.150.30
obj: 29.0
bound: 29.0
gap: 0.0
time: 6.193755865097046
preprocess_time: 0.032831
sepa_time: 0.0
node: 246
formulation: LEVFP