instance: treeA.400.20
obj: 95.0
bound: 95.0
gap: 0.0
time: 3.339061975479126
preprocess_time: 0.147276
sepa_time: 0.0
node: 105
formulation: LEVFP