instance: treeA.500.75
obj: 1127.0
bound: 996.0
gap: 0.11623779946761313
time: 7197.876196861267
preprocess_time: 2.1614
sepa_time: 0.0
node: 357856
formulation: EFP