instance: treeA.700.70
org_node: 700
org_edge: 769
org_min_len: 1.000326412441812
org_avg_len: 1.4934502938898109
org_max_len: 1.9995409774238544
dtf_node: 441
dtf_edge: 510
dtf_min_len: 1.000326412441812
dtf_avg_len: 2.2518887764730704
dtf_max_len: 11.129534603443886
sdb_node: 3264
sdb_edge: 3333
sdb_min_len: 0.2806934631766603
sdb_avg_len: 0.3445734401443951
sdb_max_len: 0.37329618994063957
dlt: 0.3733625734724527
formulation: None