instance: treeA.200.10
obj: 44.0
bound: 44.0
gap: 0.0
time: 673.5451290607452
preprocess_time: 1.803575
sepa_time: 0.0
node: 228532
formulation: LEFPAD