instance: treeA.200.30
obj: 47.0
bound: 47.0
gap: 0.0
time: 14.987342119216919
preprocess_time: 0.032923
sepa_time: 0.0
node: 746
formulation: LEVFP