instance: treeA.150.15
org_node: 150
org_edge: 164
org_min_len: 1.0154049822516742
org_avg_len: 1.4923507204751232
org_max_len: 1.9980839173935965
dtf_node: 150
dtf_edge: 164
dtf_min_len: 1.0154049822516742
dtf_avg_len: 1.4923507204751232
dtf_max_len: 1.9980839173935965
sdb_node: 150
sdb_edge: 164
sdb_min_len: 1.0154049822516742
sdb_avg_len: 1.4923507204751232
sdb_max_len: 1.9980839173935965
dlt: 2.9847014409502464
formulation: None