instance: treeA.300.30
obj: 643.0
bound: 643.0
gap: 0.0
time: 9.326035976409912
preprocess_time: 1.04308
sepa_time: 0.0
node: 4172
formulation: LEFPA