instance: treeA.200.30
obj: 298.0
bound: 298.0
gap: 0.0
time: 0.0025811195373535156
preprocess_time: 1.051851
sepa_time: 0.0
node: 0
formulation: LEFPAV