instance: treeA.300.60
obj: 693.0
bound: 692.0
gap: 0.001443001443001443
time: 7199.007174015045
preprocess_time: 0.994245
sepa_time: 0.0
node: 3637855
formulation: LEFPA