instance: treeA.500.25
obj: 828.0
bound: 828.0
gap: 0.0
time: 0.005140066146850586
preprocess_time: 1.887776
sepa_time: 0.0
node: 0
formulation: LEFPA