instance: treeA.400.20
obj: 95.0
bound: 93.00000000000006
gap: 0.02105263157894677
time: 7199.937988042831
preprocess_time: 0.068821
sepa_time: 0.0
node: 2119981
formulation: EFP