instance: treeA.100.10
org_node: 100
org_edge: 109
org_min_len: 1.015556337444242
org_avg_len: 1.5754368443018139
org_max_len: 1.9976246780422156
dtf_node: 72
dtf_edge: 81
dtf_min_len: 1.015556337444242
dtf_avg_len: 2.12003229665306
dtf_max_len: 5.074254515781279
sdb_node: 464
sdb_edge: 473
sdb_min_len: 0.2976800807675086
sdb_avg_len: 0.3630499281794883
sdb_max_len: 0.3914011630110028
dlt: 0.39385921107545346
formulation: None