instance: treeA.400.60
obj: 91.0
bound: 91.0
gap: 0.0
time: 58.94467806816101
preprocess_time: 1.714718
sepa_time: 0.0
node: 4729
formulation: LEFPA