instance: treeA.300.30
obj: 63.0
bound: 63.0
gap: 0.0
time: 4.941287994384766
preprocess_time: 1.331408
sepa_time: 0.0
node: 902
formulation: LEFPAI