instance: treeA.700.105
obj: 142.0
bound: 141.00000000000017
gap: 0.007042253521125559
time: 7198.029469966888
preprocess_time: 1.991158
sepa_time: 0.0
node: 286294
formulation: LEFPAD