instance: treeA.300.45
obj: 438.0
bound: 438.0
gap: 0.0
time: 0.0043468475341796875
preprocess_time: 1.823852
sepa_time: 0.0
node: 0
formulation: LEFPA