instance: treeA.200.30
obj: 447.0
bound: 447.0
gap: 0.0
time: 48.20653486251831
preprocess_time: 0.97036
sepa_time: 1.3842199804211838e13
node: 43784
formulation: LEFPAV