instance: treeA.200.40
obj: 456.0
bound: 456.0
gap: 0.0
time: 323.79590106010437
preprocess_time: 1.016813
sepa_time: 0.0
node: 230880
formulation: LEFPA