instance: treeA.700.35
obj: 193.0
bound: 192.00000000000026
gap: 0.005181347150257742
time: 7198.042073011398
preprocess_time: 1.968686
sepa_time: 1.8477089941802582e13
node: 2718430
formulation: LEFPAV