instance: treeA.200.30
obj: 39.0
bound: 39.0
gap: 0.0
time: 8.911118030548096
preprocess_time: 1.236736
sepa_time: 0.0
node: 777
formulation: LEFP