instance: treeA.700.105
obj: 168.0
bound: 162.0
gap: 0.03571428571428571
time: 7198.396856069565
preprocess_time: 1.61796
sepa_time: 0.0
node: 549497
formulation: LEFPA