instance: treeA.300.30
obj: 644.0
bound: 644.0
gap: 0.0
time: 4150.565743923187
preprocess_time: 1.806141
sepa_time: 1.3842199804212014e13
node: 2341277
formulation: LEFPAV