instance: treeA.300.30
obj: 75.0
bound: 75.0
gap: 0.0
time: 83.70347380638123
preprocess_time: 1.104725
sepa_time: 0.0
node: 19935
formulation: LEFPAI