instance: treeA.400.20
obj: 96.0
bound: 96.0
gap: 0.0
time: 0.917773962020874
preprocess_time: 1.24938
sepa_time: 0.0
node: 22
formulation: LEFPAD