instance: treeA.400.40
obj: 91.0
bound: 91.0
gap: 0.0
time: 41.48124313354492
preprocess_time: 0.053666
sepa_time: 0.0
node: 2289
formulation: LEVFP