instance: treeA.300.45
obj: 438.0
bound: 438.0
gap: 0.0
time: 0.004782915115356445
preprocess_time: 1.770272
sepa_time: 0.0
node: 0
formulation: LEFPAV