instance: treeA.500.25
obj: 111.0
bound: 111.0
gap: 0.0
time: 6.0445168018341064
preprocess_time: 1.712686
sepa_time: 3.2311237949348758e13
node: 616
formulation: LEFPAV