instance: treeA.300.45
obj: 664.0
bound: 660.0
gap: 0.006024096385542169
time: 7198.978156089783
preprocess_time: 1.023372
sepa_time: 0.0
node: 648641
formulation: LEFPAD