instance: treeA.700.70
obj: 182.0
bound: 178.0
gap: 0.02197802197802198
time: 7198.006959915161
preprocess_time: 2.001168
sepa_time: 0.0
node: 960468
formulation: LEFPA