instance: treeA.250.37
obj: 556.0
bound: 492.0
gap: 0.11510791366906475
time: 7199.580980062485
preprocess_time: 0.431728
sepa_time: 0.0
node: 974482
formulation: EFP