instance: treeA.200.20
obj: 54.0
bound: 54.0
gap: 0.0
time: 3.541548013687134
preprocess_time: 1.902594
sepa_time: 0.0
node: 714
formulation: LEFPAI