instance: treeA.200.10
obj: 41.0
bound: 41.0
gap: 0.0
time: 0.8400750160217285
preprocess_time: 0.041939
sepa_time: 0.0
node: 1
formulation: LEVFP