instance: treeA.700.35
obj: 193.0
bound: 192.00000322770447
gap: 0.005181330426401719
time: 3932.5223400592804
preprocess_time: 1.519113
sepa_time: 0.0
node: 1392298
formulation: LEFPAI