instance: treeA.300.15
obj: 506.0
bound: 506.0
gap: 0.0
time: 0.0037012100219726562
preprocess_time: 1.769684
sepa_time: 0.0
node: 0
formulation: LEFPAV