instance: treeA.350.35
org_node: 350
org_edge: 384
org_min_len: 1.0023505683695706
org_avg_len: 1.4927256321768387
org_max_len: 1.997413463838551
dtf_node: 226
dtf_edge: 260
dtf_min_len: 1.0023505683695706
dtf_avg_len: 2.2046409336765604
dtf_max_len: 9.074736585998322
sdb_node: 1628
sdb_edge: 1662
sdb_min_len: 0.2826547895228416
sdb_avg_len: 0.34488967674843884
sdb_max_len: 0.37310933484875697
dlt: 0.3731814080442097
formulation: None