instance: treeA.300.45
obj: 77.0
bound: 77.0
gap: 0.0
time: 159.30407309532166
preprocess_time: 1.789651
sepa_time: 0.0
node: 12595
formulation: LEFPAI