instance: treeA.500.75
obj: 102.0
bound: 100.0
gap: 0.0196078431372549
time: 7199.879276037216
preprocess_time: 0.129644
sepa_time: 0.0
node: 747865
formulation: EFP