instance: treeA.200.10
obj: 41.0
bound: 41.0
gap: 0.0
time: 9.73733901977539
preprocess_time: 0.117002
sepa_time: 0.0
node: 1158
formulation: EFP