instance: treeA.200.30
obj: 46.99999947856189
bound: 46.99999947856189
gap: 0.0
time: 15.436779975891113
preprocess_time: 1.039928
sepa_time: 0.0
node: 1257
formulation: LEFPAD