instance: treeA.150.15
obj: 32.0
bound: 32.0
gap: 0.0
time: 7.507537126541138
preprocess_time: 0.958102
sepa_time: 0.0
node: 7210
formulation: LEFPAI