instance: treeA.350.70
obj: 73.0
bound: 73.0
gap: 0.0
time: 27.25304889678955
preprocess_time: 1.440436
sepa_time: 0.0
node: 637
formulation: LEFPAI