instance: treeA.350.35
obj: 76.0
bound: 76.0
gap: 0.0
time: 2.6728720664978027
preprocess_time: 1.014174
sepa_time: 0.0
node: 1
formulation: LEFPAI