instance: treeA.500.50
obj: 1080.0
bound: 968.0
gap: 0.1037037037037037
time: 7198.066279888153
preprocess_time: 1.959819
sepa_time: 0.0
node: 396877
formulation: EFP