instance: treeA.100.20
obj: 19.0
bound: 19.0
gap: 0.0
time: 0.7034120559692383
preprocess_time: 0.027938
sepa_time: 0.0
node: 1
formulation: EFP