instance: treeA.200.20
obj: 43.0
bound: 43.0
gap: 0.0
time: 1.2137389183044434
preprocess_time: 0.030087
sepa_time: 1.0e-323
node: 1
formulation: LEVFP