instance: treeA.300.45
obj: 63.0
bound: 63.0
gap: 0.0
time: 4.746320009231567
preprocess_time: 0.986062
sepa_time: 0.0
node: 711
formulation: LEFPAI