instance: treeA.400.20
obj: 831.0
bound: 831.0
gap: 0.0
time: 19.71615219116211
preprocess_time: 1.293744
sepa_time: 0.0
node: 10417
formulation: LEFP