instance: treeA.200.40
obj: 40.0
bound: 40.0
gap: 0.0
time: 136.258563041687
preprocess_time: 0.032197
sepa_time: 0.0
node: 4721
formulation: LEVFP