instance: treeA.150.30
obj: 29.0
bound: 29.0
gap: 0.0
time: 10.071713924407959
preprocess_time: 1.008246
sepa_time: 0.0
node: 680
formulation: LEFPAD