instance: treeA.350.35
obj: 751.0
bound: 751.0
gap: 0.0
time: 27.081969022750854
preprocess_time: 1.385703
sepa_time: 0.0
node: 10373
formulation: LEFPAI