instance: treeA.150.15
obj: 32.0
bound: 32.0
gap: 0.0
time: 3.0649218559265137
preprocess_time: 1.07758
sepa_time: 0.0
node: 924
formulation: LEFPA