instance: treeA.250.37
obj: 554.0
bound: 554.0
gap: 0.0
time: 1678.1438558101654
preprocess_time: 1.048489
sepa_time: 0.0
node: 864464
formulation: LEFPA