instance: treeA.200.30
obj: 49.0
bound: 49.0
gap: 0.0
time: 7.008841037750244
preprocess_time: 1.887106
sepa_time: 0.0
node: 609
formulation: LEFPAD