instance: treeA.200.20
obj: 433.0
bound: 387.0
gap: 0.10623556581986143
time: 7199.664346933365
preprocess_time: 0.348749
sepa_time: 0.0
node: 1251682
formulation: EFP