instance: treeA.600.90
obj: 116.0
bound: 112.0
gap: 0.034482758620689655
time: 7198.647964954376
preprocess_time: 1.36506
sepa_time: 0.0
node: 505749
formulation: LEFP