instance: treeA.100.15
obj: 21.0
bound: 21.0
gap: 0.0
time: 0.24709582328796387
preprocess_time: 1.312852
sepa_time: 0.0
node: 1
formulation: LEFPA