instance: treeA.700.70
obj: 182.0
bound: 178.0
gap: 0.02197802197802198
time: 7198.488189935684
preprocess_time: 1.525117
sepa_time: 0.0
node: 204732
formulation: LEFPAD