instance: treeA.150.30
org_node: 150
org_edge: 179
org_min_len: 1.0061677407627583
org_avg_len: 1.5194847601406305
org_max_len: 1.991478610793995
dtf_node: 107
dtf_edge: 136
dtf_min_len: 1.0146522528233222
dtf_avg_len: 1.999910088714508
dtf_max_len: 6.076633443460843
sdb_node: 759
sdb_edge: 788
sdb_min_len: 0.285373864978816
sdb_avg_len: 0.3451621472908293
sdb_max_len: 0.3797895902163027
dlt: 0.3798711900351576
formulation: None