instance: treeA.350.70
obj: 73.0
bound: 73.0
gap: 0.0
time: 57.107369899749756
preprocess_time: 1.056648
sepa_time: 0.0
node: 1421
formulation: LEFPAD