instance: treeA.100.15
obj: 21.0
bound: 21.0
gap: 0.0
time: 1553.030198097229
preprocess_time: 0.018347
sepa_time: 0.0
node: 263
formulation: EF