instance: treeA.350.70
obj: 73.0
bound: 73.0
gap: 0.0
time: 6112.030104160309
preprocess_time: 1.060532
sepa_time: 0.0
node: 328379
formulation: LEFPAD