instance: treeA.700.105
obj: 142.0
bound: 141.00000000000014
gap: 0.00704225352112576
time: 7199.801797866821
preprocess_time: 0.220385
sepa_time: 6.90063225554235e-310
node: 165919
formulation: LEVFP