instance: treeA.200.10
obj: 328.0
bound: 328.0
gap: 0.0
time: 0.0025730133056640625
preprocess_time: 1.743093
sepa_time: 0.0
node: 0
formulation: LEFPA