instance: treeA.200.20
obj: 54.0
bound: 54.0
gap: 0.0
time: 5.74462103843689
preprocess_time: 1.806668
sepa_time: 0.0
node: 644
formulation: LEFPAD