instance: treeA.400.20
obj: 118.0
bound: 118.0
gap: 0.0
time: 22.2236750125885
preprocess_time: 1.779904
sepa_time: 4.629315613637813e12
node: 10244
formulation: LEFPAV