instance: treeA.600.30
obj: 1240.0
bound: 1240.0
gap: 0.0
time: 54.575958013534546
preprocess_time: 1.329231
sepa_time: 0.0
node: 10847
formulation: LEFP