instance: treeA.150.22
obj: 30.0
bound: 30.0
gap: 0.0
time: 2.718585968017578
preprocess_time: 0.031455
sepa_time: 0.0
node: 472
formulation: EFP