instance: treeA.150.30
obj: 29.0
bound: 29.0
gap: 0.0
time: 4.151463985443115
preprocess_time: 0.990602
sepa_time: 0.0
node: 327
formulation: LEFP