instance: treeA.500.75
obj: 105.0
bound: 104.00000000000024
gap: 0.009523809523807223
time: 7198.640074968338
preprocess_time: 1.366669
sepa_time: 0.0
node: 715775
formulation: LEFPA