instance: treeA.100.10
obj: 20.999999995162963
bound: 20.999999995162963
gap: 0.0
time: 0.5386159420013428
preprocess_time: 0.026443
sepa_time: 0.0
node: 1
formulation: EFP