instance: treeA.350.52
obj: 74.0
bound: 74.0
gap: 0.0
time: 811.4307951927185
preprocess_time: 1.018659
sepa_time: 1.2471443870664925e14
node: 150840
formulation: LEFPAV