instance: treeA.700.105
obj: 142.0
bound: 136.0
gap: 0.04225352112676056
time: 7199.7935910224915
preprocess_time: 0.219446
sepa_time: 0.0
node: 325008
formulation: EFP