instance: treeA.300.45
obj: 664.0
bound: 664.0
gap: 0.0
time: 2133.3584821224213
preprocess_time: 0.967054
sepa_time: 1.3842199804211824e13
node: 755959
formulation: LEFPAV