instance: treeA.200.10
obj: 51.0
bound: 51.0
gap: 0.0
time: 2.8049728870391846
preprocess_time: 1.742838
sepa_time: 0.0
node: 887
formulation: LEFPA