instance: treeA.200.20
obj: 429.0
bound: 429.0
gap: 0.0
time: 168.96545386314392
preprocess_time: 0.953589
sepa_time: 0.0
node: 135216
formulation: LEFPAI