instance: treeA.600.90
obj: 116.0
bound: 115.0000000000002
gap: 0.008620689655170698
time: 7199.813711166382
preprocess_time: 0.196854
sepa_time: 0.0
node: 564148
formulation: EFP