instance: treeA.300.45
obj: 62.0
bound: 62.0
gap: 0.0
time: 41.923229932785034
preprocess_time: 1.230486
sepa_time: 0.0
node: 1976
formulation: LEFPAD