instance: treeA.250.50
org_node: 250
org_edge: 299
org_min_len: 1.0005471101653765
org_avg_len: 1.5051857243176712
org_max_len: 1.9968214311788144
dtf_node: 250
dtf_edge: 299
dtf_min_len: 1.0005471101653765
dtf_avg_len: 1.5051857243176712
dtf_max_len: 1.9968214311788144
sdb_node: 250
sdb_edge: 299
sdb_min_len: 1.0005471101653765
sdb_avg_len: 1.5051857243176712
sdb_max_len: 1.9968214311788144
dlt: 3.0103714486353423
formulation: None