instance: treeA.300.45
obj: 77.0
bound: 77.0
gap: 0.0
time: 246.21760201454163
preprocess_time: 1.348369
sepa_time: 0.0
node: 27015
formulation: LEFPA