instance: treeA.300.30
obj: 427.0
bound: 427.0
gap: 0.0
time: 0.0033440589904785156
preprocess_time: 1.408529
sepa_time: 0.0
node: 0
formulation: LEFPA