instance: treeA.350.35
obj: 76.0
bound: 76.0
gap: 0.0
time: 1.189608097076416
preprocess_time: 1.430634
sepa_time: 0.0
node: 1
formulation: LEFPA