instance: treeA.300.45
obj: 664.0
bound: 664.0
gap: 0.0
time: 4868.397891998291
preprocess_time: 1.371632
sepa_time: 0.0
node: 1316949
formulation: LEFPAI