instance: treeA.700.105
org_node: 700
org_edge: 804
org_min_len: 1.0003590286551391
org_avg_len: 1.490022519201965
org_max_len: 1.9994793920779128
dtf_node: 700
dtf_edge: 804
dtf_min_len: 1.0003590286551391
dtf_avg_len: 1.490022519201965
dtf_max_len: 1.9994793920779128
sdb_node: 700
sdb_edge: 804
sdb_min_len: 1.0003590286551391
sdb_avg_len: 1.490022519201965
sdb_max_len: 1.9994793920779128
dlt: 2.98004503840393
formulation: None