instance: treeA.200.20
obj: 43.0
bound: 43.0
gap: 0.0
time: 2.3229339122772217
preprocess_time: 0.031486
sepa_time: 0.0
node: 1
formulation: LEVFP