instance: treeA.600.30
obj: 923.0
bound: 923.0
gap: 0.0
time: 0.024890899658203125
preprocess_time: 1.360721
sepa_time: 0.0
node: 0
formulation: LEFPAD