instance: treeA.150.22
org_node: 150
org_edge: 171
org_min_len: 1.003017357381181
org_avg_len: 1.4940147384707065
org_max_len: 1.9985412083752911
dtf_node: 92
dtf_edge: 113
dtf_min_len: 1.01002754650496
dtf_avg_len: 2.260854161756557
dtf_max_len: 6.349947775897901
sdb_node: 718
sdb_edge: 739
sdb_min_len: 0.2811124720202285
sdb_avg_len: 0.3457057107963337
sdb_max_len: 0.3729207098350954
dlt: 0.37350368461767663
formulation: None