instance: treeA.300.30
obj: 75.0
bound: 74.00000227552894
gap: 0.013333302992947438
time: 443.0562629699707
preprocess_time: 1.412669
sepa_time: 7.378594217838314e13
node: 207485
formulation: LEFPAV