instance: treeA.700.35
obj: 1096.0
bound: 1096.0
gap: 0.0
time: 0.00769805908203125
preprocess_time: 1.888312
sepa_time: 0.0
node: 0
formulation: LEFPA