instance: treeA.100.15
obj: 222.0
bound: 200.0
gap: 0.0990990990990991
time: 7199.93700003624
preprocess_time: 0.067709
sepa_time: 0.0
node: 1974932
formulation: EFP