instance: treeA.200.30
obj: 41.0
bound: 41.0
gap: 0.0
time: 5.107434034347534
preprocess_time: 1.65536
sepa_time: 1.8443718471113084e14
node: 655
formulation: LEFPAV