instance: treeA.600.60
obj: 154.0
bound: 154.0
gap: 0.0
time: 57.347742795944214
preprocess_time: 1.514669
sepa_time: 0.0
node: 7227
formulation: LEFPAI