instance: treeA.500.50
obj: 109.0
bound: 109.0
gap: 0.0
time: 26.10505199432373
preprocess_time: 1.419163
sepa_time: 1.3821362005011742e14
node: 1342
formulation: LEFPAV