instance: treeA.250.50
obj: 53.0
bound: 52.0000000000001
gap: 0.01886792452830001
time: 7198.972414970398
preprocess_time: 1.032002
sepa_time: 0.0
node: 316186
formulation: LEFPAD