instance: treeA.200.20
obj: 430.0
bound: 429.0000209322834
gap: 0.0023255327156199877
time: 45.06726598739624
preprocess_time: 0.029542
sepa_time: 3.2e-322
node: 39216
formulation: LEVFP