instance: treeA.500.25
obj: 127.0
bound: 127.0
gap: 0.0
time: 5.239742040634155
preprocess_time: 1.109269
sepa_time: 0.0
node: 652
formulation: LEFPA