instance: treeA.150.15
obj: 322.0
bound: 322.0
gap: 0.0
time: 10.131378889083862
preprocess_time: 1.104316
sepa_time: 1.3842199804211871e13
node: 11683
formulation: LEFPAV