instance: treeA.200.30
obj: 49.0
bound: 49.0
gap: 0.0
time: 5.567178964614868
preprocess_time: 1.762631
sepa_time: 0.0
node: 692
formulation: LEFPAI