instance: treeA.600.30
org_node: 600
org_edge: 629
org_min_len: 1.0006746135784967
org_avg_len: 1.4969160043145708
org_max_len: 1.9903424158885938
dtf_node: 600
dtf_edge: 629
dtf_min_len: 1.0006746135784967
dtf_avg_len: 1.4969160043145708
dtf_max_len: 1.9903424158885938
sdb_node: 600
sdb_edge: 629
sdb_min_len: 1.0006746135784967
sdb_avg_len: 1.4969160043145708
sdb_max_len: 1.9903424158885938
dlt: 2.9938320086291417
formulation: None