instance: treeA.100.15
obj: 21.0
bound: 21.0
gap: 0.0
time: 0.3801121711730957
preprocess_time: 0.973726
sepa_time: 0.0
node: 1
formulation: LEFP