instance: treeA.500.50
obj: 139.0
bound: 138.00000353101706
gap: 0.007194219201316134
time: 1568.4357919692993
preprocess_time: 1.875043
sepa_time: 0.0
node: 364177
formulation: LEFPA