instance: treeA.200.30
obj: 298.0
bound: 298.0
gap: 0.0
time: 0.003715991973876953
preprocess_time: 1.747786
sepa_time: 0.0
node: 0
formulation: LEFPAV