instance: treeA.300.15
obj: 617.0
bound: 617.0
gap: 0.0
time: 2.4215540885925293
preprocess_time: 1.256346
sepa_time: 0.0
node: 715
formulation: LEFP