instance: treeA.200.20
obj: 47.0
bound: 47.0
gap: 0.0
time: 754.4742708206177
preprocess_time: 1.724218
sepa_time: 7.838123000308466e13
node: 264800
formulation: LEFPAV