instance: treeA.200.30
obj: 47.0
bound: 47.0
gap: 0.0
time: 6.443222999572754
preprocess_time: 0.983113
sepa_time: 0.0
node: 909
formulation: LEFPAD