instance: treeA.250.37
obj: 554.0
bound: 551.0
gap: 0.005415162454873646
time: 7199.038020849228
preprocess_time: 0.963277
sepa_time: 0.0
node: 2350747
formulation: LEFP