instance: treeA.600.30
obj: 129.0
bound: 129.0
gap: 0.0
time: 18.1125590801239
preprocess_time: 1.982115
sepa_time: 0.0
node: 1706
formulation: LEFPAD