instance: treeA.700.70
obj: 150.0
bound: 149.0
gap: 0.006666666666666667
time: 7198.52493596077
preprocess_time: 1.487432
sepa_time: 0.0
node: 846497
formulation: LEFP