instance: treeA.300.15
obj: 67.0
bound: 66.00000000000017
gap: 0.014925373134325813
time: 7199.040338039398
preprocess_time: 0.962504
sepa_time: 0.0
node: 3005400
formulation: LEFP