instance: treeA.200.20
obj: 43.0
bound: 43.0
gap: 0.0
time: 2.50811505317688
preprocess_time: 0.966621
sepa_time: 0.0
node: 1
formulation: LEFPAD