instance: treeA.350.52
obj: 777.0
bound: 773.0
gap: 0.005148005148005148
time: 7198.949671983719
preprocess_time: 1.05209
sepa_time: 0.0
node: 947147
formulation: LEFPAD