instance: treeA.250.50
obj: 575.0
bound: 573.0
gap: 0.0034782608695652175
time: 7199.0979590415955
preprocess_time: 0.904035
sepa_time: 0.0
node: 3206146
formulation: LEFP