instance: treeA.200.10
obj: 41.0
bound: 41.0
gap: 0.0
time: 0.7028670310974121
preprocess_time: 0.03067
sepa_time: 6.9289685675818e-310
node: 1
formulation: LEVFP