instance: treeA.250.50
obj: 52.999999777777774
bound: 52.999999777777774
gap: 0.0
time: 10.564759969711304
preprocess_time: 1.051285
sepa_time: 0.0
node: 565
formulation: LEFPAI