instance: treeA.600.30
obj: 143.0
bound: 143.0
gap: 0.0
time: 9.079355001449585
preprocess_time: 1.512528
sepa_time: 3.692676636577835e13
node: 656
formulation: LEFPAV