instance: treeA.200.10
obj: 41.0
bound: 41.0
gap: 0.0
time: 10.446359872817993
preprocess_time: 0.952507
sepa_time: 0.0
node: 2357
formulation: LEFP