instance: treeA.600.60
obj: 123.0
bound: 123.0
gap: 0.0
time: 66.47986316680908
preprocess_time: 0.179492
sepa_time: 0.0
node: 4350
formulation: LEVFP