instance: treeA.400.20
obj: 118.0
bound: 118.0
gap: 0.0
time: 47.23717284202576
preprocess_time: 1.354725
sepa_time: 0.0
node: 21602
formulation: LEFPAI