instance: treeA.600.90
obj: 133.0
bound: 131.0
gap: 0.015037593984962405
time: 7198.477256059647
preprocess_time: 1.533857
sepa_time: 0.0
node: 1058113
formulation: LEFPA