instance: treeA.400.20
obj: 834.0
bound: 834.0
gap: 0.0
time: 193.7175691127777
preprocess_time: 1.75139
sepa_time: 0.0
node: 40034
formulation: LEFPAD