instance: treeA.300.30
obj: 643.0
bound: 643.0
gap: 0.0
time: 29.061487913131714
preprocess_time: 1.00473
sepa_time: 0.0
node: 11360
formulation: LEFPA