instance: treeA.200.20
obj: 429.0
bound: 429.0
gap: 0.0
time: 311.03537702560425
preprocess_time: 1.012758
sepa_time: 0.0
node: 247282
formulation: LEFPA