instance: treeA.400.40
obj: 91.0
bound: 89.00000000000011
gap: 0.021978021978020727
time: 7198.621302127838
preprocess_time: 1.385803
sepa_time: 0.0
node: 1442329
formulation: LEFP