instance: treeA.400.20
obj: 118.0
bound: 118.0
gap: 0.0
time: 4.43924617767334
preprocess_time: 1.785963
sepa_time: 0.0
node: 741
formulation: LEFPA