instance: treeA.700.35
obj: 1451.0
bound: 1450.0
gap: 0.0006891798759476223
time: 7198.115148067474
preprocess_time: 1.887978
sepa_time: 0.7487039999999997
node: 3519936
formulation: LEFPAV