instance: treeA.200.30
obj: 49.0
bound: 49.0
gap: 0.0
time: 5.492110013961792
preprocess_time: 1.757294
sepa_time: 0.0
node: 692
formulation: LEFPAI