instance: treeA.350.35
obj: 751.0
bound: 751.0
gap: 0.0
time: 311.40204310417175
preprocess_time: 0.92558
sepa_time: 0.0
node: 133529
formulation: LEFP