instance: treeA.200.20
obj: 292.0
bound: 292.0
gap: 0.0
time: 0.004934072494506836
preprocess_time: 1.955494
sepa_time: 0.0
node: 0
formulation: LEFPAI