instance: treeA.300.45
obj: 62.0
bound: 62.0
gap: 0.0
time: 14.390213966369629
preprocess_time: 1.285646
sepa_time: 1.937005833950527e14
node: 1670
formulation: LEFPAV