instance: treeA.700.105
obj: 1553.0
bound: 1546.0
gap: 0.004507405022537025
time: 7198.613121986389
preprocess_time: 1.391465
sepa_time: 0.0
node: 2219711
formulation: LEFP