instance: treeA.100.10
obj: 214.0
bound: 214.0
gap: 0.0
time: 6.619426012039185
preprocess_time: 0.953064
sepa_time: 0.0
node: 6625
formulation: LEFPAD