instance: treeA.700.35
obj: 153.0
bound: 152.00000000000014
gap: 0.006535947712417372
time: 7198.125272035599
preprocess_time: 1.882795
sepa_time: 0.0
node: 506308
formulation: LEFPAD