instance: treeA.200.40
obj: 456.0
bound: 456.0
gap: 0.0
time: 601.228893995285
preprocess_time: 1.36508
sepa_time: 0.0
node: 320771
formulation: LEFPA