instance: treeA.700.105
obj: 167.0
bound: 163.0
gap: 0.023952095808383235
time: 7198.51442193985
preprocess_time: 1.491849
sepa_time: 2.172100333029332e14
node: 607666
formulation: LEFPAV