instance: treeA.100.15
obj: 221.0
bound: 221.0
gap: 0.0
time: 7.254183053970337
preprocess_time: 1.042573
sepa_time: 1.3842199804211822e13
node: 12289
formulation: LEFPAV