instance: treeA.250.50
obj: 575.0
bound: 575.0
gap: 0.0
time: 6407.910838127136
preprocess_time: 0.978838
sepa_time: 1.3842199804211812e13
node: 3576801
formulation: LEFPAV