instance: treeA.700.105
obj: 142.0
bound: 141.0
gap: 0.007042253521126761
time: 7198.436617136002
preprocess_time: 1.576371
sepa_time: 0.0
node: 409067
formulation: LEFP