instance: treeA.700.35
obj: 1096.0
bound: 1096.0
gap: 0.0
time: 0.025316953659057617
preprocess_time: 1.121612
sepa_time: 0.0
node: 0
formulation: LEFPAD