instance: treeA.350.35
obj: 76.0
bound: 76.0
gap: 0.0
time: 3.1160571575164795
preprocess_time: 1.133179
sepa_time: 0.0
node: 128
formulation: LEFPAD