instance: treeA.500.75
obj: 118.0
bound: 117.00000000000014
gap: 0.008474576271185237
time: 7198.166397094727
preprocess_time: 1.84836
sepa_time: 0.0
node: 515335
formulation: LEFPAD