instance: treeA.400.60
obj: 888.0
bound: 883.0
gap: 0.00563063063063063
time: 7198.302409887314
preprocess_time: 1.698581
sepa_time: 0.0
node: 2147181
formulation: LEFPAI