instance: treeA.300.30
obj: 643.0
bound: 643.0
gap: 0.0
time: 146.9555230140686
preprocess_time: 0.95526
sepa_time: 0.0
node: 78434
formulation: LEFPAI