instance: treeA.200.20
obj: 432.0
bound: 384.0
gap: 0.1111111111111111
time: 7199.760612010956
preprocess_time: 0.253368
sepa_time: 0.0
node: 1502576
formulation: EFP