instance: treeA.200.10
obj: 51.0
bound: 51.0
gap: 0.0
time: 4.398505926132202
preprocess_time: 1.054289
sepa_time: 0.0
node: 4173
formulation: LEFPAI