instance: treeA.600.30
obj: 126.0
bound: 125.00000000000078
gap: 0.007936507936501733
time: 7199.841367006302
preprocess_time: 0.172229
sepa_time: 0.0
node: 1253380
formulation: EFP