instance: treeA.600.90
org_node: 600
org_edge: 689
org_min_len: 1.000290670484699
org_avg_len: 1.5040941495660771
org_max_len: 1.9990818671524297
dtf_node: 600
dtf_edge: 689
dtf_min_len: 1.000290670484699
dtf_avg_len: 1.5040941495660771
dtf_max_len: 1.9990818671524297
sdb_node: 600
sdb_edge: 689
sdb_min_len: 1.000290670484699
sdb_avg_len: 1.5040941495660771
sdb_max_len: 1.9990818671524297
dlt: 3.0081882991321542
formulation: None