instance: treeA.300.15
obj: 622.0
bound: 622.0
gap: 0.0
time: 3160.0028908252716
preprocess_time: 1.387316
sepa_time: 0.0
node: 965653
formulation: LEFPAD