instance: treeA.300.60
obj: 58.0
bound: 58.0
gap: 0.0
time: 125.84044313430786
preprocess_time: 1.379755
sepa_time: 0.0
node: 4420
formulation: LEFPAD