instance: treeA.400.20
obj: 95.0
bound: 93.00000000000004
gap: 0.02105263157894692
time: 7199.863154172897
preprocess_time: 0.143274
sepa_time: 0.0
node: 1953866
formulation: EFP