instance: treeA.200.30
obj: 49.0
bound: 49.0
gap: 0.0
time: 2.5493810176849365
preprocess_time: 1.766863
sepa_time: 0.0
node: 279
formulation: LEFPA