instance: treeA.600.30
obj: 1259.0
bound: 1115.0
gap: 0.11437648927720413
time: 7197.503673791885
preprocess_time: 2.534735
sepa_time: 0.0
node: 239273
formulation: EFP