instance: treeA.600.90
obj: 116.0
bound: 115.0000000000002
gap: 0.008620689655170698
time: 7198.495222091675
preprocess_time: 1.51507
sepa_time: 0.0
node: 528737
formulation: LEFP