instance: treeA.300.15
obj: 82.0
bound: 81.00000286149947
gap: 0.012195087054884542
time: 107.17886209487915
preprocess_time: 1.492743
sepa_time: 0.0
node: 72709
formulation: LEFPAI