instance: treeA.600.30
obj: 126.0
bound: 126.0
gap: 0.0
time: 20.684977054595947
preprocess_time: 0.176896
sepa_time: 2.18e-321
node: 712
formulation: LEVFP