instance: treeA.150.22
obj: 30.0
bound: 30.0
gap: 0.0
time: 14.260887145996094
preprocess_time: 1.059138
sepa_time: 0.0
node: 947
formulation: LEFPAD