instance: treeA.200.20
obj: 292.0
bound: 292.0
gap: 0.0
time: 0.012388229370117188
preprocess_time: 1.855677
sepa_time: 0.0
node: 0
formulation: LEFPAD