instance: treeA.150.22
obj: 30.0
bound: 30.0
gap: 0.0
time: 2.05179500579834
preprocess_time: 1.060741
sepa_time: 6.918619540453436e13
node: 339
formulation: LEFPAV