instance: treeA.200.20
obj: 43.0
bound: 43.0
gap: 0.0
time: 9.732375144958496
preprocess_time: 1.21737
sepa_time: 0.0
node: 880
formulation: LEFP