instance: treeA.250.37
obj: 52.0
bound: 52.0
gap: 0.0
time: 18.21364402770996
preprocess_time: 1.346318
sepa_time: 0.0
node: 903
formulation: LEFPA