instance: treeA.350.70
obj: 803.0
bound: 793.0
gap: 0.012453300124533
time: 7199.8899800777435
preprocess_time: 0.111973
sepa_time: 0.0
node: 2395305
formulation: LEVFP