instance: treeA.500.75
obj: 105.0
bound: 103.0
gap: 0.01904761904761905
time: 7198.21448802948
preprocess_time: 1.793345
sepa_time: 2.817440097598176e14
node: 542095
formulation: LEFPAV