instance: treeA.700.70
obj: 182.0
bound: 180.0
gap: 0.01098901098901099
time: 7198.008913993835
preprocess_time: 1.995835
sepa_time: 0.0
node: 795019
formulation: LEFPAI