instance: treeA.400.20
obj: 118.0
bound: 118.0
gap: 0.0
time: 19.745792865753174
preprocess_time: 1.312481
sepa_time: 4.629315613637565e12
node: 10244
formulation: LEFPAV