instance: treeA.700.35
obj: 1096.0
bound: 1096.0
gap: 0.0
time: 0.007537126541137695
preprocess_time: 1.834605
sepa_time: 0.0
node: 0
formulation: LEFPAV