instance: treeA.350.52
obj: 777.0
bound: 770.0
gap: 0.009009009009009009
time: 7198.969715118408
preprocess_time: 1.033427
sepa_time: 0.0
node: 531608
formulation: LEFPAD