instance: treeB.400.40
obj: 869.0
bound: 784.0
gap: 0.09781357882623705
time: 7198.531236171722
preprocess_time: 1.488484
sepa_time: 0.0
node: 505423
formulation: EFP