instance: treeB.400.40
obj: 85.0
bound: 85.0
gap: 0.0
time: 2.904383897781372
preprocess_time: 1.681251
sepa_time: 0.0
node: 425
formulation: LEFPA