instance: treeB.600.30
obj: 131.0
bound: 131.0
gap: 0.0
time: 4.779268026351929
preprocess_time: 1.787536
sepa_time: 0.0
node: 747
formulation: LEFPAI