instance: treeB.200.20
obj: 434.0
bound: 433.0
gap: 0.002304147465437788
time: 7199.956144094467
preprocess_time: 0.04574
sepa_time: 6.9437998937398e-310
node: 5224145
formulation: LEVFP