instance: treeB.500.75
obj: 1113.0
bound: 1110.0
gap: 0.0026954177897574125
time: 7198.664783000946
preprocess_time: 1.339438
sepa_time: 0.0
node: 2708833
formulation: LEFP