instance: treeB.600.30
obj: 1241.0000000005589
bound: 1234.0000000000007
gap: 0.005640612409794561
time: 7199.816264867783
preprocess_time: 0.189617
sepa_time: 0.0
node: 4521321
formulation: LEVFP