instance: treeB.400.20
obj: 836.0
bound: 835.0000000000017
gap: 0.0011961722488017879
time: 7198.254394054413
preprocess_time: 1.747605
sepa_time: 0.0
node: 2127028
formulation: LEFPAD