instance: treeB.200.10
org_node: 200
org_edge: 209
org_min_len: 1.0093154568842464
org_avg_len: 1.5089892462514156
org_max_len: 1.98423584931659
dtf_node: 200
dtf_edge: 209
dtf_min_len: 1.0093154568842464
dtf_avg_len: 1.5089892462514156
dtf_max_len: 1.98423584931659
sdb_node: 200
sdb_edge: 209
sdb_min_len: 1.0093154568842464
sdb_avg_len: 1.5089892462514156
sdb_max_len: 1.98423584931659
dlt: 3.0179784925028312
formulation: None