instance: treeB.600.30
obj: 127.0
bound: 127.0
gap: 0.0
time: 5.4046571254730225
preprocess_time: 0.122422
sepa_time: 0.0
node: 1
formulation: LEVFP