instance: treeB.200.10
obj: 415.0
bound: 415.0
gap: 0.0
time: 741.4971990585327
preprocess_time: 0.048673
sepa_time: 0.0
node: 851296
formulation: LEVFP