instance: treeB.300.30
obj: 58.0
bound: 58.0
gap: 0.0
time: 5.714117050170898
preprocess_time: 1.227536
sepa_time: 0.0
node: 522
formulation: LEFP