instance: treeB.700.105
obj: 141.0
bound: 141.0
gap: 0.0
time: 973.4444289207458
preprocess_time: 1.93065
sepa_time: 0.0
node: 11302
formulation: LEFPAD