instance: treeB.500.50
obj: 105.0
bound: 105.0
gap: 0.0
time: 262.7477169036865
preprocess_time: 0.076783
sepa_time: 0.0
node: 11467
formulation: EFP