instance: treeB.400.40
obj: 83.0
bound: 83.0
gap: 0.0
time: 15.593182802200317
preprocess_time: 1.252907
sepa_time: 0.0
node: 742
formulation: LEFP