instance: treeB.400.20
obj: 82.0
bound: 82.0
gap: 0.0
time: 1.9581208229064941
preprocess_time: 0.073922
sepa_time: 0.0
node: 1
formulation: EFP