instance: treeB.200.20
obj: 434.0
bound: 434.0
gap: 0.0
time: 1831.1221368312836
preprocess_time: 1.290228
sepa_time: 0.0
node: 1385931
formulation: LEFP