instance: treeB.300.15
org_node: 300
org_edge: 314
org_min_len: 1.0122654033755079
org_avg_len: 1.523224240348145
org_max_len: 1.996631463959332
dtf_node: 238
dtf_edge: 252
dtf_min_len: 1.0122654033755079
dtf_avg_len: 1.897985759798879
dtf_max_len: 5.455718946346979
sdb_node: 1369
sdb_edge: 1383
sdb_min_len: 0.2879317517377391
sdb_avg_len: 0.34583688464881873
sdb_max_len: 0.38075509982108013
dlt: 0.38080606008703627
formulation: None