instance: treeB.700.105
obj: 1562.0
bound: 1544.0
gap: 0.011523687580025609
time: 7199.919034957886
preprocess_time: 0.085097
sepa_time: 0.0
node: 2618642
formulation: LEVFP