instance: treeB.700.70
obj: 148.0
bound: 147.00000000000014
gap: 0.006756756756755797
time: 7198.109417915344
preprocess_time: 1.89903
sepa_time: 2.3978910662635388e14
node: 856690
formulation: LEFPAV