instance: treeB.300.15
obj: 63.999999067795
bound: 63.999999067795
gap: 0.0
time: 0.26224517822265625
preprocess_time: 1.290567
sepa_time: 0.0
node: 1
formulation: LEFPAI