instance: treeB.700.35
obj: 150.0
bound: 150.0
gap: 0.0
time: 16.51264190673828
preprocess_time: 0.215922
sepa_time: 0.0
node: 744
formulation: EFP