instance: treeB.700.105
obj: 1561.0
bound: 1552.0
gap: 0.005765534913516977
time: 7198.722773075104
preprocess_time: 1.278263
sepa_time: 0.0
node: 2177414
formulation: LEFPAI