instance: treeB.300.15
org_node: 300
org_edge: 314
org_min_len: 1.0122654033755079
org_avg_len: 1.523224240348145
org_max_len: 1.996631463959332
dtf_node: 300
dtf_edge: 314
dtf_min_len: 1.0122654033755079
dtf_avg_len: 1.523224240348145
dtf_max_len: 1.996631463959332
sdb_node: 300
sdb_edge: 314
sdb_min_len: 1.0122654033755079
sdb_avg_len: 1.523224240348145
sdb_max_len: 1.996631463959332
dlt: 3.04644848069629
formulation: None