instance: treeB.700.70
org_node: 700
org_edge: 769
org_min_len: 1.001564335933399
org_avg_len: 1.4976174739037238
org_max_len: 1.9999766211030285
dtf_node: 545
dtf_edge: 614
dtf_min_len: 1.001564335933399
dtf_avg_len: 1.8756805169901691
dtf_max_len: 8.285043455360594
sdb_node: 3317
sdb_edge: 3386
sdb_min_len: 0.28089718419087306
sdb_avg_len: 0.3401263548233776
sdb_max_len: 0.3743463321533317
dlt: 0.37440436847593095
formulation: None