instance: treeB.300.30
obj: 647.0
bound: 647.0
gap: 0.0
time: 3125.4286761283875
preprocess_time: 1.731984
sepa_time: 0.0
node: 1581866
formulation: LEFPA