instance: treeB.500.25
obj: 110.0
bound: 110.0
gap: 0.0
time: 2.0038700103759766
preprocess_time: 1.271753
sepa_time: 0.0
node: 393
formulation: LEFPAD