instance: treeB.500.75
obj: 100.0
bound: 100.0
gap: 0.0
time: 79.9418420791626
preprocess_time: 0.071177
sepa_time: 6.95043199548366e-310
node: 2269
formulation: LEVFP