instance: treeB.700.105
org_node: 700
org_edge: 804
org_min_len: 1.0028355514800165
org_avg_len: 1.5028201885804164
org_max_len: 1.999595043934387
dtf_node: 538
dtf_edge: 642
dtf_min_len: 1.0028355514800165
dtf_avg_len: 1.8820364978483757
dtf_max_len: 6.950036573192747
sdb_node: 3410
sdb_edge: 3514
sdb_min_len: 0.28269153788809664
sdb_avg_len: 0.3438438906143035
sdb_max_len: 0.3756432861853157
dlt: 0.3757050471451041
formulation: None