instance: treeB.300.30
obj: 59.0
bound: 59.0
gap: 0.0
time: 20.53471088409424
preprocess_time: 1.667431
sepa_time: 0.0
node: 3779
formulation: LEFPAD