instance: treeB.600.90
obj: 1350.0
bound: 1220.0
gap: 0.0962962962962963
time: 7197.710643053055
preprocess_time: 2.3096
sepa_time: 0.0
node: 254071
formulation: EFP