instance: treeB.500.75
obj: 102.0
bound: 101.0000000000002
gap: 0.009803921568625501
time: 7198.243540048599
preprocess_time: 1.760471
sepa_time: 0.0
node: 1071567
formulation: LEFPAI