instance: treeB.700.70
obj: 1512.0
bound: 1505.0
gap: 0.004629629629629629
time: 7198.742734909058
preprocess_time: 1.260732
sepa_time: 1.384219980421186e13
node: 3695966
formulation: LEFPAV