instance: treeB.500.75
obj: 102.0
bound: 102.0
gap: 0.0
time: 254.93934893608093
preprocess_time: 1.758773
sepa_time: 0.0
node: 23768
formulation: LEFPA