instance: treeB.200.30
obj: 40.0
bound: 40.0
gap: 0.0
time: 2.0600950717926025
preprocess_time: 0.959629
sepa_time: 0.0
node: 1
formulation: LEFP