instance: treeB.700.105
obj: 141.0
bound: 141.0
gap: 0.0
time: 109.19952321052551
preprocess_time: 1.912392
sepa_time: 2.1671701743440928e14
node: 2912
formulation: LEFPAV