instance: treeB.400.40
obj: 85.0
bound: 85.0
gap: 0.0
time: 6.91363000869751
preprocess_time: 1.73663
sepa_time: 1.200566086161558e14
node: 789
formulation: LEFPAV