instance: treeB.700.105
org_node: 700
org_edge: 804
org_min_len: 1.0028355514800165
org_avg_len: 1.5028201885804164
org_max_len: 1.999595043934387
dtf_node: 700
dtf_edge: 804
dtf_min_len: 1.0028355514800165
dtf_avg_len: 1.5028201885804164
dtf_max_len: 1.999595043934387
sdb_node: 700
sdb_edge: 804
sdb_min_len: 1.0028355514800165
sdb_avg_len: 1.5028201885804164
sdb_max_len: 1.999595043934387
dlt: 3.005640377160833
formulation: None