instance: treeB.500.50
org_node: 500
org_edge: 549
org_min_len: 1.001151067448112
org_avg_len: 1.494345997656943
org_max_len: 1.9993735655001792
dtf_node: 500
dtf_edge: 549
dtf_min_len: 1.001151067448112
dtf_avg_len: 1.494345997656943
dtf_max_len: 1.9993735655001792
sdb_node: 500
sdb_edge: 549
sdb_min_len: 1.001151067448112
sdb_avg_len: 1.494345997656943
sdb_max_len: 1.9993735655001792
dlt: 2.988691995313886
formulation: None