instance: treeB.200.20
obj: 45.0
bound: 45.0
gap: 0.0
time: 1.3981049060821533
preprocess_time: 1.353495
sepa_time: 0.0
node: 1
formulation: LEFP