instance: treeB.400.20
obj: 832.0
bound: 831.0000000000017
gap: 0.0012019230769210272
time: 7199.930613994598
preprocess_time: 0.072337
sepa_time: 6.92124597258543e-310
node: 4724940
formulation: LEVFP