instance: treeB.600.30
org_node: 600
org_edge: 629
org_min_len: 1.0028355514800165
org_avg_len: 1.5094169794047
org_max_len: 1.9995724168774514
dtf_node: 600
dtf_edge: 629
dtf_min_len: 1.0028355514800165
dtf_avg_len: 1.5094169794047
dtf_max_len: 1.9995724168774514
sdb_node: 600
sdb_edge: 629
sdb_min_len: 1.0028355514800165
sdb_avg_len: 1.5094169794047
sdb_max_len: 1.9995724168774514
dlt: 3.0188339588094
formulation: None