instance: treeB.400.40
obj: 858.9999952259515
bound: 857.0
gap: 0.0023282831630579773
time: 7200.129391908646
preprocess_time: 0.06731
sepa_time: 0.0
node: 3137072
formulation: LEVFP