instance: treeB.400.20
org_node: 400
org_edge: 419
org_min_len: 1.0026757226028857
org_avg_len: 1.5111309612215285
org_max_len: 1.9999078285092091
dtf_node: 400
dtf_edge: 419
dtf_min_len: 1.0026757226028857
dtf_avg_len: 1.5111309612215285
dtf_max_len: 1.9999078285092091
sdb_node: 400
sdb_edge: 419
sdb_min_len: 1.0026757226028857
sdb_avg_len: 1.5111309612215285
sdb_max_len: 1.9999078285092091
dlt: 3.022261922443057
formulation: None