instance: treeB.300.30
org_node: 300
org_edge: 329
org_min_len: 1.0004059396972875
org_avg_len: 1.4899217249218397
org_max_len: 1.9999078285092091
dtf_node: 231
dtf_edge: 260
dtf_min_len: 1.0004059396972875
dtf_avg_len: 1.8853240288434043
dtf_max_len: 7.206473990254961
sdb_node: 1413
sdb_edge: 1442
sdb_min_len: 0.2798886853137632
sdb_avg_len: 0.3399335974336239
sdb_max_len: 0.37214446171219684
dlt: 0.37248043123045993
formulation: None