instance: treeB.300.45
obj: 676.0
bound: 602.0
gap: 0.10946745562130178
time: 7199.048522233963
preprocess_time: 0.973398
sepa_time: 0.0
node: 775456
formulation: EFP