instance: treeB.600.60
obj: 130.0
bound: 130.0
gap: 0.0
time: 8.502142906188965
preprocess_time: 1.457114
sepa_time: 1.0609232717546406e14
node: 746
formulation: LEFPAV