instance: treeB.200.30
obj: 41.0
bound: 41.0
gap: 0.0
time: 17.518718957901
preprocess_time: 1.322224
sepa_time: 7.39379312698733e13
node: 4852
formulation: LEFPAV