instance: treeB.700.70
obj: 148.0
bound: 147.0000000000002
gap: 0.006756756756755413
time: 7198.108207941055
preprocess_time: 1.90035
sepa_time: 0.0
node: 1096947
formulation: LEFPA