instance: treeB.300.45
obj: 61.0
bound: 61.0
gap: 0.0
time: 76.05821895599365
preprocess_time: 0.056654
sepa_time: 0.0
node: 5258
formulation: EFP