instance: treeB.700.70
obj: 1530.0
bound: 1364.0
gap: 0.1084967320261438
time: 7197.087964057922
preprocess_time: 2.932693
sepa_time: 0.0
node: 239018
formulation: EFP