instance: treeB.700.70
obj: 1513.0
bound: 1502.0
gap: 0.007270323859881031
time: 7198.690828800201
preprocess_time: 1.312078
sepa_time: 0.0
node: 316125
formulation: LEFPAD