instance: treeB.500.50
obj: 1092.0
bound: 968.0
gap: 0.11355311355311355
time: 7198.050357103348
preprocess_time: 1.97438
sepa_time: 0.0
node: 404321
formulation: EFP