instance: treeB.600.30
obj: 131.0
bound: 131.0
gap: 0.0
time: 4.804030895233154
preprocess_time: 1.785523
sepa_time: 0.0
node: 898
formulation: LEFPA