instance: treeB.600.60
org_node: 600
org_edge: 659
org_min_len: 1.0028355514800165
org_avg_len: 1.507135686644536
org_max_len: 1.9989023332293387
dtf_node: 469
dtf_edge: 528
dtf_min_len: 1.005251198305618
dtf_avg_len: 1.8810651846567217
dtf_max_len: 6.644908907289901
sdb_node: 2830
sdb_edge: 2889
sdb_min_len: 0.28303994943669586
sdb_avg_len: 0.34378761422594145
sdb_max_len: 0.3766640438144789
dlt: 0.376783921661134
formulation: None