instance: treeB.600.30
obj: 127.0
bound: 127.0
gap: 0.0
time: 11.349276065826416
preprocess_time: 1.060735
sepa_time: 0.0
node: 793
formulation: LEFP