instance: treeB.300.15
obj: 627.0
bound: 627.0
gap: 0.0
time: 74.59669709205627
preprocess_time: 1.72037
sepa_time: 0.627926
node: 52702
formulation: LEFPAV