instance: treeB.500.75
obj: 102.0
bound: 102.0
gap: 0.0
time: 311.8022060394287
preprocess_time: 1.318092
sepa_time: 0.0
node: 9980
formulation: LEFPAD