instance: treeB.400.40
obj: 83.0
bound: 83.0
gap: 0.0
time: 27.476032972335815
preprocess_time: 0.070938
sepa_time: 6.9383436126621e-310
node: 1729
formulation: LEVFP