instance: treeB.300.45
obj: 61.0
bound: 61.0
gap: 0.0
time: 69.7718870639801
preprocess_time: 0.922042
sepa_time: 0.0
node: 5258
formulation: LEFP