instance: treeB.500.50
obj: 107.0
bound: 107.0
gap: 0.0
time: 977.0807559490204
preprocess_time: 1.330392
sepa_time: 0.0
node: 207774
formulation: LEFPAI