instance: treeB.600.60
obj: 1289.0
bound: 1287.0
gap: 0.0015515903801396431
time: 7198.771766901016
preprocess_time: 1.230128
sepa_time: 0.0
node: 1855185
formulation: LEFPA