instance: treeB.200.20
obj: 46.0
bound: 46.0
gap: 0.0
time: 1.7887330055236816
preprocess_time: 1.858642
sepa_time: 0.0
node: 195
formulation: LEFPAD