instance: treeB.600.90
org_node: 600
org_edge: 689
org_min_len: 1.001564335933399
org_avg_len: 1.503460919891134
org_max_len: 1.9999766211030285
dtf_node: 600
dtf_edge: 689
dtf_min_len: 1.001564335933399
dtf_avg_len: 1.503460919891134
dtf_max_len: 1.9999766211030285
sdb_node: 600
sdb_edge: 689
sdb_min_len: 1.001564335933399
sdb_avg_len: 1.503460919891134
sdb_max_len: 1.9999766211030285
dlt: 3.006921839782268
formulation: None