instance: treeB.500.25
obj: 109.0
bound: 109.0
gap: 0.0
time: 39.2651801109314
preprocess_time: 0.957019
sepa_time: 0.0
node: 966
formulation: LEFP