instance: treeB.400.40
obj: 862.0
bound: 860.0
gap: 0.002320185614849188
time: 7198.271203994751
preprocess_time: 1.732052
sepa_time: 0.0
node: 2742970
formulation: LEFPA