instance: treeB.700.35
obj: 1445.0
bound: 1437.0
gap: 0.005536332179930796
time: 7199.91467499733
preprocess_time: 0.089489
sepa_time: 6.9252880042782e-310
node: 3706926
formulation: LEVFP