instance: treeB.500.25
obj: 1037.0
bound: 1036.000000000001
gap: 0.0009643201542903476
time: 7198.106334924698
preprocess_time: 1.894478
sepa_time: 0.0
node: 4316627
formulation: LEFPAI