instance: treeB.400.40
obj: 85.0
bound: 85.0
gap: 0.0
time: 5.672147035598755
preprocess_time: 1.694337
sepa_time: 0.0
node: 495
formulation: LEFPAD