instance: treeB.300.15
obj: 64.0
bound: 64.0
gap: 0.0
time: 0.9159018993377686
preprocess_time: 1.237385
sepa_time: 3.2292321758030566e13
node: 1
formulation: LEFPAV