instance: treeB.300.30
obj: 647.0
bound: 646.0000000000007
gap: 0.0015455950540947726
time: 7198.198487997055
preprocess_time: 1.803491
sepa_time: 1.3842199804212025e13
node: 3942949
formulation: LEFPAV