instance: treeB.200.30
obj: 41.0
bound: 41.0
gap: 0.0
time: 1.7080121040344238
preprocess_time: 1.315293
sepa_time: 0.0
node: 71
formulation: LEFPA