instance: treeB.200.30
obj: 442.0
bound: 442.0
gap: 0.0
time: 254.66399216651917
preprocess_time: 1.690968
sepa_time: 0.6373510000000001
node: 179954
formulation: LEFPAV