instance: treeB.600.90
obj: 1340.0
bound: 1329.0
gap: 0.008208955223880597
time: 7198.7518100738525
preprocess_time: 1.250887
sepa_time: 0.0
node: 1980657
formulation: LEFPA