instance: treeB.700.105
obj: 1580.0
bound: 1399.0
gap: 0.11455696202531646
time: 7196.5422949790955
preprocess_time: 3.481132
sepa_time: 0.0
node: 211098
formulation: EFP