instance: treeB.600.30
obj: 1240.0
bound: 1240.0
gap: 0.0
time: 2371.671509027481
preprocess_time: 1.228537
sepa_time: 0.0
node: 1171291
formulation: LEFPAI