instance: treeB.600.60
obj: 125.0
bound: 125.0
gap: 0.0
time: 14.93374514579773
preprocess_time: 1.391116
sepa_time: 0.0
node: 711
formulation: LEFP