instance: treeB.400.60
obj: 79.0
bound: 79.0
gap: 0.0
time: 40.2268340587616
preprocess_time: 1.715726
sepa_time: 0.0
node: 725
formulation: LEFPAD