instance: treeB.200.30
org_node: 200
org_edge: 229
org_min_len: 1.0093154568842464
org_avg_len: 1.515127443642926
org_max_len: 1.98423584931659
dtf_node: 200
dtf_edge: 229
dtf_min_len: 1.0093154568842464
dtf_avg_len: 1.515127443642926
dtf_max_len: 1.98423584931659
sdb_node: 200
sdb_edge: 229
sdb_min_len: 1.0093154568842464
sdb_avg_len: 1.515127443642926
sdb_max_len: 1.98423584931659
dlt: 3.030254887285852
formulation: None