instance: treeB.400.40
org_node: 400
org_edge: 439
org_min_len: 1.001151067448112
org_avg_len: 1.496721953885114
org_max_len: 1.9993735655001792
dtf_node: 295
dtf_edge: 334
dtf_min_len: 1.001151067448112
dtf_avg_len: 1.9672483166334263
dtf_max_len: 7.419282252364004
sdb_node: 1883
sdb_edge: 1922
sdb_min_len: 0.2816457399619954
sdb_avg_len: 0.3418631309862447
sdb_max_len: 0.3739203366468137
dlt: 0.3741804884712785
formulation: None