instance: treeB.400.60
org_node: 400
org_edge: 459
org_min_len: 1.001151067448112
org_avg_len: 1.4920969859373219
org_max_len: 1.9993735655001792
dtf_node: 400
dtf_edge: 459
dtf_min_len: 1.001151067448112
dtf_avg_len: 1.4920969859373219
dtf_max_len: 1.9993735655001792
sdb_node: 400
sdb_edge: 459
sdb_min_len: 1.001151067448112
sdb_avg_len: 1.4920969859373219
sdb_max_len: 1.9993735655001792
dlt: 2.9841939718746437
formulation: None