instance: treeB.400.20
obj: 82.0
bound: 82.0
gap: 0.0
time: 14.808438777923584
preprocess_time: 0.056181
sepa_time: 0.0
node: 693
formulation: LEVFP