instance: treeB.700.35
org_node: 700
org_edge: 734
org_min_len: 1.001564335933399
org_avg_len: 1.4998709646316792
org_max_len: 1.9999766211030285
dtf_node: 700
dtf_edge: 734
dtf_min_len: 1.001564335933399
dtf_avg_len: 1.4998709646316792
dtf_max_len: 1.9999766211030285
sdb_node: 700
sdb_edge: 734
sdb_min_len: 1.001564335933399
sdb_avg_len: 1.4998709646316792
sdb_max_len: 1.9999766211030285
dlt: 2.9997419292633585
formulation: None