instance: treeB.400.60
obj: 892.0
bound: 885.0
gap: 0.007847533632286996
time: 7198.201441049576
preprocess_time: 1.802527
sepa_time: 0.0
node: 311794
formulation: LEFPAD