instance: treeB.200.20
obj: 435.0
bound: 435.0
gap: 0.0
time: 153.68961095809937
preprocess_time: 1.705376
sepa_time: 0.0
node: 106738
formulation: LEFPA