instance: treeB.200.20
org_node: 200
org_edge: 219
org_min_len: 1.0004059396972875
org_avg_len: 1.5209415391138053
org_max_len: 1.9984544408544425
dtf_node: 153
dtf_edge: 172
dtf_min_len: 1.0016912782186296
dtf_avg_len: 1.9365476573600187
dtf_max_len: 8.641672724805767
sdb_node: 941
sdb_edge: 960
sdb_min_len: 0.28702344639187066
sdb_avg_len: 0.3469647886103362
sdb_max_len: 0.37986486635558153
dlt: 0.3802353847784513
formulation: None