instance: treeB.700.70
obj: 148.0
bound: 147.0000000000003
gap: 0.006756756756754644
time: 7198.15837097168
preprocess_time: 1.844109
sepa_time: 0.0
node: 1054368
formulation: LEFPAI