instance: treeB.300.15
obj: 627.0
bound: 627.0
gap: 0.0
time: 146.44441390037537
preprocess_time: 1.713753
sepa_time: 0.0
node: 108004
formulation: LEFPAI