instance: treeB.500.75
obj: 1121.0
bound: 1114.0
gap: 0.006244424620874219
time: 7198.200127124786
preprocess_time: 1.800979
sepa_time: 0.0
node: 2772806
formulation: LEFPAI