instance: treeB.700.70
obj: 142.0
bound: 142.0
gap: 0.0
time: 28.341761112213135
preprocess_time: 1.399214
sepa_time: 0.0
node: 660
formulation: LEFP