instance: treeB.500.75
obj: 1113.0
bound: 1109.0
gap: 0.0035938903863432167
time: 7199.870770931244
preprocess_time: 0.131713
sepa_time: 0.0
node: 3328265
formulation: LEVFP