instance: treeB.700.35
obj: 1451.0
bound: 1447.0
gap: 0.0027567195037904893
time: 7198.714034080505
preprocess_time: 1.286688
sepa_time: 0.0
node: 4247427
formulation: LEFPAI