instance: treeB.700.105
obj: 1563.0
bound: 1545.0
gap: 0.011516314779270634
time: 7198.731100797653
preprocess_time: 1.271749
sepa_time: 0.0
node: 123481
formulation: LEFPAD