instance: treeB.300.45
obj: 61.0
bound: 61.0
gap: 0.0
time: 82.2433500289917
preprocess_time: 1.284333
sepa_time: 0.0
node: 10308
formulation: LEFPA