instance: treeB.500.75
obj: 1128.0
bound: 1015.0
gap: 0.10017730496453901
time: 7198.285099983215
preprocess_time: 1.740916
sepa_time: 0.0
node: 327145
formulation: EFP