instance: treeB.300.45
obj: 667.0
bound: 667.0
gap: 0.0
time: 4417.332549095154
preprocess_time: 1.753268
sepa_time: 0.0
node: 1324595
formulation: LEFPA