instance: treeB.600.30
obj: 1247.0
bound: 1140.0
gap: 0.08580593424218123
time: 7197.438075065613
preprocess_time: 2.590378
sepa_time: 0.0
node: 299097
formulation: EFP