instance: treeB.500.75
obj: 1121.0
bound: 1116.0
gap: 0.0044603033006244425
time: 7198.071153879166
preprocess_time: 1.931515
sepa_time: 1.384219980421216e13
node: 3430697
formulation: LEFPAV