instance: treeB.500.50
org_node: 500
org_edge: 549
org_min_len: 1.001151067448112
org_avg_len: 1.494345997656943
org_max_len: 1.9993735655001792
dtf_node: 363
dtf_edge: 412
dtf_min_len: 1.0080979657614901
dtf_avg_len: 1.9912523124118002
dtf_max_len: 6.5891104930085875
sdb_node: 2343
sdb_edge: 2392
sdb_min_len: 0.28089718419087306
sdb_avg_len: 0.34297489661942204
sdb_max_len: 0.3735766259039805
dlt: 0.3735864994142358
formulation: None