instance: treeB.300.30
obj: 59.0
bound: 59.0
gap: 0.0
time: 1.3426940441131592
preprocess_time: 1.254027
sepa_time: 0.0
node: 1
formulation: LEFPA