instance: treeB.600.30
obj: 131.0
bound: 131.0
gap: 0.0
time: 5.590527057647705
preprocess_time: 1.803492
sepa_time: 0.9763339999999997
node: 1123
formulation: LEFPAV