instance: treeB.400.60
obj: 893.0
bound: 888.0
gap: 0.005599104143337066
time: 7199.936062812805
preprocess_time: 0.067136
sepa_time: 6.9271333226182e-310
node: 4369198
formulation: LEVFP