instance: treeB.400.40
obj: 85.0
bound: 85.0
gap: 0.0
time: 5.679317951202393
preprocess_time: 1.666797
sepa_time: 0.0
node: 630
formulation: LEFPAI