instance: treeB.200.10
obj: 421.0
bound: 380.0
gap: 0.09738717339667459
time: 7199.364952087402
preprocess_time: 0.64852
sepa_time: 0.0
node: 1831875
formulation: EFP