instance: treeB.300.45
obj: 61.0
bound: 61.0
gap: 0.0
time: 118.26701092720032
preprocess_time: 1.204379
sepa_time: 1.7062447927626956e14
node: 11390
formulation: LEFPAV