instance: treeB.600.30
obj: 1241.0
bound: 1237.0
gap: 0.0032232070910556
time: 7198.868189096451
preprocess_time: 1.134652
sepa_time: 0.0
node: 4680978
formulation: LEFP