instance: treeB.600.30
org_node: 600
org_edge: 629
org_min_len: 1.0028355514800165
org_avg_len: 1.5094169794047
org_max_len: 1.9995724168774514
dtf_node: 479
dtf_edge: 508
dtf_min_len: 1.0028355514800165
dtf_avg_len: 1.868943464656608
dtf_max_len: 5.352253080356576
sdb_node: 2724
sdb_edge: 2753
sdb_min_len: 0.28303994943669586
sdb_avg_len: 0.3448686088069589
sdb_max_len: 0.3772180037673779
dlt: 0.377354244851175
formulation: None