instance: treeB.400.20
org_node: 400
org_edge: 419
org_min_len: 1.0026757226028857
org_avg_len: 1.5111309612215285
org_max_len: 1.9999078285092091
dtf_node: 305
dtf_edge: 324
dtf_min_len: 1.0026757226028857
dtf_avg_len: 1.954209483801914
dtf_max_len: 7.8346658714091
sdb_node: 1819
sdb_edge: 1838
sdb_min_len: 0.28459351537903893
sdb_avg_len: 0.34448524088782434
sdb_max_len: 0.3772180037673779
dlt: 0.3777827403053821
formulation: None