instance: treeB.600.60
obj: 125.0
bound: 125.0
gap: 0.0
time: 14.724277973175049
preprocess_time: 0.184482
sepa_time: 0.0
node: 711
formulation: EFP