instance: treeB.500.25
obj: 110.0
bound: 110.0
gap: 0.0
time: 1.491821050643921
preprocess_time: 1.34602
sepa_time: 1.9604943947095023e13
node: 1
formulation: LEFPAV