instance: treeB.400.20
obj: 836.0
bound: 835.0000000000018
gap: 0.001196172248801652
time: 7198.179834842682
preprocess_time: 1.820771
sepa_time: 0.0
node: 4609969
formulation: LEFPAI