instance: treeB.400.60
obj: 79.0
bound: 79.0
gap: 0.0
time: 19.637878894805908
preprocess_time: 1.707635
sepa_time: 2.2602187866745488e14
node: 869
formulation: LEFPAV