instance: r_25_0.4_112.txt
obj: 184.0
bound: 170.0
gap: 0.07608695652173914
time: 7199.916438102722
preprocess_time: 0.091141
sepa_time: 0.0
node: 2269189
formulation: EFP