instance: r_25_0.4_112.txt
obj: 2.0
bound: 2.0
gap: 0.0
time: 7.52690315246582
preprocess_time: 0.10418
sepa_time: 0.0
node: 1
formulation: EFP