instance: r_25_0.3_98.txt
obj: 17.0
bound: 6.871714452578719
gap: 0.5957815027859826
time: 1801.4303398132324
preprocess_time: 0.062297
node: 13573
algo: EVFP0