instance: r_25_0.1_36.txt
obj: 4.0
bound: 4.0
gap: 0.0
time: 2.1286730766296387
preprocess_time: 1.21662
sepa_time: 0.0
node: 1212
formulation: LEFP