instance: r_25_0.2_58.txt
obj: 4.0
bound: 2.9999999999999685
gap: 0.24999999999375788
time: 66.61593198776245
preprocess_time: 0.023239
node: 977
algo: ESFV