instance: r_25_0.1_36.txt
obj: 13.0
bound: 12.000000000000002
gap: 0.07692307692307679
time: 10.613106966018677
preprocess_time: 0.057844
sepa_time: 7.0e-323
node: 1283
formulation: EVFP