instance: r_25_0.2_58.txt
obj: 4.0
bound: 2.999999999999926
gap: 0.24999999999376854
time: 196.69222593307495
preprocess_time: 0.036086
node: 9373
algo: SF