instance: r_25_0.4_112.txt
obj: 2.0
bound: 2.0
gap: 0.0
time: 16.566184043884277
preprocess_time: 1.303939
sepa_time: 0.0
node: 53
formulation: LEFPAD