instance: r_25_0.3_98.txt
obj: 2.0
bound: 2.0
gap: 0.0
time: 5.047822952270508
preprocess_time: 0.030967
node: 89
formulation: LEFPV