instance: r_25_0.4_112.txt
obj: 2.0
bound: 1.0
gap: 0.499999999975
time: 0.2788519859313965
preprocess_time: 0.012484
node: 0
algo: F0