instance: r_25_0.2_58.txt
obj: 4.0
bound: 3.0000000000000004
gap: 0.2499999999999999
time: 49.50895094871521
preprocess_time: 0.031979
sepa_time: 0.0
node: 4047
formulation: LEFPD