instance: r_25_0.4_112.txt
obj: 2.0
bound: 2.0
gap: 0.0
time: 55.3023841381073
preprocess_time: 0.034265
node: 490
algo: EVFPL