instance: r_25_0.3_98.txt
obj: 16.0
bound: 10.438227756506347
gap: 0.3476107652161808
time: 3604.825567007065
preprocess_time: 0.063688
node: 213999
formulation: LEFPDB