instance: r_25_0.1_36.txt
obj: 67.0
bound: 67.0
gap: 0.0
time: 2.2514240741729736
preprocess_time: 0.037903
sepa_time: 0.0
node: 1813
formulation: LEFPD