instance: r_25_0.2_58.txt
obj: 4.0
bound: 4.0
gap: 0.0
time: 114.47571802139282
preprocess_time: 1.621422
sepa_time: 0.0
node: 4053
formulation: LEFPAI