instance: r_25_0.2_58.txt
obj: 14.0
bound: 9.768612283681481
gap: 0.3022419797348782
time: 1801.9412059783936
preprocess_time: 0.153178
node: 66621
algo: EVFPL