instance: r_25_0.2_58.txt
obj: 98.0
bound: 98.0
gap: 0.0
time: 1298.5474607944489
preprocess_time: 1.64436
sepa_time: 0.0
node: 368255
formulation: LEFPAD