instance: r_25_0.3_98.txt
obj: 98.0
bound: 0.0
gap: 1.0
time: 7200.422610998154
preprocess_time: 0.015311
sepa_time: 0.0
node: 1
formulation: EF