instance: r_25_0.2_58.txt
obj: 4.0
bound: 2.9999999999999734
gap: 0.24999999999375666
time: 29.33766198158264
preprocess_time: 1.727121
node: 1087
formulation: EFPV