instance: r_25_0.1_36.txt
obj: 13.0
bound: 11.99999999999994
gap: 0.07692307692248986
time: 291.2157139778137
preprocess_time: 0.038126
node: 30486
algo: EFPD