instance: r_25_0.4_112.txt
obj: 2.0
bound: 0.9999999999999948
gap: 0.49999999997500266
time: 52.70852494239807
preprocess_time: 0.034841
node: 470
algo: SF