instance: r_25_0.1_36.txt
obj: 13.0
bound: 11.999999999999925
gap: 0.07692307692249095
time: 354.0466568470001
preprocess_time: 0.076104
node: 79804
algo: F