instance: r_25_0.2_58.txt
obj: 4.0
bound: 2.9999999999999716
gap: 0.2499999999937571
time: 325.3759400844574
preprocess_time: 594.786536
node: 1107
algo: EFPV2