instance: r_25_0.3_98.txt
obj: 164.0
bound: 163.00006381860607
gap: 0.0060971718377678934
time: 1646.443265914917
preprocess_time: 0.035328
sepa_time: 0.0
node: 549388
formulation: LEVFP