instance: r_25_0.2_58.txt
obj: 4.0
bound: 2.99999999999993
gap: 0.24999999999376754
time: 523.5280890464783
preprocess_time: 0.021751
node: 15443
algo: SF