instance: r_25_0.1_36.txt
obj: 4.0
bound: 4.0
gap: 0.0
time: 1.4436140060424805
preprocess_time: 0.081019
node: 340
algo: EFPV