instance: r_25_0.2_58.txt
obj: 100.0
bound: 89.0
gap: 0.11
time: 3599.9561619758606
preprocess_time: 0.046302
sepa_time: 0.0
node: 1314955
formulation: EFP