instance: r_25_0.2_58.txt
obj: 4.0
bound: 4.0
gap: 0.0
time: 2630.7724108695984
preprocess_time: 0.016296
sepa_time: 0.0
node: 1218
formulation: EF