instance: r_25_0.2_58.txt
obj: 0.0
bound: 0.0
gap: 0.0
time: 0.1900949478149414
preprocess_time: 0.020189
node: 0
algo: EVFP