instance: r_25_0.1_36.txt
obj: 13.0
bound: 11.99999999999991
gap: 0.07692307692249217
time: 343.6062099933624
preprocess_time: 0.038455
node: 67316
formulation: EVFP