instance: r_25_0.2_58.txt
obj: 4.0
bound: 4.0
gap: 0.0
time: 46.743348121643066
preprocess_time: 1.226652
sepa_time: 6.92880602305206e13
node: 4146
formulation: LEFPV