instance: r_25_0.2_58.txt
obj: 14.0
bound: 10.507174762274214
gap: 0.2494875169786312
time: 1801.4628808498383
preprocess_time: 0.06113
node: 60082
algo: EDF