instance: r_25_0.4_112.txt
obj: 1.0
bound: 0.0
gap: 0.9999999999
time: 1.4626028537750244
preprocess_time: 0.022206
node: 0
algo: EVFPV