instance: r_25_0.4_112.txt
obj: 18.0
bound: 6.3374447975529655
gap: 0.6479197334656802
time: 1801.0541429519653
preprocess_time: 0.102206
node: 2553
formulation: EFP