instance: r_25_0.2_58.txt
obj: 4.0
bound: 2.9999999999999973
gap: 0.24999999999375067
time: 370.65142011642456
preprocess_time: 0.033787
node: 3885
formulation: EFPD