instance: r_25_0.1_36.txt
obj: 67.0
bound: 61.000000000000014
gap: 0.08955223880596994
time: 7199.962951898575
preprocess_time: 0.041051
sepa_time: 0.0
node: 3264686
formulation: EFP