instance: r_25_0.2_58.txt
obj: 4.0
bound: 2.999999999999956
gap: 0.249999999993761
time: 346.3939847946167
preprocess_time: 0.036619
node: 9782
formulation: EVFP