instance: r_25_0.4_112.txt
obj: 2.0
bound: 2.0
gap: 0.0
time: 467.2226870059967
preprocess_time: 17.775981
node: 0
algo: EFPV