instance: r_25_0.2_58.txt
obj: 17.0
bound: 8.999999999999998
gap: 0.47058823529134963
time: 1801.191125869751
preprocess_time: 0.034073
node: 495
formulation: EF