instance: r_25_0.4_112.txt
obj: 2.0
bound: 0.9999999999999998
gap: 0.4999999999750001
time: 20.720010995864868
preprocess_time: 0.029004
node: 391
formulation: EFPI