instance: r_25_0.2_58.txt
obj: 4.0
bound: 2.9999999999999116
gap: 0.2499999999937721
time: 182.53311395645142
preprocess_time: 0.020805
node: 8536
algo: EFP0