instance: r_25_0.4_112.txt
obj: 2.0
bound: 2.0
gap: 0.0
time: 2.543416976928711
preprocess_time: 0.025974
sepa_time: 1.04e-322
node: 1
formulation: LEVFP