instance: r_25_0.2_58.txt
obj: 4.0
bound: 2.9999999999999396
gap: 0.2499999999937651
time: 467.053377866745
preprocess_time: 0.027027
node: 10324
formulation: LEVFP