instance: r_25_0.3_98.txt
obj: 2.0
bound: 1.0
gap: 0.499999999975
time: 53.395694971084595
preprocess_time: 0.025191
node: 628
algo: EFP0