instance: r_25_0.1_36.txt
obj: 67.0
bound: 60.0
gap: 0.1044776119402985
time: 3599.9614729881287
preprocess_time: 0.041544
sepa_time: 0.0
node: 1479148
formulation: EFP