instance: r_25_0.4_112.txt
obj: 111.0
bound: 0.0
gap: 1.0
time: 3601.1153309345245
preprocess_time: 0.019455
node: 1
formulation: EF