instance: r_25_0.2_58.txt
org_node: 25
org_edge: 58
org_min_len: 0.27748102256876905
org_avg_len: 0.6831242881041618
org_max_len: 0.9946460943203358
dtf_node: 53
dtf_edge: 86
dtf_min_len: 0.007996145348968309
dtf_avg_len: 0.46071172918652753
dtf_max_len: 0.6831236049798737
sdb_node: 53
sdb_edge: 86
sdb_min_len: 0.007996145348968309
sdb_avg_len: 0.46071172918652753
sdb_max_len: 0.6831236049798737
dlt: 0.6831242881041618
algo: None