instance: r_25_0.2_58.txt
obj: 4.0
bound: 4.0
gap: 0.0
time: 53.53829503059387
preprocess_time: 1.720704
sepa_time: 0.0
node: 5505
formulation: LEFPAD