instance: r_25_0.4_112.txt
obj: 182.0
bound: 182.0
gap: 0.0
time: 2052.9840989112854
preprocess_time: 1.613807
sepa_time: 0.0
node: 850414
formulation: LEFPA