instance: r_25_0.1_36.txt
obj: 4.0
bound: 4.0
gap: 0.0
time: 1.5061440467834473
preprocess_time: 0.9866
sepa_time: 8.303099131461262e13
node: 336
formulation: LEFPAV