instance: r_25_0.4_112.txt
obj: 13.0
bound: 10.0
gap: 0.23076923076923078
time: 3599.9513721466064
preprocess_time: 0.05032
node: 18914
formulation: LEFPD