instance: r_25_0.3_98.txt
obj: 2.0
bound: 1.0
gap: 0.499999999975
time: 113.12381982803345
preprocess_time: 0.031594
node: 520
algo: EVFP