instance: r_25_0.2_58.txt
obj: 98.0
bound: 98.0
gap: 0.0
time: 456.35452795028687
preprocess_time: 0.034743
sepa_time: 4.25e-322
node: 236888
formulation: LEVFP