instance: r_25_0.4_112.txt
obj: 13.0
bound: 12.0
gap: 0.07692307692307693
time: 3599.9403500556946
preprocess_time: 0.064014
sepa_time: 0.0
node: 81423
formulation: EVFP