instance: r_25_0.2_58.txt
obj: 14.0
bound: 9.289596891671227
gap: 0.33645736487822336
time: 1858.4991750717163
preprocess_time: 0.608832
node: 14932
algo: EFPV