instance: r_25_0.4_112.txt
obj: 2.0
bound: 2.0
gap: 0.0
time: 3.0768778324127197
preprocess_time: 1.317079
sepa_time: 0.0
node: 1
formulation: LEFPI