instance: r_25_0.4_112.txt
obj: 2.0
bound: 1.0000000000000004
gap: 0.4999999999749998
time: 22.83112406730652
preprocess_time: 0.041366
node: 470
formulation: LEFPDB