instance: r_25_0.4_112.txt
obj: 2.0
bound: 2.0
gap: 0.0
time: 5.32505989074707
preprocess_time: 1.886764
sepa_time: 0.0
node: 1
formulation: LEFPAI