instance: r_25_0.1_36.txt
obj: 66.0
bound: 66.0
gap: 0.0
time: 5.99294900894165
preprocess_time: 1.238516
sepa_time: 0.0
node: 4418
formulation: LEFPD