instance: r_25_0.3_98.txt
obj: 2.0
bound: 2.0
gap: 0.0
time: 17.76172399520874
preprocess_time: 1.222679
sepa_time: 0.0
node: 438
formulation: LEFPD