instance: r_25_0.1_36.txt
obj: 5.0
bound: 4.000000000000001
gap: 0.19999999999999982
time: 18.418299913406372
preprocess_time: 0.019143
node: 1
formulation: EF