instance: r_25_0.1_36.txt
obj: 4.0
bound: 2.9999999999999996
gap: 0.2499999999937501
time: 2.1454410552978516
preprocess_time: 0.037024
node: 1170
formulation: EFP