instance: r_25_0.3_98.txt
obj: 15.0
bound: 11.0
gap: 0.26666666666666666
time: 3599.939693927765
preprocess_time: 0.064568
sepa_time: 0.0
node: 128899
formulation: LEFPV2