instance: r_25_0.2_58.txt
obj: 98.0
bound: 98.0
gap: 0.0
time: 410.89663004875183
preprocess_time: 0.025889
sepa_time: 0.0
node: 236888
formulation: LEVFP