instance: r_25_0.1_36.txt
obj: 4.0
bound: 4.0
gap: 0.0
time: 9.117244005203247
preprocess_time: 0.023817
node: 1721
algo: EVFP0