instance: r_25_0.4_112.txt
obj: 182.0
bound: 182.0
gap: 0.0
time: 2125.994630098343
preprocess_time: 1.228758
sepa_time: 0.0
node: 757442
formulation: LEFP