instance: r_25_0.4_112.txt
obj: 18.0
bound: 5.083935976837942
gap: 0.7175591123939057
time: 3603.4537601470947
preprocess_time: 0.066315
node: 50288
formulation: LEFP