instance: r_25_0.2_58.txt
obj: 4.0
bound: 3.0000000000000004
gap: 0.2499999999999999
time: 65.66973185539246
preprocess_time: 0.029229
sepa_time: 6.94681408333637e-310
node: 2385
formulation: EVFP