instance: r_25_0.1_36.txt
obj: 13.0
bound: 11.999999999999998
gap: 0.07692307692248535
time: 3.3211731910705566
preprocess_time: 0.057154
node: 1940
formulation: LEFPDB