instance: r_25_0.4_112.txt
obj: 2.0
bound: 1.0000000000000007
gap: 0.49999999999999967
time: 1.8247871398925781
preprocess_time: 0.044308
sepa_time: 6.9248357648861e-310
node: 1
formulation: EVFP