instance: r_25_0.4_112.txt
obj: 182.0
bound: 181.00000000000003
gap: 0.005494505494505338
time: 1823.0920979976654
preprocess_time: 0.036213
sepa_time: 1.5e-323
node: 515256
formulation: LEVFP