instance: r_25_0.2_58.txt
obj: 13.0
bound: 9.968120657825168
gap: 0.2332214878578085
time: 1801.6026978492737
preprocess_time: 0.045179
node: 62153
algo: RF