instance: r_25_0.1_36.txt
obj: 4.0
bound: 4.0
gap: 0.0
time: 2.201889991760254
preprocess_time: 0.023064
node: 573
algo: RF