instance: r_25_0.3_98.txt
obj: 16.0
bound: 7.691319206116989
gap: 0.5192925496144426
time: 1804.8919398784637
preprocess_time: 0.131974
node: 20401
algo: RF