instance: r_25_0.1_36.txt
obj: 4.0
bound: 4.0
gap: 0.0
time: 1.057063102722168
preprocess_time: 0.019833
node: 611
formulation: EFP