instance: r_25_0.4_112.txt
obj: 2.0
bound: 2.0
gap: 0.0
time: 6.455158948898315
preprocess_time: 1.611385
sepa_time: 0.0
node: 1
formulation: LEFPAI