instance: r_25_0.1_36.txt
obj: 4.0
bound: 4.0
gap: 0.0
time: 0.8754928112030029
preprocess_time: 0.03461
sepa_time: 0.0
node: 36
formulation: EVFP