instance: r_25_0.4_112.txt
obj: 18.0
bound: 6.346295913740543
gap: 0.6474280047885952
time: 1800.1443049907684
preprocess_time: 0.057959
node: 3780
algo: F0