instance: r_25_0.1_36.txt
obj: 13.000000000000002
bound: 11.999999999999952
gap: 0.07692307692248902
time: 22.84230899810791
preprocess_time: 0.056135
node: 6669
formulation: LEVFP