instance: r_25_0.4_112.txt
obj: 2.0
bound: 1.0
gap: 0.499999999975
time: 15.498621940612793
preprocess_time: 0.040091
node: 100
algo: EFP