instance: r_25_0.4_112.txt
obj: 17.0
bound: 5.067993809494385
gap: 0.701882717084437
time: 3602.9595708847046
preprocess_time: 0.064601
node: 48291
formulation: EFP