instance: r_25_0.2_58.txt
obj: 4.0
bound: 4.0
gap: 0.0
time: 2229.111494064331
preprocess_time: 0.015374
sepa_time: 0.0
node: 1218
formulation: EF