instance: r_25_0.3_98.txt
obj: 166.0
bound: 154.0
gap: 0.07228915662650602
time: 3599.9133541584015
preprocess_time: 0.093489
sepa_time: 0.0
node: 970571
formulation: EFP