instance: r_25_0.4_112.txt
obj: 16.0
bound: 6.477542572168848
gap: 0.5951535892357274
time: 1800.8376109600067
preprocess_time: 0.089704
node: 2992
algo: ESF