instance: r_25_0.1_36.txt
obj: 5.0
bound: 4.000000000000001
gap: 0.19999999999999982
time: 21.99044394493103
preprocess_time: 0.025354
sepa_time: 3.5e-323
node: 1
formulation: EF