instance: r_25_0.2_58.txt
obj: 4.0
bound: 4.0
gap: 0.0
time: 54.778825998306274
preprocess_time: 0.022243
sepa_time: 0.0
node: 4198
formulation: EFP