instance: r_25_0.3_98.txt
obj: 15.0
bound: 11.0
gap: 0.26666666666666666
time: 3599.9541730880737
preprocess_time: 0.048467
node: 142662
formulation: LEFPV