instance: r_25_0.1_36.txt
obj: 5.0
bound: 5.0
gap: 0.0
time: 0.019321203231811523
preprocess_time: 0.038007
node: 0
algo: SFD