instance: r_25_0.2_58.txt
obj: 98.0
bound: 98.0
gap: 0.0
time: 389.98185896873474
preprocess_time: 1.625438
sepa_time: 1.3842199804211951e13
node: 220128
formulation: LEFPAV