instance: r_25_0.4_112.txt
obj: 2.0
bound: 2.0
gap: 0.0
time: 9.333696126937866
preprocess_time: 0.041764
node: 0
formulation: LEFPD