instance: r_25_0.1_36.txt
obj: 13.0
bound: 11.999999999999943
gap: 0.07692307692248958
time: 46.56638717651367
preprocess_time: 0.038608
node: 14435
algo: ESFV