instance: r_25_0.2_58.txt
obj: 4.0
bound: 2.9999999999999996
gap: 0.2499999999937501
time: 0.32216787338256836
preprocess_time: 0.036639
node: 133
algo: SFD