instance: r_25_0.2_58.txt
obj: 4.0
bound: 4.0
gap: 0.0
time: 107.66659307479858
preprocess_time: 0.02986
sepa_time: 5.0e-324
node: 4906
formulation: EVFP