instance: r_25_0.2_58.txt
obj: 4.0
bound: 4.0
gap: 0.0
time: 50.97810101509094
preprocess_time: 0.980333
sepa_time: 0.0
node: 5505
formulation: LEFPAD