instance: r_25_0.4_112.txt
obj: 2.0
bound: 0.9999999999999979
gap: 0.4999999999750011
time: 238.3660809993744
preprocess_time: 0.019834
node: 592
algo: EVFPV