instance: r_25_0.1_36.txt
obj: 13.0
bound: 11.999999999999904
gap: 0.07692307692249259
time: 258.82934188842773
preprocess_time: 0.038285
node: 68095
formulation: EFPI