instance: r_25_0.2_58.txt
obj: 13.0
bound: 11.062499999999993
gap: 0.14903846153731565
time: 3609.017657995224
preprocess_time: 0.058021
node: 710886
formulation: LEFPDB