instance: r_25_0.2_58.txt
obj: 98.0
bound: 97.00000000000001
gap: 0.010204081632652916
time: 314.3103711605072
preprocess_time: 0.037509
sepa_time: 0.0
node: 157792
formulation: LEVFP