instance: r_25_0.1_36.txt
obj: 4.0
bound: 2.9999999999999996
gap: 0.2499999999937501
time: 2.183950185775757
preprocess_time: 0.03871
node: 1170
formulation: LEFP