instance: r_25_0.1_36.txt
obj: 67.0
bound: 61.0
gap: 0.08955223880597014
time: 7199.961673974991
preprocess_time: 0.040956
sepa_time: 0.0
node: 2700684
formulation: EFP