instance: r_25_0.3_98.txt
obj: 164.0
bound: 164.0
gap: 0.0
time: 1187.6266720294952
preprocess_time: 0.888116
sepa_time: 0.0
node: 480933
formulation: LEFP