instance: r_25_0.2_58.txt
obj: 4.0
bound: 2.2113821138211383
gap: 0.4471544715335366
time: 3601.8592648506165
preprocess_time: 0.02016
node: 289
formulation: EF