instance: r_25_0.1_36.txt
obj: 67.0
bound: 67.0
gap: 0.0
time: 10.719794988632202
preprocess_time: 0.034581
sepa_time: 0.0
node: 6844
formulation: LEFPD