instance: r_25_0.2_58.txt
obj: 4.0
bound: 4.0
gap: 0.0
time: 54.877686977386475
preprocess_time: 1.22626
sepa_time: 1.385917470467398e13
node: 4000
formulation: LEFPV2