instance: r_25_0.3_98.txt
obj: 170.0
bound: 170.0
gap: 0.0
time: 650.7547500133514
preprocess_time: 1.254697
sepa_time: 0.0
node: 70096
formulation: LEFPD