instance: r_25_0.4_112.txt
org_node: 25
org_edge: 112
org_min_len: 0.2632596196238269
org_avg_len: 0.6422122916684357
org_max_len: 0.9982318395224349
dtf_node: 51
dtf_edge: 138
dtf_min_len: 0.051329775303299324
dtf_avg_len: 0.5212157729482959
dtf_max_len: 0.9982318395224349
sdb_node: 305
sdb_edge: 392
sdb_min_len: 0.13162980981191344
sdb_avg_len: 0.1834892261909817
sdb_max_len: 0.2117321479341671
dlt: 0.2119300562505838
formulation: None