instance: r_25_0.2_58.txt
obj: 100.0
bound: 89.0
gap: 0.11
time: 7199.965586185455
preprocess_time: 0.037254
sepa_time: 0.0
node: 2910898
formulation: EFP