instance: r_25_0.1_36.txt
obj: 67.0
bound: 59.0
gap: 0.11940298507462686
time: 7216.368494987488
preprocess_time: 0.053931
sepa_time: 0.0
node: 44849
formulation: EF