instance: r_25_0.2_58.txt
obj: 98.0
bound: 98.0
gap: 0.0
time: 320.93823194503784
preprocess_time: 1.632171
sepa_time: 0.0
node: 249721
formulation: LEFPA