instance: r_25_0.3_98.txt
obj: 2.0
bound: 2.0
gap: 0.0
time: 71.0712239742279
preprocess_time: 0.03223
node: 20
algo: ESFV