instance: r_25_0.3_98.txt
obj: 15.0
bound: 11.0
gap: 0.26666666666666666
time: 3599.954038143158
preprocess_time: 0.046968
node: 175450
formulation: LEFPI