instance: r_25_0.4_112.txt
obj: 2.0
bound: 2.0
gap: 0.0
time: 392.1213870048523
preprocess_time: 34.25897
node: 0
algo: EFPV