instance: r_25_0.3_98.txt
obj: 1.0
bound: 0.0
gap: 0.9999999999
time: 1.382416009902954
preprocess_time: 0.026644
node: 0
algo: EVFPV