instance: r_25_0.2_58.txt
obj: 14.0
bound: 10.33678754295631
gap: 0.26165803264410886
time: 1786.0188200473785
preprocess_time: 16.857646
node: 119476
algo: EFPV2