instance: r_25_0.1_36.txt
obj: 4.0
bound: 4.0
gap: 0.0
time: 1.8836240768432617
preprocess_time: 5.406799
node: 340
formulation: EFPV2