instance: r_25_0.1_36.txt
obj: 66.0
bound: 65.00000000000001
gap: 0.015151515151514937
time: 6.7280659675598145
preprocess_time: 0.046952
sepa_time: 0.0
node: 6208
formulation: LEFPI