instance: r_25_0.1_36.txt
obj: 66.0
bound: 65.0
gap: 0.015151515151515152
time: 3599.94619679451
preprocess_time: 0.057098
sepa_time: 0.0
node: 112665
formulation: EVFP