instance: r_25_0.2_58.txt
obj: 4.0
bound: 2.999999999999942
gap: 0.24999999999376454
time: 163.63065910339355
preprocess_time: 0.019238
node: 5369
algo: ERF