instance: r_25_0.3_98.txt
obj: 2.0
bound: 2.0
gap: 0.0
time: 48.176976919174194
preprocess_time: 1.30223
sepa_time: 0.0
node: 1017
formulation: LEFPAI