instance: r_25_0.3_98.txt
obj: 110.0
bound: 108.0
gap: 0.01818181818181818
time: 3599.945655107498
preprocess_time: 0.055689
sepa_time: 0.0
node: 724938
formulation: LEFPV2