instance: r_25_0.3_98.txt
obj: 2.0
bound: 2.0
gap: 0.0
time: 8.18723201751709
preprocess_time: 0.950751
sepa_time: 1.8446744039350703e13
node: 79
formulation: LEFPAV