instance: r_25_0.2_58.txt
obj: 13.0
bound: 10.711813411181051
gap: 0.176014352984719
time: 3603.57403588295
preprocess_time: 0.063312
node: 423750
formulation: LEFPI