instance: r_25_0.1_36.txt
obj: 13.0
bound: 11.999999999999996
gap: 0.07692307692248548
time: 4.5567100048065186
preprocess_time: 0.059328
node: 2301
formulation: LEFPI