instance: r_25_0.1_36.txt
obj: 4.0
bound: 4.0
gap: 0.0
time: 1.2040870189666748
preprocess_time: 0.021415
node: 440
algo: EFP0