instance: r_25_0.2_58.txt
obj: 4.0
bound: 2.9999999999999907
gap: 0.24999999999375233
time: 144.31559705734253
preprocess_time: 0.021765
node: 5823
algo: EFP