instance: r_25_0.4_112.txt
obj: 2.0
bound: 1.0
gap: 0.499999999975
time: 378.23929595947266
preprocess_time: 0.019716
node: 512
algo: EFPD