instance: r_25_0.2_58.txt
obj: 4.0
bound: 4.0
gap: 0.0
time: 51.83239006996155
preprocess_time: 1.304414
sepa_time: 0.0
node: 4194
formulation: LEFP