instance: r_25_0.4_112.txt
obj: 129.0
bound: 115.0
gap: 0.10852713178294573
time: 3599.921012878418
preprocess_time: 0.085868
sepa_time: 0.0
node: 812571
formulation: EFP