instance: r_25_0.4_112.txt
obj: 2.0
bound: 2.0
gap: 0.0
time: 3.775696039199829
preprocess_time: 1.415856
sepa_time: 0.0
node: 27
formulation: LEFPA