instance: r_25_0.2_58.txt
obj: 13.0
bound: 10.640418015216976
gap: 0.18150630652037483
time: 1779.2308611869812
preprocess_time: 22.837344
node: 133262
algo: EFPV2