instance: r_25_0.1_36.txt
obj: 67.0
bound: 59.0
gap: 0.11940298507462686
time: 7211.101240873337
preprocess_time: 0.039532
sepa_time: 0.0
node: 50655
formulation: EF