instance: r_25_0.3_98.txt
obj: 0.0
bound: 0.0
gap: 0.0
time: 0.23517107963562012
preprocess_time: 0.018575
node: 0
algo: EVFP