instance: r_25_0.1_36.txt
org_node: 25
org_edge: 36
org_min_len: 0.2698604308135318
org_avg_len: 0.7261128803527909
org_max_len: 0.9874679371971357
dtf_node: 36
dtf_edge: 47
dtf_min_len: 0.014033264054507999
dtf_avg_len: 0.556171567929797
dtf_max_len: 1.8121641470128105
sdb_node: 40
sdb_edge: 51
sdb_min_len: 0.014033264054507999
sdb_avg_len: 0.5125502684843228
sdb_max_len: 0.7261121542399105
dlt: 0.7261128803527909
algo: None