instance: r_25_0.4_112.txt
obj: 16.0
bound: 6.2272311982024835
gap: 0.6107980501085274
time: 3601.610414981842
preprocess_time: 0.064854
node: 21011
formulation: LEVFP