instance: r_25_0.1_36.txt
obj: 13.0
bound: 11.99999999999998
gap: 0.0769230769224867
time: 35.91773700714111
preprocess_time: 1.858036
node: 6326
algo: EFPV2