instance: r_25_0.3_98.txt
obj: 2.0
bound: 2.0
gap: 0.0
time: 1781.0105981826782
preprocess_time: 0.017832
node: 830
algo: EDF