instance: r_25_0.4_112.txt
obj: 183.0
bound: 176.0
gap: 0.03825136612021858
time: 3599.915009021759
preprocess_time: 0.097006
sepa_time: 0.0
node: 89448
formulation: EVFP