instance: r_25_0.2_58.txt
obj: 98.0
bound: 97.0000021243437
gap: 0.010204059955676584
time: 445.34275007247925
preprocess_time: 0.034881
sepa_time: 0.0
node: 236708
formulation: LEVFP