instance: r_25_0.4_112.txt
obj: 111.0
bound: 0.0
gap: 1.0
time: 3600.689467906952
preprocess_time: 0.026048
sepa_time: 0.0
node: 1
formulation: EF