instance: r_25_0.2_58.txt
obj: 13.0
bound: 10.232748122478705
gap: 0.21286552903846215
time: 3603.7934200763702
preprocess_time: 0.057628
node: 159609
formulation: LEVFP