instance: r_25_0.1_36.txt
obj: 66.0
bound: 65.00000000000006
gap: 0.01515151515151429
time: 15.30497407913208
preprocess_time: 0.0352
sepa_time: 0.0
node: 12881
formulation: LEFPV