instance: r_25_0.3_98.txt
obj: 2.0
bound: 2.0
gap: 0.0
time: 29.398635149002075
preprocess_time: 1.74166
sepa_time: 0.0
node: 658
formulation: LEFPA