instance: r_25_0.2_58.txt
obj: 72.0
bound: 71.00000000000001
gap: 0.013888888888888692
time: 918.0330061912537
preprocess_time: 0.037209
sepa_time: 0.0
node: 490528
formulation: LEFPI