instance: r_25_0.2_58.txt
obj: 13.0
bound: 10.569067189572499
gap: 0.18699483156990784
time: 1778.4859709739685
preprocess_time: 23.683531
node: 118773
algo: EFPV2