instance: r_25_0.4_112.txt
obj: 189.0
bound: 187.0
gap: 0.010582010582010581
time: 3598.6543629169464
preprocess_time: 1.347852
sepa_time: 0.0
node: 315016
formulation: LEFPD