instance: r_25_0.1_36.txt
obj: 65.99999999445401
bound: 65.99999999445401
gap: 0.0
time: 1.9654998779296875
preprocess_time: 0.944089
sepa_time: 1.8446743313500754e13
node: 2361
formulation: LEFPAV