instance: r_25_0.1_36.txt
obj: 4.0
bound: 4.0
gap: 0.0
time: 6.151111125946045
preprocess_time: 0.012028
node: 1391
algo: F0