instance: r_25_0.3_98.txt
obj: 17.0
bound: 6.8513856283719745
gap: 0.5969773159746076
time: 1801.183701992035
preprocess_time: 0.080725
node: 11332
algo: EVFPL