instance: r_25_0.4_112.txt
obj: 182.0
bound: 182.0
gap: 0.0
time: 2865.017518043518
preprocess_time: 1.658181
sepa_time: 2.0761530577505134e14
node: 1010491
formulation: LEFPAV