instance: r_25_0.1_36.txt
obj: 66.0
bound: 66.0
gap: 0.0
time: 1.7269890308380127
preprocess_time: 1.21818
sepa_time: 0.0
node: 2445
formulation: LEFPI