instance: r_25_0.2_58.txt
obj: 13.0
bound: 10.782380022963954
gap: 0.17058615207838362
time: 1801.9265990257263
preprocess_time: 0.055603
node: 60693
formulation: EFPD