instance: r_25_0.3_98.txt
obj: 164.0
bound: 163.00000000000003
gap: 0.006097560975609583
time: 793.5792961120605
preprocess_time: 1.327877
sepa_time: 0.0
node: 296150
formulation: LEFP