instance: r_25_0.4_112.txt
obj: 15.0
bound: 6.869705943784872
gap: 0.5420196037440618
time: 1801.2665991783142
preprocess_time: 0.040232
node: 10732
formulation: EFPI