instance: r_25_0.3_98.txt
obj: 2.0
bound: 2.0
gap: 0.0
time: 29.460567951202393
preprocess_time: 1.321463
sepa_time: 0.0
node: 665
formulation: LEFPI