instance: r_25_0.1_36.txt
obj: 13.0
bound: 11.999999999999961
gap: 0.07692307692248822
time: 40.404277086257935
preprocess_time: 1.471094
node: 14711
formulation: EFPV2