instance: r_25_0.2_58.txt
obj: 13.0
bound: 12.000000000000002
gap: 0.07692307692307679
time: 2397.2271258831024
preprocess_time: 0.044503
node: 250516
formulation: LEFPI