instance: r_25_0.3_98.txt
obj: 2.0
bound: 1.0
gap: 0.499999999975
time: 118.7115330696106
preprocess_time: 0.041627
node: 2276
formulation: LEFPI