instance: r_25_0.3_98.txt
obj: 147.0
bound: 9.500000000000005
gap: 0.9353741496592277
time: 1804.529386997223
preprocess_time: 0.051059
node: 0
algo: EF