instance: r_25_0.3_98.txt
obj: 164.0
bound: 164.0
gap: 0.0
time: 1335.2849309444427
preprocess_time: 1.307382
sepa_time: 0.0
node: 467662
formulation: LEFPAI