instance: r_25_0.2_58.txt
obj: 4.0
bound: 2.9999999999999374
gap: 0.24999999999376565
time: 57.38201713562012
preprocess_time: 1.898277
node: 926
algo: EFPV