instance: r_25_0.4_112.txt
obj: 16.0
bound: 5.952167974315608
gap: 0.6279895016013497
time: 1800.773640871048
preprocess_time: 0.085609
node: 3079
algo: EVFP0