instance: r_25_0.3_98.txt
obj: 164.0
bound: 164.0
gap: 0.0
time: 1205.36141705513
preprocess_time: 1.231387
sepa_time: 0.0
node: 520180
formulation: LEFP