instance: r_25_0.2_58.txt
obj: 13.0
bound: 10.93000330739384
gap: 0.15923051481463366
time: 3605.4860529899597
preprocess_time: 0.04532
node: 393106
formulation: EFP