instance: r_25_0.3_98.txt
obj: 17.0
bound: 6.836946388432142
gap: 0.5978266830298868
time: 1800.4998269081116
preprocess_time: 0.065584
node: 3654
algo: EVFPV