instance: r_25_0.1_36.txt
obj: 4.0
bound: 4.0
gap: 0.0
time: 1.8357000350952148
preprocess_time: 0.018749
sepa_time: 0.0
node: 1212
formulation: EFP