instance: r_25_0.2_58.txt
obj: 72.0
bound: 71.00000000000001
gap: 0.013888888888888692
time: 221.36333107948303
preprocess_time: 0.035932
sepa_time: 0.0
node: 95787
formulation: LEFP