instance: r_25_0.2_58.txt
obj: 4.0
bound: 4.0
gap: 0.0
time: 81.51022696495056
preprocess_time: 1.330122
sepa_time: 0.0
node: 7025
formulation: LEFPAD