instance: r_25_0.2_58.txt
obj: 98.0
bound: 98.0
gap: 0.0
time: 396.8467609882355
preprocess_time: 1.674289
sepa_time: 0.0
node: 203329
formulation: LEFPAI