instance: r_25_0.2_58.txt
obj: 14.0
bound: 10.000000100423788
gap: 0.28571427853911713
time: 1802.294399023056
preprocess_time: 0.058353
node: 74897
algo: EVFP0