instance: r_25_0.1_36.txt
obj: 67.0
bound: 59.0
gap: 0.11940298507462686
time: 3602.115226984024
preprocess_time: 0.06798
sepa_time: 0.0
node: 19165
formulation: EF