instance: r_25_0.3_98.txt
obj: 2.0
bound: 2.0
gap: 0.0
time: 9.144977807998657
preprocess_time: 0.023376
sepa_time: 0.0
node: 189
formulation: LEVFP