instance: r_25_0.3_98.txt
obj: 2.0
bound: 2.0
gap: 0.0
time: 21.637659072875977
preprocess_time: 1.307243
sepa_time: 0.0
node: 406
formulation: LEFPAD