instance: r_25_0.1_36.txt
obj: 13.0
bound: 11.999999999999917
gap: 0.07692307692249163
time: 37.22634220123291
preprocess_time: 0.029713
node: 11941
formulation: LEVFP