instance: r_25_0.1_36.txt
obj: 4.0
bound: 4.0
gap: 0.0
time: 1.1548359394073486
preprocess_time: 0.015661
node: 230
algo: EVFPL