instance: r_25_0.4_112.txt
obj: 14.0
bound: 8.599999999999977
gap: 0.38571428571153227
time: 1798.5249099731445
preprocess_time: 2.405517
node: 9109
algo: EFPV