instance: r_25_0.1_36.txt
obj: 4.0
bound: 4.0
gap: 0.0
time: 2.870901107788086
preprocess_time: 8.537442
node: 340
algo: EFPV2