instance: r_25_0.1_36.txt
obj: 4.0
bound: 4.0
gap: 0.0
time: 0.47528910636901855
preprocess_time: 0.908562
sepa_time: 0.0
node: 82
formulation: LEFPA