instance: r_25_0.2_58.txt
obj: 98.0
bound: 98.0
gap: 0.0
time: 631.968652009964
preprocess_time: 1.324205
sepa_time: 0.0
node: 187007
formulation: LEFPAD