instance: r_25_0.3_98.txt
obj: 16.0
bound: 8.425057792223932
gap: 0.47343388798304537
time: 1801.4462268352509
preprocess_time: 0.047147
node: 31255
algo: ERF