instance: r_25_0.2_58.txt
obj: 4.0
bound: 4.0
gap: 0.0
time: 46.61830186843872
preprocess_time: 0.944329
sepa_time: 0.0
node: 4716
formulation: LEFPV