instance: r_25_0.4_112.txt
obj: 13.0
bound: 10.0
gap: 0.23076923076923078
time: 3599.9397070407867
preprocess_time: 0.068523
sepa_time: 0.0
node: 57561
formulation: LEFPV2