instance: r_25_0.4_112.txt
obj: 2.0
bound: 1.0
gap: 0.499999999975
time: 15.738418102264404
preprocess_time: 0.048643
node: 100
formulation: EFP