instance: r_25_0.3_98.txt
obj: 17.0
bound: 6.861935941908384
gap: 0.5963567092959988
time: 3602.7098228931427
preprocess_time: 0.062526
node: 90332
formulation: EFP