instance: r_25_0.4_112.txt
obj: 0.0
bound: 0.0
gap: 0.0
time: 0.5946378707885742
preprocess_time: 0.030059
node: 0
algo: EVFP0