instance: r_25_0.2_58.txt
obj: 16.0
bound: 9.499999999999996
gap: 0.4062499999974612
time: 3604.5372788906097
preprocess_time: 0.038559
node: 6028
formulation: EF