instance: r_25_0.1_36.txt
org_node: 25
org_edge: 36
org_min_len: 0.2698604308135318
org_avg_len: 0.7261128803527909
org_max_len: 0.9874679371971357
dtf_node: 22
dtf_edge: 33
dtf_min_len: 0.08833239225355416
dtf_avg_len: 0.7921231422030445
dtf_max_len: 1.8121641470128105
sdb_node: 146
sdb_edge: 157
sdb_min_len: 0.1349302154067659
sdb_avg_len: 0.16649722097261443
sdb_max_len: 0.18138328028522366
dlt: 0.18152822008819772
formulation: None