instance: r_25_0.3_98.txt
obj: 2.0
bound: 2.0
gap: 0.0
time: 24.51491403579712
preprocess_time: 1.000463
sepa_time: 0.0
node: 658
formulation: LEFPA