instance: r_25_0.1_36.txt
org_node: 25
org_edge: 36
org_min_len: 0.2698604308135318
org_avg_len: 0.7261128803527909
org_max_len: 0.9874679371971357
dtf_node: 24
dtf_edge: 35
dtf_min_len: 0.030243419914361303
dtf_avg_len: 0.7468589626485846
dtf_max_len: 1.8121641470128105
sdb_node: 113
sdb_edge: 124
sdb_min_len: 0.1349302154067659
sdb_avg_len: 0.21080696526371337
sdb_max_len: 0.23593024938613158
dlt: 0.239617250516421
formulation: None