instance: r_25_0.1_36.txt
obj: 5.0
bound: 5.0
gap: 0.0
time: 290.8218128681183
preprocess_time: 0.012355
sepa_time: 0.0
node: 11197
formulation: EF