instance: r_25_0.2_58.txt
obj: 4.0
bound: 4.0
gap: 0.0
time: 2401.746877193451
preprocess_time: 0.01096
sepa_time: 0.0
node: 1218
formulation: EF