instance: r_25_0.1_36.txt
obj: 14.0
bound: 10.153842989516912
gap: 0.27472550074682967
time: 1802.8790788650513
preprocess_time: 0.020512
node: 32212
formulation: EF