instance: r_25_0.4_112.txt
obj: 182.0
bound: 181.00000000000003
gap: 0.005494505494505338
time: 988.0069739818573
preprocess_time: 1.355029
sepa_time: 0.0
node: 417299
formulation: LEFPV2