instance: r_25_0.3_98.txt
obj: 110.0
bound: 108.0
gap: 0.01818181818181818
time: 3599.956733942032
preprocess_time: 0.044265
sepa_time: 0.0
node: 792822
formulation: LEFP