instance: r_25_0.2_58.txt
obj: 4.0
bound: 2.999999999999915
gap: 0.2499999999937712
time: 141.4149510860443
preprocess_time: 0.032549
node: 3520
formulation: LEFPD