instance: r_25_0.4_112.txt
obj: 18.0
bound: 5.993772651176037
gap: 0.6670126304865146
time: 1800.8147699832916
preprocess_time: 0.055806
node: 3214
formulation: LEVFP