instance: r_25_0.3_98.txt
org_node: 25
org_edge: 98
org_min_len: 0.2518320676162178
org_avg_len: 0.574737436466333
org_max_len: 0.9903705037781224
dtf_node: 25
dtf_edge: 98
dtf_min_len: 0.2518320676162178
dtf_avg_len: 0.574737436466333
dtf_max_len: 0.9903705037781224
sdb_node: 25
sdb_edge: 98
sdb_min_len: 0.2518320676162178
sdb_avg_len: 0.574737436466333
sdb_max_len: 0.9903705037781224
dlt: 1.149474872932666
algo: None