instance: r_25_0.3_98.txt
obj: 16.0
bound: 7.341685789211904
gap: 0.5411446381708739
time: 1800.7439260482788
preprocess_time: 0.073612
node: 14633
algo: RF