instance: r_25_0.1_36.txt
obj: 13.0
bound: 11.99999999999999
gap: 0.07692307692248603
time: 5.523224115371704
preprocess_time: 0.057478
node: 2316
formulation: LEFPD