instance: r_25_0.3_98.txt
obj: 164.0
bound: 163.00000000000003
gap: 0.006097560975609583
time: 1408.6360080242157
preprocess_time: 0.037276
sepa_time: 6.94775176094943e-310
node: 480651
formulation: LEVFP