instance: r_25_0.2_58.txt
obj: 4.0
bound: 4.0
gap: 0.0
time: 57.686379194259644
preprocess_time: 1.62723
sepa_time: 0.0
node: 6115
formulation: LEFPA