instance: r_25_0.3_98.txt
obj: 164.0
bound: 164.0
gap: 0.0
time: 1204.049369096756
preprocess_time: 1.648991
sepa_time: 7.839280968159102e13
node: 489815
formulation: LEFPAV