instance: r_25_0.3_98.txt
obj: 2.0
bound: 2.0
gap: 0.0
time: 49.728790044784546
preprocess_time: 0.024918
node: 188
algo: RF