instance: r_25_0.4_112.txt
obj: 2.0
bound: 2.0
gap: 0.0
time: 2.7453598976135254
preprocess_time: 0.038786
sepa_time: 0.0
node: 1
formulation: LEFPV2