instance: r_25_0.4_112.txt
obj: 2.0
bound: 2.0
gap: 0.0
time: 39.17271304130554
preprocess_time: 0.041606
node: 490
formulation: LEVFP