instance: r_25_0.1_36.txt
obj: 13.0
bound: 11.99999999999992
gap: 0.07692307692249135
time: 45.02292609214783
preprocess_time: 0.110609
node: 11902
algo: EFPV