instance: r_25_0.4_112.txt
obj: 2.0
bound: 2.0
gap: 0.0
time: 441.18855381011963
preprocess_time: 53.476552
node: 0
formulation: EFPV