instance: r_25_0.3_98.txt
obj: 164.0
bound: 162.0
gap: 0.012195121951219513
time: 3599.9486360549927
preprocess_time: 0.051942
sepa_time: 0.0
node: 1149615
formulation: LEFPI