instance: r_25_0.2_58.txt
obj: 98.0
bound: 97.00000000000001
gap: 0.010204081632652916
time: 319.4733839035034
preprocess_time: 1.297261
sepa_time: 0.0
node: 190179
formulation: LEFPV2