instance: r_25_0.4_112.txt
obj: 2.0
bound: 0.9999999999999948
gap: 0.49999999997500266
time: 42.1190071105957
preprocess_time: 0.039777
node: 450
algo: F