instance: r_25_0.3_98.txt
obj: 2.0
bound: 2.0
gap: 0.0
time: 1581.61940908432
preprocess_time: 24.256766
node: 170
formulation: EFPV