instance: r_25_0.4_112.txt
obj: 2.0
bound: 1.0000000000000404
gap: 0.4999999999999798
time: 2.290341854095459
preprocess_time: 0.031721
node: 1
formulation: LEVFP