instance: r_25_0.2_58.txt
obj: 101.0
bound: 101.0
gap: 0.0
time: 462.1371560096741
preprocess_time: 0.047749
sepa_time: 0.0
node: 145305
formulation: LEFPD