instance: r_25_0.1_36.txt
obj: 4.0
bound: 3.0000000000000004
gap: 0.2499999999999999
time: 1.68597412109375
preprocess_time: 0.036013
sepa_time: 0.0
node: 248
formulation: LEFPD