instance: r_25_0.3_98.txt
obj: 16.0
bound: 7.313337201708885
gap: 0.5429164248898015
time: 1801.031415939331
preprocess_time: 0.086301
node: 11579
algo: RF