instance: r_25_0.4_112.txt
obj: 127.0
bound: 123.0
gap: 0.031496062992125984
time: 3599.933596134186
preprocess_time: 0.06829
sepa_time: 0.0
node: 610940
formulation: LEFPV2