instance: r_25_0.4_112.txt
obj: 2.0
bound: 2.0
gap: 0.0
time: 2.637468099594116
preprocess_time: 0.031981
node: 1
formulation: EFP