instance: r_25_0.4_112.txt
obj: 184.0
bound: 171.0
gap: 0.07065217391304347
time: 3599.88743185997
preprocess_time: 0.121538
sepa_time: 0.0
node: 863160
formulation: EFP