instance: r_25_0.4_112.txt
obj: 183.0
bound: 176.0
gap: 0.03825136612021858
time: 3599.9196951389313
preprocess_time: 0.085821
sepa_time: 0.0
node: 92278
formulation: EVFP