instance: r_25_0.3_98.txt
org_node: 25
org_edge: 98
org_min_len: 0.2518320676162178
org_avg_len: 0.574737436466333
org_max_len: 0.9903705037781224
dtf_node: 47
dtf_edge: 120
dtf_min_len: 0.062168903245681945
dtf_avg_len: 0.46936890644750556
dtf_max_len: 0.9903705037781224
sdb_node: 271
sdb_edge: 344
sdb_min_len: 0.1259160338081089
sdb_avg_len: 0.16373333945843221
sdb_max_len: 0.18932354867021012
dlt: 0.1896633540338899
formulation: None