instance: r_25_0.1_36.txt
obj: 13.0
bound: 11.999999999999922
gap: 0.07692307692249122
time: 102.21970200538635
preprocess_time: 0.041322
node: 26977
algo: ERF