instance: r_25_0.2_58.txt
obj: 13.0
bound: 9.852948110017083
gap: 0.24208091461220838
time: 1801.3659360408783
preprocess_time: 0.059318
node: 57284
algo: EVFPV