instance: r_25_0.2_58.txt
obj: 13.0
bound: 10.661396450054854
gap: 0.17989258076362746
time: 1803.0267639160156
preprocess_time: 0.047289
node: 90998
formulation: EFP