instance: r_25_0.3_98.txt
obj: 2.0
bound: 2.0
gap: 0.0
time: 59.33152914047241
preprocess_time: 1.300132
sepa_time: 0.0
node: 1036
formulation: LEFPAI