instance: r_25_0.2_58.txt
obj: 4.0
bound: 4.0
gap: 0.0
time: 75.45447397232056
preprocess_time: 1.313129
sepa_time: 0.0
node: 5228
formulation: LEFPA