instance: r_25_0.2_58.txt
obj: 4.0
bound: 2.999999999999903
gap: 0.2499999999937742
time: 415.6154730319977
preprocess_time: 0.039497
node: 26444
formulation: LEFPI