instance: r_25_0.1_36.txt
obj: 66.0
bound: 65.00000000000001
gap: 0.015151515151514937
time: 2.323049783706665
preprocess_time: 0.04811
sepa_time: 0.0
node: 3552
formulation: LEFPV2