instance: r_25_0.1_36.txt
obj: 4.0
bound: 4.0
gap: 0.0
time: 1.4046499729156494
preprocess_time: 1.59307
sepa_time: 4.152631667923256e13
node: 147
formulation: LEFPAV