instance: r_25_0.4_112.txt
obj: 18.0
bound: 8.181663158349926
gap: 0.5454631578664183
time: 1800.5077378749847
preprocess_time: 0.080445
node: 1727
algo: EFPD