instance: r_25_0.2_58.txt
obj: 99.0
bound: 95.0
gap: 0.04040404040404041
time: 3599.9393179416656
preprocess_time: 0.065071
sepa_time: 0.0
node: 100812
formulation: EVFP