instance: r_25_0.2_58.txt
obj: 4.0
bound: 2.999999999999908
gap: 0.24999999999377298
time: 537.4850988388062
preprocess_time: 0.017945
node: 13604
algo: RF