instance: r_25_0.1_36.txt
obj: 5.0
bound: 4.000000000000001
gap: 0.19999999999999982
time: 21.358548879623413
preprocess_time: 0.015081
sepa_time: -0.838081110586211
node: 1
formulation: EF