instance: r_25_0.2_58.txt
obj: 13.0
bound: 10.50970538431691
gap: 0.19156112428184113
time: 1801.6153528690338
preprocess_time: 0.24209
node: 122114
algo: EFPV