instance: r_25_0.4_112.txt
org_node: 25
org_edge: 112
org_min_len: 0.2632596196238269
org_avg_len: 0.6422122916684357
org_max_len: 0.9982318395224349
dtf_node: 32
dtf_edge: 119
dtf_min_len: 0.10270670725979086
dtf_avg_len: 0.6044350980408808
dtf_max_len: 0.9982318395224349
sdb_node: 419
sdb_edge: 506
sdb_min_len: 0.10964033182890755
sdb_avg_len: 0.14214975625862597
sdb_max_len: 0.16042331027662374
dlt: 0.16055307291710894
formulation: None