instance: r_25_0.4_112.txt
obj: 13.0
bound: 11.0
gap: 0.15384615384615385
time: 3599.9527220726013
preprocess_time: 0.049852
node: 158060
formulation: EFP