instance: r_25_0.1_36.txt
obj: 4.0
bound: 4.0
gap: 0.0
time: 1.05423903465271
preprocess_time: 0.015599
node: 310
algo: ESF