instance: r_25_0.3_98.txt
obj: 164.0
bound: 164.0
gap: 0.0
time: 4226.948949098587
preprocess_time: 1.311402
sepa_time: 0.0
node: 655690
formulation: LEFPAD