instance: r_25_0.4_112.txt
obj: 16.0
bound: 6.167366152548024
gap: 0.6145396154619077
time: 1800.156368970871
preprocess_time: 0.096544
node: 7035
algo: RF