instance: r_25_0.1_36.txt
obj: 66.0
bound: 66.0
gap: 0.0
time: 6.9905970096588135
preprocess_time: 1.013419
sepa_time: 0.0
node: 4384
formulation: LEFPAD