instance: r_25_0.4_112.txt
obj: 16.0
bound: 5.784460862427504
gap: 0.6384711960942906
time: 1800.4235589504242
preprocess_time: 0.068415
node: 4895
algo: EVFPV