instance: r_25_0.4_112.txt
obj: 2.0
bound: 1.0
gap: 0.499999999975
time: 13.003750085830688
preprocess_time: 0.029201
node: 70
algo: EFP0