instance: r_25_0.1_36.txt
obj: 13.0
bound: 11.999999999999904
gap: 0.07692307692249259
time: 201.8924789428711
preprocess_time: 0.076615
node: 32782
algo: SF