instance: r_25_0.2_58.txt
obj: 100.0
bound: 91.0
gap: 0.09
time: 7199.952787876129
preprocess_time: 0.050804
sepa_time: 0.0
node: 2642142
formulation: EFP