instance: r_25_0.4_112.txt
obj: 2.0
bound: 2.0
gap: 0.0
time: 2.5781941413879395
preprocess_time: 0.032437
node: 1
formulation: LEFPV