instance: r_25_0.4_112.txt
obj: 2.0
bound: 2.0
gap: 0.0
time: 3.0715038776397705
preprocess_time: 0.032331
node: 1
formulation: LEFP