instance: r_25_0.2_58.txt
obj: 4.0
bound: 3.0000000000000004
gap: 0.2499999999999999
time: 67.58144807815552
preprocess_time: 0.032214
sepa_time: 3.5e-323
node: 2394
formulation: LEVFP