instance: r_25_0.4_112.txt
obj: 18.0
bound: 6.337441535854157
gap: 0.6479199146711695
time: 1800.7480251789093
preprocess_time: 0.084272
node: 2366
algo: EFP