instance: r_25_0.4_112.txt
obj: 2.0
bound: 2.0
gap: 0.0
time: 15.566412210464478
preprocess_time: 0.033145
node: 1
formulation: LEFPD