instance: r_25_0.2_58.txt
obj: 13.0
bound: 10.925235652174013
gap: 0.15959725752384823
time: 3603.600357055664
preprocess_time: 0.061634
node: 388800
formulation: LEFP