instance: r_25_0.2_58.txt
obj: 13.0
bound: 12.000000000000002
gap: 0.07692307692307679
time: 3372.238131046295
preprocess_time: 0.062479
sepa_time: 0.0
node: 366169
formulation: LEFPV2