instance: r_25_0.4_112.txt
obj: 182.0
bound: 182.0
gap: 0.0
time: 1478.0287358760834
preprocess_time: 1.292496
sepa_time: 0.0
node: 498185
formulation: LEFPA