instance: r_25_0.3_98.txt
obj: 164.0
bound: 163.000002135307
gap: 0.006097547955445124
time: 1006.1291060447693
preprocess_time: 1.341711
sepa_time: 0.0
node: 361562
formulation: LEFPV2