instance: r_25_0.1_36.txt
obj: 4.0
bound: 4.0
gap: 0.0
time: 1.6806869506835938
preprocess_time: 0.039106
sepa_time: 0.0
node: 258
formulation: LEVFP