instance: r_25_0.3_98.txt
obj: 2.0
bound: 2.0
gap: 0.0
time: 5.1035401821136475
preprocess_time: 0.031936
sepa_time: 0.0
node: 89
formulation: LEFPV