instance: r_25_0.2_58.txt
obj: 0.0
bound: 0.0
gap: 0.0
time: 0.1598968505859375
preprocess_time: 0.056798
node: 0
algo: EVFP