instance: r_25_0.3_98.txt
obj: 16.0
bound: 9.603460874186267
gap: 0.3997836953608597
time: 763.3142080307007
preprocess_time: 1036.972683
node: 623
formulation: EFPV2