instance: r_25_0.3_98.txt
obj: 164.0
bound: 162.0
gap: 0.012195121951219513
time: 3599.9526228904724
preprocess_time: 0.04878
sepa_time: 0.0
node: 1241600
formulation: LEFP