instance: r_25_0.1_36.txt
obj: 66.0
bound: 66.0
gap: 0.0
time: 5.887382984161377
preprocess_time: 0.942857
sepa_time: 0.0
node: 4106
formulation: LEFPAD