instance: r_25_0.4_112.txt
obj: 182.0
bound: 181.00000000000003
gap: 0.005494505494505338
time: 7198.701496839523
preprocess_time: 1.300472
sepa_time: 0.0
node: 978467
formulation: LEFPAD