instance: r_25_0.2_58.txt
obj: 17.0
bound: 16.0
gap: 0.05882352941141869
time: 0.05971503257751465
preprocess_time: 0.077985
node: 0
algo: SFD