instance: r_25_0.4_112.txt
obj: 17.0
bound: 6.082884677712947
gap: 0.6421832542484021
time: 1800.9804689884186
preprocess_time: 0.084646
node: 9543
algo: SF