instance: r_25_0.3_98.txt
obj: 2.0
bound: 2.0
gap: 0.0
time: 9.713105916976929
preprocess_time: 0.028567
sepa_time: 0.0
node: 189
formulation: LEVFP