instance: r_25_0.3_98.txt
obj: 3.0
bound: 1.9999999999999958
gap: 0.33333333332222365
time: 1.0344221591949463
preprocess_time: 0.041193
node: 200
algo: SFD