instance: r_25_0.2_58.txt
obj: 98.0
bound: 97.0000020853312
gap: 0.010204060353763228
time: 323.64928793907166
preprocess_time: 1.235685
sepa_time: 1.3849760312452531e13
node: 185166
formulation: LEFPV