instance: r_25_0.2_58.txt
obj: 4.0
bound: 4.0
gap: 0.0
time: 2349.6122839450836
preprocess_time: 0.011449
sepa_time: 0.0
node: 1218
formulation: EF