instance: r_25_0.2_58.txt
obj: 4.0
bound: 2.9999999999999964
gap: 0.2499999999937509
time: 541.2555799484253
preprocess_time: 0.025026
node: 3852
algo: EFPD