instance: r_25_0.1_36.txt
obj: 13.0
bound: 11.999999999999904
gap: 0.07692307692249259
time: 398.7300100326538
preprocess_time: 0.040792
node: 60844
algo: EVFPV