instance: r_25_0.4_112.txt
obj: 105.0
bound: 105.0
gap: 0.0
time: 0.003821849822998047
preprocess_time: 1.323734
sepa_time: 0.0
node: 0
formulation: LEFPA