instance: r_25_0.4_112.txt
org_node: 25
org_edge: 112
org_min_len: 0.2632596196238269
org_avg_len: 0.6422122916684357
org_max_len: 0.9982318395224349
dtf_node: 83
dtf_edge: 170
dtf_min_len: 0.002755501157293394
dtf_avg_len: 0.42310456862861623
dtf_max_len: 0.6422116494561441
sdb_node: 83
sdb_edge: 170
sdb_min_len: 0.002755501157293394
sdb_avg_len: 0.42310456862861623
sdb_max_len: 0.6422116494561441
dlt: 0.6422122916684357
algo: None