instance: r_25_0.4_112.txt
obj: 2.0
bound: 2.0
gap: 0.0
time: 3.2600529193878174
preprocess_time: 1.182693
sepa_time: 0.0
node: 1
formulation: LEFPV