instance: r_25_0.3_98.txt
obj: 164.0
bound: 163.00000347981705
gap: 0.006097539757213091
time: 1195.5453910827637
preprocess_time: 1.228939
sepa_time: 0.0
node: 520172
formulation: LEFP