instance: r_25_0.3_98.txt
obj: 17.0
bound: 9.709999999999997
gap: 0.4288235294092424
time: 1086.7607641220093
preprocess_time: 716.964529
node: 4291
algo: EFPV2