instance: r_25_0.4_112.txt
obj: 2.0
bound: 1.0000000000000002
gap: 0.4999999999749999
time: 34.37848901748657
preprocess_time: 0.022419
node: 130
algo: EVFP