instance: r_25_0.4_112.txt
obj: 182.0
bound: 180.0
gap: 0.01098901098901099
time: 7198.764564037323
preprocess_time: 1.236807
sepa_time: 0.0
node: 816378
formulation: LEFPD