instance: r_25_0.4_112.txt
obj: 182.0
bound: 181.00000000000003
gap: 0.005494505494505338
time: 1849.173259973526
preprocess_time: 0.037949
sepa_time: 6.93277488524974e-310
node: 515256
formulation: LEVFP