instance: r_25_0.1_36.txt
obj: 4.0
bound: 4.0
gap: 0.0
time: 1.5636179447174072
preprocess_time: 1.046929
sepa_time: 8.303892634400138e13
node: 336
formulation: LEFPAV