instance: r_25_0.3_98.txt
obj: 15.000000000000103
bound: 7.726898310262141
gap: 0.484873445979295
time: 1801.065463066101
preprocess_time: 0.07595
node: 19482
algo: EFP