instance: r_25_0.1_36.txt
obj: 4.0
bound: 2.9999999999999996
gap: 0.2499999999937501
time: 1.7179269790649414
preprocess_time: 0.040506
node: 698
formulation: LEFPI