instance: r_25_0.3_98.txt
obj: 2.0
bound: 2.0
gap: 0.0
time: 70.36988282203674
preprocess_time: 0.029145
node: 480
algo: EVFP0