instance: r_25_0.3_98.txt
obj: 15.0
bound: 8.301286842842671
gap: 0.4465808771408447
time: 3602.34104514122
preprocess_time: 0.062473
node: 34136
formulation: LEVFP