instance: r_25_0.1_36.txt
obj: 4.0
bound: 4.0
gap: 0.0
time: 2.3226888179779053
preprocess_time: 0.019983
node: 573
algo: RF