instance: r_25_0.4_112.txt
obj: 182.0
bound: 182.0
gap: 0.0
time: 2406.6942949295044
preprocess_time: 0.965781
sepa_time: 0.0
node: 745790
formulation: LEFPAI