instance: r_25_0.4_112.txt
obj: 14.0
bound: 9.055975996468725
gap: 0.35314457167828295
time: 3603.0563158988953
preprocess_time: 0.065946
node: 126008
formulation: LEFPDB