instance: r_25_0.4_112.txt
obj: 2.0
bound: 0.9999999999999948
gap: 0.49999999997500266
time: 53.17844796180725
preprocess_time: 0.041182
node: 470
algo: SF