instance: r_25_0.3_98.txt
obj: 147.0
bound: 9.500000000000005
gap: 0.9353741496592277
time: 1805.3683519363403
preprocess_time: 0.045857
node: 0
formulation: EF