instance: r_25_0.2_58.txt
obj: 4.0
bound: 4.0
gap: 0.0
time: 105.87481117248535
preprocess_time: 0.029382
sepa_time: 0.0
node: 5275
formulation: LEVFP