instance: r_25_0.2_58.txt
obj: 98.0
bound: 97.00000231348183
gap: 0.01020405802569562
time: 489.43224692344666
preprocess_time: 1.303912
sepa_time: 0.0
node: 273262
formulation: LEFPV