instance: r_25_0.4_112.txt
obj: 183.0
bound: 171.0
gap: 0.06557377049180328
time: 3599.673399925232
preprocess_time: 0.333975
sepa_time: 0.0
node: 901911
formulation: EFP