instance: r_25_0.3_98.txt
org_node: 25
org_edge: 98
org_min_len: 0.2518320676162178
org_avg_len: 0.574737436466333
org_max_len: 0.9903705037781224
dtf_node: 28
dtf_edge: 101
dtf_min_len: 0.10814785218399367
dtf_avg_len: 0.5576660274623828
dtf_max_len: 0.9903705037781224
sdb_node: 370
sdb_edge: 443
sdb_min_len: 0.09943651703765179
sdb_avg_len: 0.1271428189022591
sdb_max_len: 0.1432929621500796
dlt: 0.14368435911658325
formulation: None