instance: r_25_0.1_36.txt
obj: 65.99999999407116
bound: 65.99999999407116
gap: 0.0
time: 1.2608580589294434
preprocess_time: 1.22239
sepa_time: 0.0
node: 2354
formulation: LEFP