instance: r_25_0.2_58.txt
obj: 101.0
bound: 101.0
gap: 0.0
time: 1014.2508389949799
preprocess_time: 1.24642
sepa_time: 0.0
node: 292787
formulation: LEFPD