instance: r_25_0.2_58.txt
obj: 4.0
bound: 3.0000000000000004
gap: 0.2499999999999999
time: 46.86455297470093
preprocess_time: 0.029584
node: 4026
formulation: LEFPD