instance: r_25_0.1_36.txt
obj: 13.0
bound: 11.999999999999961
gap: 0.07692307692248822
time: 50.810126066207886
preprocess_time: 1.676216
node: 14711
algo: EFPV2