instance: r_25_0.4_112.txt
obj: 2.0
bound: 1.0000000000000002
gap: 0.4999999999749999
time: 10.816234827041626
preprocess_time: 0.041536
node: 100
formulation: EFP