instance: r_25_0.3_98.txt
obj: 2.0
bound: 2.0
gap: 0.0
time: 6.381147146224976
preprocess_time: 1.286137
sepa_time: 0.0
node: 89
formulation: LEFPV