instance: r_25_0.4_112.txt
obj: 1.0
bound: 0.0
gap: 0.9999999999
time: 3.688933849334717
preprocess_time: 0.048713
node: 40
algo: EVFPV