instance: r_25_0.2_58.txt
obj: 4.0
bound: 4.0
gap: 0.0
time: 104.04292416572571
preprocess_time: 0.945499
sepa_time: 2.793692987281332e13
node: 7962
formulation: LEFPAV