instance: r_25_0.4_112.txt
obj: 182.0
bound: 182.0
gap: 0.0
time: 2166.3150639533997
preprocess_time: 1.607446
sepa_time: 0.0
node: 744487
formulation: LEFPAI