instance: r_25_0.1_36.txt
obj: 13.0
bound: 11.999999999999904
gap: 0.07692307692249259
time: 268.41340494155884
preprocess_time: 0.058385
node: 68095
algo: EFPLg