instance: r_25_0.4_112.txt
obj: 13.0
bound: 10.0
gap: 0.23076923076923078
time: 3599.9514560699463
preprocess_time: 0.049506
node: 60572
formulation: LEFPI