instance: r_25_0.2_58.txt
obj: 13.0
bound: 10.639439066774285
gap: 0.18158161024673514
time: 1802.526400089264
preprocess_time: 0.05746
node: 85902
algo: EFP