instance: r_25_0.2_58.txt
obj: 13.0
bound: 10.435872562538922
gap: 0.1972405721108734
time: 1801.3166859149933
preprocess_time: 0.042611
node: 49713
algo: EFPD