instance: r_25_0.4_112.txt
obj: 18.0
bound: 6.287020333814203
gap: 0.6507210925622625
time: 1882.5043489933014
preprocess_time: 4.445958
node: 645
algo: EFPV