instance: r_25_0.1_36.txt
obj: 4.0
bound: 4.0
gap: 0.0
time: 1.1509969234466553
preprocess_time: 1.708916
sepa_time: 0.0
node: 207
formulation: LEFPAI