instance: r_25_0.1_36.txt
obj: 66.0
bound: 66.0
gap: 0.0
time: 1.8376641273498535
preprocess_time: 1.019979
sepa_time: 0.0
node: 2676
formulation: LEFPV2