instance: r_25_0.1_36.txt
obj: 13.0
bound: 12.000000000000002
gap: 0.07692307692307679
time: 17.137969970703125
preprocess_time: 0.043846
node: 7169
formulation: LEFPI