instance: r_25_0.4_112.txt
obj: 2.0
bound: 2.0
gap: 0.0
time: 3.694020986557007
preprocess_time: 0.032428
sepa_time: 0.0
node: 1
formulation: EFP