instance: r_25_0.2_58.txt
obj: 13.0
bound: 9.999999515699637
gap: 0.23076926802132972
time: 1800.846029996872
preprocess_time: 0.07586
node: 102664
algo: F