instance: r_25_0.1_36.txt
obj: 4.0
bound: 4.0
gap: 0.0
time: 3.5662550926208496
preprocess_time: 0.022671
node: 80
algo: EFPD