instance: r_25_0.1_36.txt
org_node: 25
org_edge: 36
org_min_len: 0.2698604308135318
org_avg_len: 0.7261128803527909
org_max_len: 0.9874679371971357
dtf_node: 25
dtf_edge: 36
dtf_min_len: 0.2698604308135318
dtf_avg_len: 0.7261128803527909
dtf_max_len: 0.9874679371971357
sdb_node: 25
sdb_edge: 36
sdb_min_len: 0.2698604308135318
sdb_avg_len: 0.7261128803527909
sdb_max_len: 0.9874679371971357
dlt: 1.4522257607055817
formulation: None