instance: r_25_0.1_36.txt
obj: 4.0
bound: 4.0
gap: 0.0
time: 1.6270880699157715
preprocess_time: 0.027596
sepa_time: 0.0
node: 389
formulation: EFP