instance: r_25_0.3_98.txt
obj: 16.0
bound: 10.264717895049953
gap: 0.3584551315571376
time: 1800.8939371109009
preprocess_time: 0.045306
node: 9498
algo: EFPD