instance: r_25_0.1_36.txt
obj: 5.0
bound: 4.000000000000001
gap: 0.19999999999999982
time: 24.36176896095276
preprocess_time: 0.017063
sepa_time: 1.5e-323
node: 1
formulation: EF