instance: r_25_0.1_36.txt
obj: 66.0
bound: 65.0
gap: 0.015151515151515152
time: 7199.959161996841
preprocess_time: 0.043554
sepa_time: 0.0
node: 221382
formulation: EVFP