instance: r_25_0.2_58.txt
obj: 4.0
bound: 2.9999999999999405
gap: 0.24999999999376488
time: 99.08061599731445
preprocess_time: 0.018663
node: 5659
algo: ERF