instance: r_25_0.2_58.txt
obj: 98.0
bound: 97.00000246521176
gap: 0.010204056477430975
time: 414.4912328720093
preprocess_time: 1.400407
sepa_time: 0.0
node: 296252
formulation: LEFP