instance: r_25_0.1_36.txt
obj: 67.0
bound: 61.0
gap: 0.08955223880597014
time: 7199.971246004105
preprocess_time: 0.033089
sepa_time: 0.0
node: 3176323
formulation: EFP