instance: r_25_0.1_36.txt
obj: 66.0
bound: 66.0
gap: 0.0
time: 1.9883050918579102
preprocess_time: 1.341964
sepa_time: 0.0
node: 2676
formulation: LEFPV