instance: r_25_0.2_58.txt
obj: 13.0
bound: 9.97726188766354
gap: 0.23251831633178527
time: 1801.3731200695038
preprocess_time: 0.054963
node: 59269
algo: SF