instance: r_25_0.3_98.txt
obj: 2.0
bound: 2.0
gap: 0.0
time: 6.5180158615112305
preprocess_time: 1.291676
sepa_time: 0.0
node: 89
formulation: LEFPV