instance: r_25_0.1_36.txt
obj: 13.0
bound: 11.99999999999991
gap: 0.07692307692249217
time: 423.871533870697
preprocess_time: 0.054065
node: 67316
algo: EVFP