instance: r_25_0.3_98.txt
obj: 17.0
bound: 6.770750237968341
gap: 0.601720574233617
time: 1800.68665599823
preprocess_time: 0.077997
node: 7204
algo: SF