instance: r_25_0.4_112.txt
obj: 16.0
bound: 6.117766303042659
gap: 0.6176396060559737
time: 1806.163288116455
preprocess_time: 0.094517
node: 12983
algo: F