instance: r_25_0.2_58.txt
obj: 13.0
bound: 12.000000000000002
gap: 0.07692307692307679
time: 3154.7344620227814
preprocess_time: 0.043955
node: 366169
formulation: LEFPV