instance: r_25_0.3_98.txt
obj: 2.0
bound: 1.0000000000000235
gap: 0.49999999999998823
time: 10.535799026489258
preprocess_time: 0.041767
sepa_time: 2.3873e-320
node: 189
formulation: LEVFP