instance: r_25_0.2_58.txt
obj: 98.0
bound: 97.00000000000001
gap: 0.010204081632652916
time: 323.73626494407654
preprocess_time: 1.317192
sepa_time: 0.0
node: 190179
formulation: LEFPV