instance: r_25_0.1_36.txt
obj: 13.0
bound: 12.000000000000002
gap: 0.07692307692307679
time: 26.41061496734619
preprocess_time: 0.043681
node: 13249
formulation: LEFP