instance: r_25_0.3_98.txt
org_node: 25
org_edge: 98
org_min_len: 0.2518320676162178
org_avg_len: 0.574737436466333
org_max_len: 0.9903705037781224
dtf_node: 74
dtf_edge: 147
dtf_min_len: 0.001855172193149568
dtf_avg_len: 0.3831582909775553
dtf_max_len: 0.5747368617288965
sdb_node: 74
sdb_edge: 147
sdb_min_len: 0.001855172193149568
sdb_avg_len: 0.3831582909775553
sdb_max_len: 0.5747368617288965
dlt: 0.574737436466333
algo: None