instance: r_25_0.1_36.txt
obj: 4.0
bound: 4.0
gap: 0.0
time: 1.1039202213287354
preprocess_time: 0.132876
node: 250
formulation: EFPV