instance: r_25_0.3_98.txt
obj: 16.0
bound: 9.961169211620776
gap: 0.3774269242713426
time: 1800.1874849796295
preprocess_time: 1.304242
node: 15792
formulation: EFPV