instance: r_25_0.1_36.txt
obj: 13.0
bound: 11.999999999999973
gap: 0.07692307692248726
time: 130.40573501586914
preprocess_time: 0.039769
node: 20629
formulation: EFPD