instance: r_25_0.3_98.txt
obj: 2.0
bound: 1.0
gap: 0.499999999975
time: 86.22410297393799
preprocess_time: 0.012189
node: 1052
algo: F0