instance: r_25_0.4_112.txt
obj: 2.0
bound: 1.0
gap: 0.499999999975
time: 114.85893678665161
preprocess_time: 0.019906
node: 622
algo: RF