instance: r_25_0.1_36.txt
obj: 13.0
bound: 11.999999999999902
gap: 0.07692307692249273
time: 36.390976905822754
preprocess_time: 0.087158
node: 13527
algo: RF