instance: r_25_0.2_58.txt
obj: 98.0
bound: 98.0
gap: 0.0
time: 186.40346598625183
preprocess_time: 1.281516
sepa_time: 0.0
node: 92115
formulation: LEFPA