instance: r_25_0.2_58.txt
obj: 98.0
bound: 98.0
gap: 0.0
time: 157.7721438407898
preprocess_time: 1.314219
sepa_time: 0.0
node: 83433
formulation: LEFPAI