instance: r_25_0.1_36.txt
obj: 49.0
bound: 48.00000000000001
gap: 0.02040816326530598
time: 3.8739027976989746
preprocess_time: 0.034196
sepa_time: 6.951883281676e-310
node: 4545
formulation: LEVFP