instance: r_25_0.2_58.txt
obj: 13.0
bound: 12.0
gap: 0.07692307692307693
time: 3599.9576959609985
preprocess_time: 0.043827
node: 164711
formulation: LEVFP