instance: r_25_0.4_112.txt
obj: 2.0
bound: 2.0
gap: 0.0
time: 3.786072015762329
preprocess_time: 1.234853
sepa_time: 1.3842099344927246e13
node: 1
formulation: LEFPV