instance: r_25_0.3_98.txt
obj: 2.0
bound: 2.0
gap: 0.0
time: 50.40506315231323
preprocess_time: 1.668382
sepa_time: 1.3858624076980312e13
node: 1357
formulation: LEFPAV