instance: r_25_0.1_36.txt
obj: 0.0
bound: 0.0
gap: 0.0
time: 0.058418989181518555
preprocess_time: 0.025452
node: 0
algo: EVFP