instance: r_25_0.2_58.txt
obj: 4.0
bound: 2.0000000000000004
gap: 0.4999999999874999
time: 1179.6347961425781
preprocess_time: 699.923992
node: 1178
algo: EFPV2