instance: r_25_0.3_98.txt
obj: 2.0
bound: 2.0
gap: 0.0
time: 22.69677710533142
preprocess_time: 1.75859
sepa_time: 0.0
node: 509
formulation: LEFPAD