instance: r_25_0.2_58.txt
obj: 0.0
bound: 0.0
gap: 0.0
time: 0.1284949779510498
preprocess_time: 0.04283
node: 0
algo: EVFP0