instance: r_25_0.2_58.txt
obj: 4.0
bound: 4.0
gap: 0.0
time: 2655.9511919021606
preprocess_time: 0.016665
sepa_time: 0.0
node: 1218
formulation: EF