instance: r_25_0.3_98.txt
obj: 17.0
bound: 7.599999861419102
gap: 0.5529411846191532
time: 1800.8044738769531
preprocess_time: 0.082461
node: 7105
algo: ESF