instance: r_25_0.3_98.txt
obj: 16.0
bound: 7.020371490125095
gap: 0.5612267818636739
time: 1801.4413990974426
preprocess_time: 0.058396
node: 19532
formulation: EVFP