instance: r_25_0.2_58.txt
obj: 4.0
bound: 2.9999999999999716
gap: 0.2499999999937571
time: 216.86001110076904
preprocess_time: 635.101605
node: 1107
formulation: EFPV2