instance: r_25_0.4_112.txt
obj: 4.0
bound: 1.0
gap: 0.74999999998125
time: 1877.491585969925
preprocess_time: 32.653584
node: 147
algo: EFPV