instance: r_25_0.2_58.txt
obj: 4.0
bound: 4.0
gap: 0.0
time: 50.826138973236084
preprocess_time: 1.293168
sepa_time: 0.0
node: 4716
formulation: LEFPV2