instance: r_25_0.1_36.txt
obj: 66.0
bound: 66.0
gap: 0.0
time: 0.9668149948120117
preprocess_time: 0.891788
sepa_time: 0.0
node: 1798
formulation: LEFP