instance: r_25_0.1_36.txt
obj: 4.0
bound: 4.0
gap: 0.0
time: 2.004734992980957
preprocess_time: 0.937881
sepa_time: 2.7710291771522465e13
node: 456
formulation: LEFPAV