instance: r_25_0.1_36.txt
obj: 4.0
bound: 3.0
gap: 0.24999999999375
time: 6.9544899463653564
preprocess_time: 0.037521
node: 1412
formulation: LEFPD