instance: r_25_0.2_58.txt
obj: 13.0
bound: 11.0
gap: 0.15384615384615385
time: 3600.200224161148
preprocess_time: 0.035633
node: 10270
formulation: EF