instance: r_25_0.3_98.txt
obj: 2.0
bound: 0.9999999999999997
gap: 0.4999999999750002
time: 111.62603092193604
preprocess_time: 0.042287
node: 1700
formulation: LEFP