instance: r_25_0.3_98.txt
obj: 16.0
bound: 9.83333333333333
gap: 0.38541666666425806
time: 1798.3004219532013
preprocess_time: 2.647828
node: 9900
algo: EFPV