instance: r_25_0.1_36.txt
obj: 13.0
bound: 11.999999999999917
gap: 0.07692307692249163
time: 42.51898908615112
preprocess_time: 0.049541
node: 11941
algo: EVFPL