instance: r_25_0.3_98.txt
obj: 17.0
bound: 7.568597710033137
gap: 0.5547883699947874
time: 3601.8951880931854
preprocess_time: 0.066683
node: 66128
formulation: LEFPI