instance: r_25_0.4_112.txt
obj: 2.0
bound: 2.0
gap: 0.0
time: 3.0629138946533203
preprocess_time: 0.02493
sepa_time: 0.0
node: 1
formulation: EFP