instance: r_25_0.1_36.txt
obj: 4.0
bound: 4.0
gap: 0.0
time: 1.8910880088806152
preprocess_time: 0.027402
node: 258
formulation: LEVFP