instance: r_25_0.3_98.txt
obj: 2.0
bound: 2.0
gap: 0.0
time: 32.45726704597473
preprocess_time: 0.041083
node: 178
formulation: LEVFP