instance: r_25_0.3_98.txt
obj: 110.0
bound: 108.0
gap: 0.01818181818181818
time: 3599.9343860149384
preprocess_time: 0.067468
sepa_time: 0.0
node: 716505
formulation: LEFPV