instance: r_25_0.1_36.txt
obj: 4.0
bound: 4.0
gap: 0.0
time: 1.9921331405639648
preprocess_time: 1.228
sepa_time: 6.435722541005442e13
node: 502
formulation: LEFPV