instance: r_25_0.3_98.txt
obj: 95.0
bound: 95.0
gap: 0.0
time: 0.0027000904083251953
preprocess_time: 1.800393
sepa_time: 0.0
node: 0
formulation: LEFPA