instance: r_25_0.4_112.txt
obj: 2.0
bound: 1.0000000000000002
gap: 0.4999999999749999
time: 10.779078006744385
preprocess_time: 0.042868
node: 100
formulation: LEFP