instance: r_25_0.2_58.txt
obj: 4.0
bound: 2.9999999999999614
gap: 0.24999999999375966
time: 224.1310670375824
preprocess_time: 0.038633
node: 5497
formulation: EFPI