instance: r_25_0.4_112.txt
obj: 0.0
bound: 0.0
gap: 0.0
time: 1.544774055480957
preprocess_time: 0.069665
node: 0
algo: EVFP0