instance: r_25_0.3_98.txt
obj: 2.0
bound: 1.0
gap: 0.499999999975
time: 200.13948488235474
preprocess_time: 0.019774
node: 1720
algo: SF