instance: r_25_0.4_112.txt
obj: 182.0
bound: 182.0
gap: 0.0
time: 1409.835706949234
preprocess_time: 0.953709
sepa_time: 0.0
node: 454787
formulation: LEFP