instance: r_25_0.3_98.txt
obj: 2.0
bound: 2.0
gap: 0.0
time: 1537.9045519828796
preprocess_time: 19.378201
node: 170
algo: EFPV