instance: r_25_0.3_98.txt
obj: 164.0
bound: 163.00000000000003
gap: 0.006097560975609583
time: 657.679486989975
preprocess_time: 1.305116
sepa_time: 0.0
node: 285491
formulation: LEFPI