instance: r_25_0.1_36.txt
obj: 13.0
bound: 11.999999999999964
gap: 0.07692307692248794
time: 59.02536702156067
preprocess_time: 0.056339
node: 17101
algo: EFP