instance: r_25_0.2_58.txt
obj: 4.0
bound: 2.9999999999999307
gap: 0.24999999999376732
time: 331.24882912635803
preprocess_time: 0.013942
node: 12102
algo: ESF