instance: r_25_0.1_36.txt
obj: 67.0
bound: 67.0
gap: 0.0
time: 17.994827032089233
preprocess_time: 1.607591
sepa_time: 0.0
node: 24922
formulation: LEFPA