instance: r_25_0.2_58.txt
obj: 4.0
bound: 2.9999999999999716
gap: 0.2499999999937571
time: 287.5005600452423
preprocess_time: 690.19022
node: 1107
algo: EFPV2