instance: r_25_0.3_98.txt
obj: 2.0
bound: 2.0
gap: 0.0
time: 1711.2841122150421
preprocess_time: 0.026796
node: 1187
algo: EFPD