instance: r_25_0.3_98.txt
obj: 18.0
bound: 7.229030470371537
gap: 0.5983871960871459
time: 847.497673034668
preprocess_time: 1003.027641
node: 427
algo: EFPV2