instance: r_25_0.3_98.txt
obj: 2.0
bound: 2.0
gap: 0.0
time: 5.165782928466797
preprocess_time: 0.031234
node: 89
formulation: EFP