instance: r_25_0.1_36.txt
obj: 13.0
bound: 11.999999999999973
gap: 0.07692307692248726
time: 152.67972707748413
preprocess_time: 0.05711
node: 20629
algo: EFPD