instance: r_25_0.1_36.txt
obj: 4.0
bound: 4.0
gap: 0.0
time: 2.146207094192505
preprocess_time: 0.026818
sepa_time: 0.0
node: 1212
formulation: EFP