instance: r_25_0.3_98.txt
obj: 2.0
bound: 1.0000000000000002
gap: 0.4999999999749999
time: 139.40715098381042
preprocess_time: 0.027512
node: 1685
algo: EVFPV