instance: r_25_0.1_36.txt
obj: 4.0
bound: 4.0
gap: 0.0
time: 1.7412660121917725
preprocess_time: 5.074465
node: 340
algo: EFPV2