instance: r_25_0.1_36.txt
obj: 13.0
bound: 11.999999999999964
gap: 0.07692307692248794
time: 52.10079598426819
preprocess_time: 0.038644
node: 17101
formulation: EFP