instance: r_25_0.1_36.txt
obj: 4.0
bound: 4.0
gap: 0.0
time: 3.066455125808716
preprocess_time: 0.037322
node: 1040
formulation: LEVFP