instance: r_25_0.3_98.txt
obj: 2.0
bound: 2.0
gap: 0.0
time: 41.735554933547974
preprocess_time: 0.032484
node: 188
algo: RF