instance: r_25_0.3_98.txt
obj: 2.0
bound: 2.0
gap: 0.0
time: 6.4098060131073
preprocess_time: 1.24734
sepa_time: 0.0
node: 89
formulation: LEFP