instance: r_25_0.3_98.txt
obj: 164.0
bound: 163.00000000000003
gap: 0.006097560975609583
time: 1476.712671995163
preprocess_time: 0.042926
sepa_time: 0.0
node: 390997
formulation: LEFPI