instance: r_25_0.4_112.txt
obj: 2.0
bound: 2.0
gap: 0.0
time: 16.251946210861206
preprocess_time: 1.622589
sepa_time: 0.0
node: 53
formulation: LEFPAD