instance: r_25_0.1_36.txt
obj: 4.0
bound: 4.0
gap: 0.0
time: 1.488649845123291
preprocess_time: 0.039216
sepa_time: 0.0
node: 521
formulation: EFP