instance: r_25_0.2_58.txt
obj: 4.0
bound: 3.0000000000000004
gap: 0.2499999999999999
time: 38.28192710876465
preprocess_time: 0.02941
node: 3632
formulation: EFP