instance: r_25_0.1_36.txt
obj: 4.0
bound: 4.0
gap: 0.0
time: 1.6890349388122559
preprocess_time: 0.027564
sepa_time: 4.4e-323
node: 258
formulation: LEVFP