instance: r_25_0.1_36.txt
obj: 13.0
bound: 11.99999999999993
gap: 0.07692307692249054
time: 235.12549710273743
preprocess_time: 1.885899
node: 19735
algo: EFPV2