instance: r_25_0.1_36.txt
obj: 4.0
bound: 4.0
gap: 0.0
time: 0.7018630504608154
preprocess_time: 0.038217
node: 200
algo: SF