instance: r_25_0.4_112.txt
obj: 19.0
bound: 8.181663158349926
gap: 0.5693861495575335
time: 1800.5266349315643
preprocess_time: 0.044302
node: 1052
algo: EDF