instance: r_25_0.3_98.txt
obj: 17.0
bound: 6.8903765672985084
gap: 0.5946837313318838
time: 3603.722450017929
preprocess_time: 0.063943
node: 94332
formulation: LEFP