instance: r_25_0.1_36.txt
obj: 5.0
bound: 4.0
gap: 0.199999999996
time: 8.156682968139648
preprocess_time: 0.025155
node: 0
formulation: EF