instance: r_25_0.4_112.txt
obj: 2.0
bound: 1.0000000000000007
gap: 0.49999999999999967
time: 1.8371081352233887
preprocess_time: 0.033131
sepa_time: 4.8e-322
node: 1
formulation: EVFP