instance: r_25_0.3_98.txt
obj: 67.0
bound: 9.5
gap: 0.8582089552225997
time: 3613.9785130023956
preprocess_time: 0.052666
node: 7
formulation: EF