instance: r_25_0.3_98.txt
obj: 19.0
bound: 9.360296553571088
gap: 0.5073528129672725
time: 1800.3615720272064
preprocess_time: 0.066365
node: 3278
algo: EDF