instance: r_25_0.1_36.txt
obj: 13.0
bound: 11.999999999999941
gap: 0.07692307692248972
time: 41.341646909713745
preprocess_time: 0.052394
node: 19871
algo: F0