instance: r_25_0.3_98.txt
obj: 16.0
bound: 8.046462366346317
gap: 0.4970961021002484
time: 1800.692255973816
preprocess_time: 0.056727
node: 26220
algo: F0