instance: r_25_0.2_58.txt
obj: 57.0
bound: 57.0
gap: 0.0
time: 0.0058019161224365234
preprocess_time: 1.297766
sepa_time: 0.0
node: 1
formulation: LEFPAI