instance: r_25_0.2_58.txt
obj: 99.0
bound: 89.0
gap: 0.10101010101010101
time: 7199.951682090759
preprocess_time: 0.051818
sepa_time: 0.0
node: 2731987
formulation: EFP