instance: r_25_0.1_36.txt
obj: 4.0
bound: 4.0
gap: 0.0
time: 1.5629370212554932
preprocess_time: 0.019131
node: 571
algo: ERF