instance: r_25_0.3_98.txt
obj: 16.0
bound: 10.131089466989279
gap: 0.3668069083108776
time: 3603.4507648944855
preprocess_time: 0.064098
node: 92205
formulation: LEFPD