instance: r_25_0.4_112.txt
obj: 0.0
bound: 0.0
gap: 0.0
time: 0.347898006439209
preprocess_time: 0.02177
node: 0
algo: EVFP