instance: r_25_0.2_58.txt
obj: 4.0
bound: 2.9999999999999973
gap: 0.24999999999375067
time: 480.25552797317505
preprocess_time: 0.021013
node: 3885
algo: EFPD