instance: r_25_0.1_36.txt
obj: 67.0
bound: 61.0
gap: 0.08955223880597014
time: 7199.960969924927
preprocess_time: 0.041261
sepa_time: 0.0
node: 2914167
formulation: EFP