instance: r_25_0.2_58.txt
org_node: 25
org_edge: 58
org_min_len: 0.27748102256876905
org_avg_len: 0.6831242881041618
org_max_len: 0.9946460943203358
dtf_node: 25
dtf_edge: 58
dtf_min_len: 0.27748102256876905
dtf_avg_len: 0.6831242881041618
dtf_max_len: 0.9946460943203358
sdb_node: 25
sdb_edge: 58
sdb_min_len: 0.27748102256876905
sdb_avg_len: 0.6831242881041618
sdb_max_len: 0.9946460943203358
dlt: 1.3662485762083236
algo: None