instance: r_25_0.2_58.txt
obj: 4.0
bound: 4.0
gap: 0.0
time: 103.31440091133118
preprocess_time: 0.029182
sepa_time: 6.3659873744e-314
node: 5275
formulation: LEVFP