instance: r_25_0.3_98.txt
obj: 2.0
bound: 1.0
gap: 0.499999999975
time: 194.34035801887512
preprocess_time: 0.01984
node: 1457
algo: ESF