instance: r_25_0.4_112.txt
org_node: 25
org_edge: 112
org_min_len: 0.2632596196238269
org_avg_len: 0.6422122916684357
org_max_len: 0.9982318395224349
dtf_node: 25
dtf_edge: 112
dtf_min_len: 0.2632596196238269
dtf_avg_len: 0.6422122916684357
dtf_max_len: 0.9982318395224349
sdb_node: 25
sdb_edge: 112
sdb_min_len: 0.2632596196238269
sdb_avg_len: 0.6422122916684357
sdb_max_len: 0.9982318395224349
dlt: 1.2844245833368715
formulation: None