instance: r_25_0.1_36.txt
obj: 13.0
bound: 11.999999999999929
gap: 0.07692307692249067
time: 211.60156297683716
preprocess_time: 0.072874
node: 19263
algo: EFPV