instance: r_25_0.2_58.txt
obj: 4.0
bound: 4.0
gap: 0.0
time: 55.98884701728821
preprocess_time: 1.723047
sepa_time: 0.0
node: 6115
formulation: LEFPA