instance: r_25_0.3_98.txt
obj: 17.0
bound: 7.999999999999996
gap: 0.5294117647027684
time: 1800.9976768493652
preprocess_time: 0.066268
node: 12546
algo: EFPLg