instance: r_25_0.2_58.txt
obj: 4.0
bound: 2.178010788532638
gap: 0.4554973028554531
time: 1800.7738218307495
preprocess_time: 0.007163
node: 189
algo: EF