instance: r_25_0.4_112.txt
obj: 2.0
bound: 2.0
gap: 0.0
time: 3.248769998550415
preprocess_time: 0.031865
sepa_time: 0.0
node: 1
formulation: EFP