instance: r_25_0.1_36.txt
obj: 4.0
bound: 4.0
gap: 0.0
time: 0.951059103012085
preprocess_time: 0.028301
node: 277
formulation: LEFP