instance: r_25_0.2_58.txt
obj: 14.0
bound: 10.20833743541595
gap: 0.2708330403254976
time: 1800.8332560062408
preprocess_time: 0.085117
node: 91053
algo: RF