instance: r_25_0.2_58.txt
org_node: 25
org_edge: 58
org_min_len: 0.27748102256876905
org_avg_len: 0.6831242881041618
org_max_len: 0.9946460943203358
dtf_node: 33
dtf_edge: 66
dtf_min_len: 0.05205023292541072
dtf_avg_len: 0.600321344091536
dtf_max_len: 0.9946460943203358
sdb_node: 171
sdb_edge: 204
sdb_min_len: 0.13874051128438453
sdb_avg_len: 0.19422161132373247
sdb_max_len: 0.2231744757410626
dlt: 0.2254310150743734
formulation: None