instance: r_25_0.3_98.txt
obj: 166.0
bound: 153.0
gap: 0.0783132530120482
time: 7199.924882173538
preprocess_time: 0.081137
sepa_time: 0.0
node: 2661260
formulation: EFP