instance: r_25_0.2_58.txt
obj: 13.0
bound: 10.310132056080827
gap: 0.2069129187614217
time: 1802.2302889823914
preprocess_time: 0.066528
node: 89685
algo: ERF