instance: r_25_0.2_58.txt
obj: 14.0
bound: 10.609751229828339
gap: 0.24216062643910322
time: 1802.470664024353
preprocess_time: 0.600505
node: 141134
algo: EFPV