instance: r_25_0.3_98.txt
obj: 110.0
bound: 108.0
gap: 0.01818181818181818
time: 3599.940706014633
preprocess_time: 0.059992
sepa_time: 0.0
node: 784048
formulation: LEFPI