instance: r_25_0.3_98.txt
obj: 16.0
bound: 6.804107954485494
gap: 0.5747432528410644
time: 1801.149647951126
preprocess_time: 0.061306
node: 10166
formulation: LEVFP