instance: r_25_0.1_36.txt
obj: 4.0
bound: 4.0
gap: 0.0
time: 0.620790958404541
preprocess_time: 1.308157
sepa_time: 0.0
node: 55
formulation: LEFPAI