instance: r_25_0.2_58.txt
obj: 99.0
bound: 95.0
gap: 0.04040404040404041
time: 3599.93505692482
preprocess_time: 0.069505
sepa_time: 6.94256385882145e-310
node: 97021
formulation: EVFP