instance: r_25_0.1_36.txt
obj: 4.0
bound: 4.0
gap: 0.0
time: 5.166189908981323
preprocess_time: 0.022917
node: 80
algo: EDF