instance: r_25_0.1_36.txt
obj: 67.0
bound: 61.00000000000002
gap: 0.08955223880596982
time: 7199.960911035538
preprocess_time: 0.041308
sepa_time: 0.0
node: 3306466
formulation: EFP