instance: r_25_0.1_36.txt
obj: 13.0
bound: 11.99999999999995
gap: 0.07692307692248904
time: 61.15455603599548
preprocess_time: 0.054996
node: 19421
algo: ESF