instance: r_25_0.2_58.txt
obj: 4.0
bound: 2.999999999999903
gap: 0.2499999999937742
time: 526.4343130588531
preprocess_time: 0.021983
node: 17492
algo: EVFPV