instance: r_25_0.3_98.txt
obj: 16.0
bound: 10.037070997344482
gap: 0.3726830626636406
time: 1801.1624648571014
preprocess_time: 0.074581
node: 23811
algo: ESFV