instance: r_25_0.4_112.txt
obj: 182.0
bound: 181.00000207614772
gap: 0.005494494087100422
time: 2760.211659193039
preprocess_time: 0.035571
sepa_time: 0.0
node: 847206
formulation: LEVFP