instance: r_25_0.3_98.txt
obj: 165.0
bound: 158.0
gap: 0.04242424242424243
time: 3599.8717200756073
preprocess_time: 0.132743
sepa_time: 0.0
node: 106728
formulation: EVFP