instance: r_25_0.4_112.txt
obj: 19.0
bound: 5.993772651176037
gap: 0.6845382815134479
time: 1800.6247069835663
preprocess_time: 0.09618
node: 3128
algo: EVFPL