instance: r_25_0.4_112.txt
obj: 183.0
bound: 176.0
gap: 0.03825136612021858
time: 3599.9095420837402
preprocess_time: 0.101942
sepa_time: 1.8e-321
node: 93000
formulation: EVFP