instance: r_25_0.1_36.txt
obj: 13.0
bound: 12.000000000000002
gap: 0.07692307692307679
time: 70.1681489944458
preprocess_time: 0.034314
node: 3086
formulation: EF