instance: r_25_0.4_112.txt
obj: 182.0
bound: 182.0
gap: 0.0
time: 2861.768347978592
preprocess_time: 0.994754
sepa_time: 3.228624639536394e14
node: 1090195
formulation: LEFPAV