instance: r_25_0.4_112.txt
obj: 182.0
bound: 181.00000249137457
gap: 0.005494491805634213
time: 1343.9781200885773
preprocess_time: 1.292591
sepa_time: 0.0
node: 587052
formulation: LEFPV