instance: r_25_0.3_98.txt
obj: 2.0
bound: 2.0
gap: 0.0
time: 244.32715702056885
preprocess_time: 0.04121
node: 841
formulation: LEFPD