instance: r_25_0.3_98.txt
obj: 19.0
bound: 18.0
gap: 0.05263157894709142
time: 0.229949951171875
preprocess_time: 0.082524
node: 20
algo: SFD