instance: r_25_0.3_98.txt
obj: 164.0
bound: 163.0000023199241
gap: 0.006097546829731054
time: 833.1785459518433
preprocess_time: 1.297047
sepa_time: 0.0
node: 355594
formulation: LEFPI