instance: r_25_0.4_112.txt
obj: 16.999999999999943
bound: 5.895829645846035
gap: 0.653186491416978
time: 1800.7012221813202
preprocess_time: 0.08721
node: 2355
algo: EVFP