instance: r_25_0.1_36.txt
obj: 14.0
bound: 10.208332559502812
gap: 0.27083338860500744
time: 1802.639076948166
preprocess_time: 0.03392
node: 37868
algo: EF