instance: r_25_0.4_112.txt
obj: 2.0
bound: 1.0000000000000007
gap: 0.49999999999999967
time: 1.8537189960479736
preprocess_time: 0.036347
sepa_time: 6.913473221719e-310
node: 1
formulation: EVFP