instance: r_25_0.1_36.txt
obj: 50.0
bound: 45.0
gap: 0.1
time: 3603.3623118400574
preprocess_time: 0.060742
sepa_time: 0.0
node: 33128
formulation: EF