instance: r_25_0.3_98.txt
obj: 164.0
bound: 164.0
gap: 0.0
time: 1520.1907789707184
preprocess_time: 0.025768
sepa_time: 6.9359322940637e-310
node: 549389
formulation: LEVFP