instance: r_25_0.4_112.txt
obj: 17.0
bound: 5.895626307306968
gap: 0.6531984525075125
time: 1800.8571500778198
preprocess_time: 0.110694
node: 2190
formulation: EVFP