instance: r_25_0.4_112.txt
obj: 182.0
bound: 182.0
gap: 0.0
time: 2548.590204000473
preprocess_time: 0.026126
sepa_time: 0.0
node: 847412
formulation: LEVFP