instance: r_25_0.3_98.txt
obj: 164.0
bound: 163.00000000000003
gap: 0.006097560975609583
time: 756.0386250019073
preprocess_time: 1.34044
sepa_time: 0.0
node: 296150
formulation: LEFP