instance: r_25_0.4_112.txt
obj: 2.0
bound: 2.0
gap: 0.0
time: 28.6493079662323
preprocess_time: 1.726703
sepa_time: 0.0
node: 112
formulation: LEFPAD