instance: r_25_0.3_98.txt
obj: 16.0
bound: 10.256438420811742
gap: 0.3589725986970226
time: 1800.8295650482178
preprocess_time: 0.111082
node: 9110
formulation: EFPD