instance: r_25_0.1_36.txt
obj: 4.0
bound: 4.0
gap: 0.0
time: 1.8284242153167725
preprocess_time: 0.018871
node: 380
algo: ESFV