instance: r_25_0.2_58.txt
obj: 14.0
bound: 10.767522105332462
gap: 0.2308912781888892
time: 3603.9321908950806
preprocess_time: 0.051295
node: 309803
formulation: LEFPD