instance: r_25_0.1_36.txt
obj: 31.0
bound: 31.0
gap: 0.0
time: 0.00475001335144043
preprocess_time: 1.309846
sepa_time: 0.0
node: 1
formulation: LEFPAI