instance: r_25_0.4_112.txt
obj: 2.0
bound: 2.0
gap: 0.0
time: 4.12919807434082
preprocess_time: 0.041264
node: 0
formulation: LEVFP