instance: r_25_0.4_112.txt
obj: 2.0
bound: 1.0
gap: 0.499999999975
time: 0.5428328514099121
preprocess_time: 0.040099
node: 0
algo: SFD