instance: r_25_0.1_36.txt
obj: 4.0
bound: 4.0
gap: 0.0
time: 1.9094340801239014
preprocess_time: 0.023319
node: 522
algo: EFPLg