instance: r_25_0.3_98.txt
obj: 18.0
bound: 9.524977237754737
gap: 0.47083459789989895
time: 1800.5392231941223
preprocess_time: 0.052277
node: 5840
algo: EFPD