instance: r_25_0.3_98.txt
obj: 2.0
bound: 2.0
gap: 0.0
time: 14.502578020095825
preprocess_time: 0.031452
node: 438
formulation: LEFPD