instance: r_25_0.4_112.txt
obj: 2.0
bound: 1.000000000000001
gap: 0.49999999997499944
time: 3.1124892234802246
preprocess_time: 0.029658
node: 0
algo: EVFP0