instance: r_25_0.4_112.txt
obj: 2.0
bound: 1.0000000000000002
gap: 0.4999999999749999
time: 42.573168992996216
preprocess_time: 0.04308
node: 130
formulation: EVFP