instance: r_25_0.2_58.txt
obj: 4.0
bound: 4.0
gap: 0.0
time: 68.32037401199341
preprocess_time: 1.61475
sepa_time: 0.0
node: 5769
formulation: LEFPAD