instance: r_25_0.3_98.txt
obj: 15.0
bound: 12.0
gap: 0.2
time: 3599.9567210674286
preprocess_time: 0.047604
node: 52842
formulation: LEVFP