instance: r_25_0.1_36.txt
obj: 4.0
bound: 4.0
gap: 0.0
time: 0.7438781261444092
preprocess_time: 1.282919
sepa_time: 0.0
node: 156
formulation: LEFP