instance: r_25_0.1_36.txt
obj: 66.0
bound: 66.0
gap: 0.0
time: 1.9493670463562012
preprocess_time: 1.328544
sepa_time: 0.0
node: 2676
formulation: LEFPV