instance: r_25_0.2_58.txt
obj: 4.0
bound: 2.999999999999948
gap: 0.249999999993763
time: 226.81893181800842
preprocess_time: 0.041485
node: 15999
formulation: LEFP