instance: r_25_0.4_112.txt
obj: 17.999999868928498
bound: 6.100000000000001
gap: 0.661111108639734
time: 1800.5325939655304
preprocess_time: 0.063616
node: 6200
algo: ERF