instance: r_25_0.1_36.txt
obj: 4.0
bound: 4.0
gap: 0.0
time: 0.972491979598999
preprocess_time: 0.013673
node: 200
algo: SF