instance: r_25_0.1_36.txt
obj: 4.0
bound: 4.0
gap: 0.0
time: 2.5371241569519043
preprocess_time: 0.027523
node: 70
formulation: EFPD