instance: r_25_0.3_98.txt
obj: 16.0
bound: 9.539473684210517
gap: 0.4037828947343191
time: 926.188019990921
preprocess_time: 874.257216
node: 2928
algo: EFPV2