instance: r_25_0.4_112.txt
obj: 2.0
bound: 1.0000000000000004
gap: 0.4999999999749998
time: 4.456206798553467
preprocess_time: 0.043968
node: 0
formulation: LEFPI