instance: r_25_0.1_36.txt
obj: 4.0
bound: 4.0
gap: 0.0
time: 1.1767990589141846
preprocess_time: 1.798529
sepa_time: 0.0
node: 275
formulation: LEFPAD