instance: r_25_0.3_98.txt
obj: 2.0
bound: 2.0
gap: 0.0
time: 308.781131029129
preprocess_time: 0.029476
node: 1654
algo: EFP