instance: r_25_0.2_58.txt
obj: 13.0
bound: 10.333333333333329
gap: 0.20512820512662758
time: 1802.5802910327911
preprocess_time: 0.056832
node: 94059
algo: EFP0