instance: r_25_0.2_58.txt
obj: 4.0
bound: 2.9999999999999734
gap: 0.24999999999375666
time: 36.10740900039673
preprocess_time: 1.751197
node: 1087
algo: EFPV