instance: r_25_0.1_36.txt
obj: 13.0
bound: 11.999999999999984
gap: 0.07692307692248644
time: 47.310856103897095
preprocess_time: 0.151057
node: 16935
algo: EFPV