instance: r_25_0.2_58.txt
obj: 98.0
bound: 97.00000219579853
gap: 0.010204059226545615
time: 402.3942041397095
preprocess_time: 1.223641
sepa_time: 0.0
node: 233368
formulation: LEFP