instance: r_25_0.1_36.txt
obj: 4.0
bound: 4.0
gap: 0.0
time: 2.6270010471343994
preprocess_time: 0.022842
node: 70
algo: EFPD