instance: r_25_0.4_112.txt
obj: 132.0
bound: 127.0
gap: 0.03787878787878788
time: 3599.9366171360016
preprocess_time: 0.065818
sepa_time: 0.0
node: 145652
formulation: LEFPD