instance: r_25_0.4_112.txt
obj: 15.0
bound: 8.522204623813671
gap: 0.43185302507620954
time: 1794.6520447731018
preprocess_time: 6.383837
node: 4043
formulation: EFPV