instance: r_25_0.2_58.txt
obj: 4.0
bound: 4.0
gap: 0.0
time: 52.783828020095825
preprocess_time: 1.294105
sepa_time: 0.0
node: 5618
formulation: LEFPAI