instance: r_25_0.2_58.txt
obj: 4.0
bound: 2.999999999999921
gap: 0.24999999999376976
time: 178.1007640361786
preprocess_time: 0.038971
node: 9981
algo: F