instance: r_25_0.1_36.txt
obj: 66.0
bound: 66.0
gap: 0.0
time: 1.3155667781829834
preprocess_time: 0.025654
sepa_time: 1.5e-323
node: 2142
formulation: LEVFP