instance: r_25_0.4_112.txt
obj: 14.0
bound: 8.741178565968909
gap: 0.3756301024281092
time: 3603.622795820236
preprocess_time: 0.066353
node: 30381
formulation: LEFPD