instance: r_25_0.2_58.txt
obj: 4.0
bound: 2.9999999999999964
gap: 0.2499999999937509
time: 509.6197159290314
preprocess_time: 0.020331
node: 3852
algo: EDF