instance: r_25_0.2_58.txt
obj: 4.0
bound: 2.999999999999932
gap: 0.24999999999376699
time: 201.26328992843628
preprocess_time: 0.038668
node: 8375
formulation: LEVFP