instance: r_25_0.4_112.txt
obj: 2.0
bound: 2.0
gap: 0.0
time: 3.6598000526428223
preprocess_time: 0.953358
sepa_time: 1.3840094209380229e13
node: 1
formulation: LEFPAV