instance: r_25_0.3_98.txt
obj: 2.0
bound: 2.0
gap: 0.0
time: 40.56354308128357
preprocess_time: 0.040575
node: 580
algo: SF