instance: r_25_0.2_58.txt
obj: 0.0
bound: 0.0
gap: 0.0
time: 0.5909638404846191
preprocess_time: 0.05476
node: 0
algo: EVFPV