instance: r_25_0.3_98.txt
obj: 2.0
bound: 2.0
gap: 0.0
time: 24.011611938476562
preprocess_time: 0.031314
node: 665
formulation: LEFPI