instance: r_25_0.3_98.txt
obj: 16.0
bound: 9.977877520905066
gap: 0.37638265494108103
time: 1798.2127170562744
preprocess_time: 3.042444
node: 18479
algo: EFPV