instance: r_25_0.2_58.txt
obj: 4.0
bound: 3.0000000000000004
gap: 0.2499999999999999
time: 46.54005002975464
preprocess_time: 0.029525
node: 4576
formulation: LEFPI