instance: r_25_0.4_112.txt
obj: 2.0
bound: 1.0
gap: 0.499999999975
time: 15.376075029373169
preprocess_time: 0.033663
node: 130
algo: ESF