instance: r_25_0.3_98.txt
obj: 2.0
bound: 2.0
gap: 0.0
time: 1114.0731852054596
preprocess_time: 0.036337
node: 830
algo: EFPD