instance: r_25_0.1_36.txt
obj: 66.0
bound: 66.0
gap: 0.0
time: 2.3741860389709473
preprocess_time: 1.236425
sepa_time: 1.3845718108276842e13
node: 2249
formulation: LEFPV