instance: r_25_0.1_36.txt
obj: 31.0
bound: 31.0
gap: 0.0
time: 0.0032210350036621094
preprocess_time: 1.300883
sepa_time: 0.0
node: 1
formulation: LEFPAV