instance: r_25_0.3_98.txt
obj: 16.0
bound: 6.971551354215153
gap: 0.5642780403580263
time: 1801.24458694458
preprocess_time: 0.074137
node: 15909
algo: EVFP