instance: r_25_0.1_36.txt
obj: 66.0
bound: 66.0
gap: 0.0
time: 1.4423801898956299
preprocess_time: 0.946569
sepa_time: 0.0
node: 2065
formulation: LEFPA