instance: r_25_0.3_98.txt
obj: 18.0
bound: 9.617125984251965
gap: 0.4657152230945258
time: 743.6260781288147
preprocess_time: 1056.733425
node: 1223
algo: EFPV2