instance: r_25_0.2_58.txt
obj: 4.0
bound: 2.9999999999999023
gap: 0.24999999999377442
time: 262.6654691696167
preprocess_time: 0.036827
node: 15418
algo: RF