instance: r_25_0.2_58.txt
obj: 4.0
bound: 2.9999999999999276
gap: 0.2499999999937681
time: 163.2763330936432
preprocess_time: 0.012241
node: 5448
algo: F0