instance: r_25_0.2_58.txt
obj: 4.0
bound: 3.0000000000000004
gap: 0.2499999999999999
time: 2786.464268922806
preprocess_time: 0.016605
sepa_time: 0.0
node: 558
formulation: EF