instance: r_25_0.2_58.txt
obj: 4.0
bound: 4.0
gap: 0.0
time: 54.785650968551636
preprocess_time: 1.606109
sepa_time: 0.0
node: 5505
formulation: LEFPAD