instance: r_25_0.1_36.txt
obj: 5.0
bound: 3.999999999999999
gap: 0.19999999999600018
time: 10.82753300666809
preprocess_time: 0.008906
node: 50
algo: EF