instance: r_25_0.2_58.txt
obj: 4.0
bound: 2.9999999999999614
gap: 0.24999999999375966
time: 250.25724697113037
preprocess_time: 0.022491
node: 5497
algo: EFPLg