instance: r_25_0.1_36.txt
obj: 66.0
bound: 66.0
gap: 0.0
time: 1.4585590362548828
preprocess_time: 0.034376
sepa_time: 0.0
node: 2142
formulation: LEVFP