instance: r_25_0.2_58.txt
obj: 98.0
bound: 96.0
gap: 0.02040816326530612
time: 3599.952152967453
preprocess_time: 0.048683
sepa_time: 0.0
node: 1561521
formulation: LEFPV