instance: r_25_0.2_58.txt
obj: 98.0
bound: 97.0
gap: 0.01020408163265306
time: 3599.9625289440155
preprocess_time: 0.037951
sepa_time: 0.0
node: 1559759
formulation: LEFPI