instance: r_25_0.2_58.txt
obj: 13.0
bound: 9.285230756303102
gap: 0.28575148028217867
time: 1836.222643852234
preprocess_time: 27.648725
node: 15732
algo: EFPV2