instance: r_25_0.3_98.txt
obj: 164.0
bound: 163.00000247984124
gap: 0.006097545854626569
time: 652.9023649692535
preprocess_time: 1.231115
sepa_time: 3.688465217562615e13
node: 256125
formulation: LEFPV