instance: r_25_0.4_112.txt
obj: 2.0
bound: 2.0
gap: 0.0
time: 7.26630711555481
preprocess_time: 1.230874
sepa_time: 1.3842099344930143e13
node: 1
formulation: LEFPV2