instance: r_25_0.3_98.txt
obj: 2.0
bound: 1.0
gap: 0.499999999975
time: 114.86841988563538
preprocess_time: 0.04021
node: 520
formulation: EVFP