instance: r_25_0.1_36.txt
obj: 4.0
bound: 4.0
gap: 0.0
time: 1.4888389110565186
preprocess_time: 0.039856
sepa_time: 0.0
node: 521
formulation: LEFPV