instance: r_25_0.2_58.txt
obj: 13.0
bound: 9.938047041103315
gap: 0.23553484299024086
time: 1801.596845149994
preprocess_time: 0.074517
node: 58965
algo: RF