instance: r_25_0.2_58.txt
obj: 4.0
bound: 4.0
gap: 0.0
time: 54.5876350402832
preprocess_time: 0.889266
sepa_time: 0.0
node: 4198
formulation: LEFP