instance: r_25_0.4_112.txt
obj: 105.0
bound: 105.0
gap: 0.0
time: 0.0038208961486816406
preprocess_time: 1.79888
sepa_time: 0.0
node: 0
formulation: LEFPA