instance: r_25_0.3_98.txt
obj: 164.0
bound: 163.00000000000003
gap: 0.006097560975609583
time: 776.1084599494934
preprocess_time: 1.289224
sepa_time: 0.0
node: 285658
formulation: LEFPV2