instance: r_25_0.1_36.txt
obj: 4.0
bound: 4.0
gap: 0.0
time: 0.8676760196685791
preprocess_time: 0.021377
sepa_time: 4.0e-323
node: 36
formulation: EVFP