instance: r_25_0.3_98.txt
obj: 2.0
bound: 2.0
gap: 0.0
time: 21.513758897781372
preprocess_time: 1.626386
sepa_time: 0.0
node: 406
formulation: LEFPAD