instance: r_25_0.2_58.txt
obj: 4.0
bound: 2.9999999999999387
gap: 0.24999999999376532
time: 281.9535970687866
preprocess_time: 702.548042
node: 1088
algo: EFPV2