instance: r_25_0.1_36.txt
obj: 13.0
bound: 12.000000000000002
gap: 0.07692307692307679
time: 17.682798147201538
preprocess_time: 0.04428
node: 9667
formulation: EFP