instance: r_25_0.3_98.txt
obj: 16.999999867926856
bound: 7.372209865661332
gap: 0.5663405927651337
time: 1800.4129259586334
preprocess_time: 0.080433
node: 20064
algo: SF