instance: r_25_0.4_112.txt
obj: 2.0
bound: 1.0
gap: 0.499999999975
time: 49.77397608757019
preprocess_time: 0.02703
node: 0
algo: EDF