instance: r_25_0.1_36.txt
obj: 13.0
bound: 11.999999999999904
gap: 0.07692307692249259
time: 299.55007100105286
preprocess_time: 0.041105
node: 44897
algo: SF