instance: r_25_0.1_36.txt
obj: 4.0
bound: 4.0
gap: 0.0
time: 1.6072020530700684
preprocess_time: 0.038009
node: 573
algo: RF