instance: r_25_0.2_58.txt
obj: 13.0
bound: 9.90864607390122
gap: 0.23779645585192308
time: 1803.172914981842
preprocess_time: 0.055345
node: 91988
formulation: EVFP