instance: r_25_0.3_98.txt
obj: 166.0
bound: 153.00000000000006
gap: 0.07831325301204785
time: 7199.8650851249695
preprocess_time: 0.140936
sepa_time: 0.0
node: 2275439
formulation: EFP