instance: r_25_0.4_112.txt
obj: 2.0
bound: 1.0
gap: 0.499999999975
time: 316.1866030693054
preprocess_time: 0.039378
node: 512
formulation: EFPD