instance: r_25_0.3_98.txt
obj: 2.0
bound: 2.0
gap: 0.0
time: 32.78106212615967
preprocess_time: 0.040135
node: 188
algo: RF