instance: r_25_0.1_36.txt
obj: 13.0
bound: 12.000000000000002
gap: 0.07692307692307679
time: 15.925639867782593
preprocess_time: 0.042056
node: 4662
formulation: LEVFP