instance: r_25_0.3_98.txt
obj: 95.0
bound: 95.0
gap: 0.0
time: 0.004269123077392578
preprocess_time: 1.296404
sepa_time: 0.0
node: 0
formulation: LEFPAI