instance: r_25_0.4_112.txt
obj: 2.0
bound: 0.9999999999999998
gap: 0.4999999999750001
time: 39.1001992225647
preprocess_time: 0.028736
node: 391
algo: EFPLg