instance: r_25_0.2_58.txt
obj: 4.0
bound: 4.0
gap: 0.0
time: 48.57939100265503
preprocess_time: 0.026611
sepa_time: 0.0
node: 4716
formulation: EFP