instance: r_25_0.1_36.txt
obj: 13.0
bound: 11.999999999999924
gap: 0.07692307692249108
time: 88.38676381111145
preprocess_time: 0.054764
node: 37513
algo: ERF