instance: r_25_0.1_36.txt
obj: 15.0
bound: 15.0
gap: 0.0
time: 0.009679794311523438
preprocess_time: 0.074602
node: 0
algo: SFD