instance: r_25_0.1_36.txt
obj: 4.0
bound: 4.0
gap: 0.0
time: 1.5017848014831543
preprocess_time: 0.029952
node: 230
formulation: LEVFP