instance: r_25_0.4_112.txt
obj: 16.0
bound: 6.844942512282895
gap: 0.5721910929787429
time: 1800.3638310432434
preprocess_time: 0.048888
node: 7607
algo: EFPLg