instance: r_25_0.4_112.txt
obj: 16.0
bound: 6.347797306161029
gap: 0.6032626683611654
time: 1800.7217669487
preprocess_time: 0.078886
node: 6120
algo: EFP0