instance: r_25_0.3_98.txt
obj: 164.0
bound: 162.0
gap: 0.012195121951219513
time: 3599.962785959244
preprocess_time: 0.038062
sepa_time: 0.0
node: 1424995
formulation: LEFPV