instance: r_25_0.2_58.txt
obj: 4.0
bound: 4.0
gap: 0.0
time: 82.34074711799622
preprocess_time: 1.305332
sepa_time: 0.0
node: 5567
formulation: LEFPAI