instance: r_25_0.3_98.txt
obj: 2.0
bound: 1.0
gap: 0.499999999975
time: 33.34740495681763
preprocess_time: 0.03125
node: 147
algo: EVFPL