instance: r_25_0.2_58.txt
obj: 4.0
bound: 3.0000000000000004
gap: 0.2499999999999999
time: 47.375932931900024
preprocess_time: 0.028792
sepa_time: 0.0
node: 4576
formulation: LEFPI