instance: r_25_0.3_98.txt
obj: 2.0
bound: 2.0
gap: 0.0
time: 115.68720006942749
preprocess_time: 0.041604
node: 1744
algo: F