instance: r_25_0.4_112.txt
obj: 182.00000000000003
bound: 181.00000311420965
gap: 0.00549448838346363
time: 1847.8295221328735
preprocess_time: 1.305779
sepa_time: 0.0
node: 570180
formulation: LEFPI