instance: r_25_0.1_36.txt
obj: 67.0
bound: 67.0
gap: 0.0
time: 56.67685294151306
preprocess_time: 1.621863
sepa_time: 0.0
node: 31543
formulation: LEFPAD