instance: r_25_0.1_36.txt
obj: 4.0
bound: 4.0
gap: 0.0
time: 2.104412078857422
preprocess_time: 1.22944
sepa_time: 0.0
node: 1212
formulation: LEFP