instance: r_25_0.2_58.txt
obj: 19.0
bound: 8.999999999999998
gap: 0.5263157894709143
time: 1800.8165559768677
preprocess_time: 0.047887
node: 79
algo: EF