instance: r_25_0.2_58.txt
obj: 13.0
bound: 10.521082466311304
gap: 0.19068596412843286
time: 1752.7921109199524
preprocess_time: 50.139696
node: 110173
formulation: EFPV2