instance: r_25_0.1_36.txt
obj: 13.0
bound: 11.999999999999984
gap: 0.07692307692248644
time: 66.2908091545105
preprocess_time: 0.150882
node: 16935
formulation: EFPV