instance: r_25_0.2_58.txt
obj: 98.0
bound: 96.0
gap: 0.02040816326530612
time: 3599.965239048004
preprocess_time: 0.035558
sepa_time: 0.0
node: 1695656
formulation: LEFPV2