instance: r_25_0.3_98.txt
obj: 164.0
bound: 163.00000000000003
gap: 0.006097560975609583
time: 666.3727290630341
preprocess_time: 1.304149
sepa_time: 0.0
node: 285491
formulation: LEFPI