instance: r_25_0.3_98.txt
obj: 2.0
bound: 2.0
gap: 0.0
time: 18.1999409198761
preprocess_time: 1.336421
sepa_time: 0.0
node: 438
formulation: LEFPD