instance: r_25_0.4_112.txt
obj: 16.0
bound: 9.076279218164897
gap: 0.4327325488619894
time: 1801.096992969513
preprocess_time: 0.040256
node: 6045
formulation: EFPD