instance: r_25_0.2_58.txt
obj: 4.0
bound: 2.9999999999999165
gap: 0.24999999999377087
time: 388.2214639186859
preprocess_time: 0.020726
node: 10254
algo: EVFP0