instance: r_25_0.1_36.txt
obj: 4.0
bound: 3.0000000000000004
gap: 0.2499999999999999
time: 1.3971590995788574
preprocess_time: 0.029106
node: 344
formulation: LEFPD