instance: r_25_0.3_98.txt
obj: 164.0
bound: 164.0
gap: 0.0
time: 1220.2370910644531
preprocess_time: 0.945135
sepa_time: 7.3810700216713e13
node: 469482
formulation: LEFPAV