instance: r_25_0.1_36.txt
obj: 4.0
bound: 4.0
gap: 0.0
time: 1.227599859237671
preprocess_time: 0.019789
node: 522
formulation: EFPI