instance: r_25_0.3_98.txt
obj: 2.0
bound: 2.0
gap: 0.0
time: 1236.1587450504303
preprocess_time: 0.041629
node: 1187
formulation: EFPD