instance: r_25_0.2_58.txt
obj: 13.0
bound: 12.000000000000002
gap: 0.07692307692307679
time: 2468.478045940399
preprocess_time: 0.045467
node: 274228
formulation: LEFP