instance: r_25_0.3_98.txt
obj: 2.0
bound: 2.0
gap: 0.0
time: 5.112530946731567
preprocess_time: 0.030973
node: 89
formulation: LEFP