instance: r_25_0.3_98.txt
obj: 164.0
bound: 164.0
gap: 0.0
time: 885.5870997905731
preprocess_time: 1.298453
sepa_time: 0.0
node: 326676
formulation: LEFPA