instance: r_25_0.3_98.txt
obj: 164.0
bound: 164.0
gap: 0.0
time: 4867.298028945923
preprocess_time: 1.632932
sepa_time: 0.0
node: 661341
formulation: LEFPAD