instance: r_25_0.1_36.txt
obj: 13.0
bound: 12.000000000000002
gap: 0.07692307692307679
time: 27.84142518043518
preprocess_time: 0.058133
sepa_time: 0.0
node: 12309
formulation: LEFPV2