instance: r_25_0.4_112.txt
obj: 183.0
bound: 178.0
gap: 0.0273224043715847
time: 3599.9522042274475
preprocess_time: 0.048452
sepa_time: 0.0
node: 5293222
formulation: LEFPI