instance: r_25_0.1_36.txt
obj: 13.0
bound: 11.999999999999908
gap: 0.07692307692249231
time: 269.72025299072266
preprocess_time: 0.041036
node: 103461
algo: EFP0