instance: r_25_0.3_98.txt
obj: 16.0
bound: 7.999175353511302
gap: 0.5000515404024184
time: 1811.1567509174347
preprocess_time: 0.080723
node: 29483
algo: F