instance: r_25_0.3_98.txt
obj: 95.0
bound: 95.0
gap: 0.0
time: 0.0027861595153808594
preprocess_time: 1.27583
sepa_time: 0.0
node: 0
formulation: LEFPAV