instance: r_25_0.2_58.txt
obj: 4.0
bound: 3.0000000000000004
gap: 0.2499999999999999
time: 71.36145520210266
preprocess_time: 0.039241
sepa_time: 0.0
node: 2385
formulation: EVFP