instance: r_25_0.4_112.txt
obj: 16.0
bound: 8.5
gap: 0.46874999999707034
time: 1795.7571160793304
preprocess_time: 5.189828
node: 3275
algo: EFPV