instance: r_25_0.1_36.txt
obj: 67.0
bound: 67.0
gap: 0.0
time: 23.437538862228394
preprocess_time: 1.608059
sepa_time: 1.3857948332594918e13
node: 20981
formulation: LEFPAV