instance: r_25_0.2_58.txt
obj: 13.0
bound: 9.90137464715444
gap: 0.23835579637090182
time: 1802.1261310577393
preprocess_time: 0.058618
node: 90813
algo: EVFP