instance: r_25_0.2_58.txt
obj: 4.0
bound: 4.0
gap: 0.0
time: 68.40191388130188
preprocess_time: 1.227128
sepa_time: 0.0
node: 6726
formulation: LEFPD