instance: r_25_0.4_112.txt
obj: 2.0
bound: 2.0
gap: 0.0
time: 21.851413011550903
preprocess_time: 0.021547
node: 0
algo: ESFV