instance: r_25_0.1_36.txt
obj: 4.0
bound: 4.0
gap: 0.0
time: 0.6779069900512695
preprocess_time: 1.043263
sepa_time: 0.0
node: 156
formulation: LEFP