instance: r_25_0.3_98.txt
obj: 2.0
bound: 0.9999999999999999
gap: 0.499999999975
time: 27.72502088546753
preprocess_time: 0.027475
node: 190
algo: EFPLg