instance: r_25_0.3_98.txt
obj: 2.0
bound: 2.0
gap: 0.0
time: 119.13428282737732
preprocess_time: 0.040931
node: 2900
formulation: LEFPDB