instance: r_25_0.1_36.txt
obj: 13.0
bound: 11.99999999999994
gap: 0.07692307692248986
time: 219.44106221199036
preprocess_time: 0.058225
node: 30486
algo: EDF