instance: r_25_0.1_36.txt
obj: 13.0
bound: 11.999999999999954
gap: 0.07692307692248876
time: 37.60209107398987
preprocess_time: 0.057741
node: 16823
formulation: EFP