instance: r_25_0.2_58.txt
obj: 99.0
bound: 95.0
gap: 0.04040404040404041
time: 7199.950343847275
preprocess_time: 0.053446
sepa_time: 0.0
node: 196853
formulation: EVFP