instance: r_25_0.4_112.txt
obj: 15.0
bound: 5.980478900024442
gap: 0.6013014066610285
time: 1800.761971950531
preprocess_time: 0.052106
node: 6429
algo: SF