instance: r_25_0.1_36.txt
obj: 4.0
bound: 4.0
gap: 0.0
time: 1.1314709186553955
preprocess_time: 0.037818
sepa_time: 0.0
node: 277
formulation: LEFPV2