instance: r_25_0.2_58.txt
obj: 4.0
bound: 2.999999999999908
gap: 0.24999999999377298
time: 442.64753818511963
preprocess_time: 0.013187
node: 13604
algo: RF