instance: r_25_0.2_58.txt
obj: 13.0
bound: 10.356277955056012
gap: 0.20336323422489633
time: 1802.591570854187
preprocess_time: 0.055045
node: 96436
formulation: EFPI