instance: r_25_0.2_58.txt
obj: 14.0
bound: 10.233269502966241
gap: 0.2690521783576324
time: 1803.0033559799194
preprocess_time: 0.054924
node: 125237
algo: ERF