instance: r_25_0.1_36.txt
obj: 0.0
bound: 0.0
gap: 0.0
time: 0.03413200378417969
preprocess_time: 0.040594
node: 0
algo: EVFP0