instance: r_25_0.3_98.txt
obj: 2.0
bound: 2.0
gap: 0.0
time: 9.447026014328003
preprocess_time: 1.625472
sepa_time: 1.8446744039350996e13
node: 79
formulation: LEFPAV