instance: r_25_0.2_58.txt
obj: 4.0
bound: 2.9999999999999214
gap: 0.24999999999376965
time: 881.8095800876617
preprocess_time: 2.003918
node: 2153
algo: EFPV