instance: r_25_0.1_36.txt
obj: 4.0
bound: 4.0
gap: 0.0
time: 1.614513874053955
preprocess_time: 0.023908
node: 611
algo: EFP