instance: r_25_0.2_58.txt
obj: 4.0
bound: 3.0000000000000004
gap: 0.2499999999999999
time: 2313.2480199337006
preprocess_time: 0.026245
sepa_time: 4.0e-323
node: 558
formulation: EF