instance: r_25_0.3_98.txt
obj: 2.0
bound: 2.0
gap: 0.0
time: 316.73734402656555
preprocess_time: 14.142553
node: 10
algo: EFPV