instance: r_25_0.1_36.txt
obj: 4.0
bound: 4.0
gap: 0.0
time: 0.9008162021636963
preprocess_time: 0.02804
node: 277
formulation: LEFPV