instance: r_25_0.4_112.txt
obj: 15.0
bound: 6.5481231121250225
gap: 0.5634584591879088
time: 1800.6003608703613
preprocess_time: 0.087449
node: 1813
algo: ERF