instance: r_25_0.4_112.txt
obj: 183.0
bound: 173.0
gap: 0.0546448087431694
time: 7199.941757917404
preprocess_time: 0.0623
sepa_time: 0.0
node: 2079625
formulation: EFP