instance: r_25_0.2_58.txt
obj: 98.0
bound: 98.0
gap: 0.0
time: 220.5078091621399
preprocess_time: 0.944659
sepa_time: 1.3847304561821639e13
node: 131121
formulation: LEFPAV