instance: r_25_0.3_98.txt
obj: 0.0
bound: 0.0
gap: 0.0
time: 0.4586629867553711
preprocess_time: 0.028733
node: 0
algo: EVFP0