instance: r_25_0.3_98.txt
obj: 2.0
bound: 2.0
gap: 0.0
time: 47.0874388217926
preprocess_time: 1.733206
sepa_time: 0.0
node: 1017
formulation: LEFPAI