instance: r_25_0.1_36.txt
obj: 4.0
bound: 4.0
gap: 0.0
time: 1.6867139339447021
preprocess_time: 0.027367
sepa_time: 0.0
node: 258
formulation: LEVFP