instance: r_25_0.3_98.txt
obj: 2.0
bound: 2.0
gap: 0.0
time: 43.44473385810852
preprocess_time: 1.224343
sepa_time: 0.0
node: 756
formulation: LEFP