instance: r_25_0.2_58.txt
obj: 4.0
bound: 2.178010788532638
gap: 0.4554973028554531
time: 1800.8835871219635
preprocess_time: 0.012369
node: 178
formulation: EF