instance: r_25_0.1_36.txt
obj: 68.0
bound: 68.0
gap: 0.0
time: 7.078478813171387
preprocess_time: 1.28816
sepa_time: 0.0
node: 7919
formulation: LEFPD