instance: r_25_0.1_36.txt
obj: 13.0
bound: 11.999999999999995
gap: 0.07692307692248562
time: 19.771776914596558
preprocess_time: 0.051315
node: 8422
algo: RF