instance: r_25_0.3_98.txt
obj: 2.0
bound: 1.0
gap: 0.499999999975
time: 974.329430103302
preprocess_time: 15.63637
node: 289
algo: EFPV