instance: r_25_0.1_36.txt
obj: 13.0
bound: 11.999999999999915
gap: 0.07692307692249177
time: 2992.301869869232
preprocess_time: 0.046906
node: 48550
formulation: EF