instance: r_25_0.3_98.txt
obj: 98.0
bound: 0.0
gap: 1.0
time: 7200.4669671058655
preprocess_time: 0.016889
sepa_time: 0.0
node: 1
formulation: EF