instance: r_25_0.2_58.txt
obj: 13.0
bound: 10.432805541190016
gap: 0.19747649683001822
time: 1802.1903710365295
preprocess_time: 0.059437
node: 116872
algo: EFPLg