instance: r_25_0.2_58.txt
obj: 4.0
bound: 4.0
gap: 0.0
time: 45.77520298957825
preprocess_time: 0.977761
sepa_time: 0.0
node: 4194
formulation: LEFP