instance: r_25_0.2_58.txt
obj: 99.0
bound: 95.0
gap: 0.04040404040404041
time: 7199.952342987061
preprocess_time: 0.052015
sepa_time: 0.0
node: 211649
formulation: EVFP