instance: r_25_0.3_98.txt
obj: 164.0
bound: 163.00000000000003
gap: 0.006097560975609583
time: 1497.3432540893555
preprocess_time: 0.046504
sepa_time: 5.4e-323
node: 480651
formulation: LEVFP