instance: r_25_0.1_36.txt
obj: 1.0
bound: 0.0
gap: 0.9999999999
time: 0.1638469696044922
preprocess_time: 0.03861
node: 0
algo: EVFPV