instance: r_25_0.4_112.txt
obj: 15.0
bound: 9.134270826322743
gap: 0.39104861157587684
time: 1801.0700659751892
preprocess_time: 0.065573
node: 7793
algo: EFPD