instance: r_25_0.4_112.txt
obj: 17.0
bound: 16.0
gap: 0.05882352941141869
time: 0.29433393478393555
preprocess_time: 0.085796
node: 30
algo: SFD