instance: r_25_0.4_112.txt
obj: 126.0
bound: 123.0
gap: 0.023809523809523808
time: 3599.931797981262
preprocess_time: 0.06912
sepa_time: 0.0
node: 582157
formulation: LEFPI