instance: r_25_0.4_112.txt
obj: 182.0
bound: 181.00000000000003
gap: 0.005494505494505338
time: 1874.716304063797
preprocess_time: 0.045681
sepa_time: 2.96e-322
node: 515256
formulation: LEVFP