instance: r_25_0.2_58.txt
obj: 73.0
bound: 69.0
gap: 0.0547945205479452
time: 3599.94020485878
preprocess_time: 0.063018
sepa_time: 0.0
node: 138734
formulation: EVFP