instance: r_25_0.2_58.txt
obj: 4.0
bound: 4.0
gap: 0.0
time: 49.37016701698303
preprocess_time: 1.283104
sepa_time: 0.0
node: 4194
formulation: LEFP