instance: r_25_0.3_98.txt
obj: 15.0
bound: 12.0
gap: 0.2
time: 3599.955204963684
preprocess_time: 0.047345
node: 273970
formulation: EFP