instance: r_25_0.4_112.txt
obj: 2.0
bound: 2.0
gap: 0.0
time: 3.2393929958343506
preprocess_time: 0.03253
sepa_time: 6.9492896300537e-310
node: 1
formulation: LEVFP