instance: r_25_0.4_112.txt
obj: 2.0
bound: 1.0
gap: 0.499999999975
time: 65.78289985656738
preprocess_time: 0.023161
node: 0
algo: EFPD