instance: r_25_0.3_98.txt
obj: 16.0
bound: 7.993897732226286
gap: 0.5003813917327298
time: 1801.4074289798737
preprocess_time: 0.079293
node: 17337
algo: ERF