instance: r_25_0.4_112.txt
obj: 189.0
bound: 186.0
gap: 0.015873015873015872
time: 3599.949198961258
preprocess_time: 0.052611
sepa_time: 0.0
node: 294598
formulation: LEFPD