instance: r_25_0.3_98.txt
obj: 16.0
bound: 7.999999999999996
gap: 0.4999999999968753
time: 1801.2243301868439
preprocess_time: 0.07122
node: 13193
formulation: EFPI