instance: r_25_0.3_98.txt
obj: 2.0
bound: 2.0
gap: 0.0
time: 278.1607139110565
preprocess_time: 0.027745
node: 1654
formulation: EFP