instance: r_25_0.2_58.txt
obj: 13.0
bound: 10.411072516032595
gap: 0.19914826799596078
time: 1802.9425518512726
preprocess_time: 0.065253
node: 128256
algo: ESFV