instance: r_25_0.3_98.txt
obj: 2.0
bound: 1.0
gap: 0.499999999975
time: 21.960061073303223
preprocess_time: 0.028604
node: 147
formulation: LEVFP