instance: r_25_0.1_36.txt
obj: 67.0
bound: 61.0
gap: 0.08955223880597014
time: 3599.949933052063
preprocess_time: 0.052268
sepa_time: 0.0
node: 1600037
formulation: EFP