instance: r_25_0.4_112.txt
obj: 189.0
bound: 185.0
gap: 0.021164021164021163
time: 3599.951329946518
preprocess_time: 0.050186
sepa_time: 0.0
node: 259047
formulation: LEFPD