instance: r_25_0.2_58.txt
obj: 13.0
bound: 10.547995893955214
gap: 0.18861570046353265
time: 1802.552038192749
preprocess_time: 0.374787
node: 136898
formulation: EFPV