instance: r_25_0.2_58.txt
obj: 4.0
bound: 4.0
gap: 0.0
time: 70.008455991745
preprocess_time: 1.61444
sepa_time: 7.810333516078811e13
node: 4689
formulation: LEFPAV