instance: r_25_0.3_98.txt
obj: 164.0
bound: 164.0
gap: 0.0
time: 1155.061241865158
preprocess_time: 1.609779
sepa_time: 0.0
node: 492229
formulation: LEFPA