instance: r_25_0.1_36.txt
obj: 4.0
bound: 3.0000000000000004
gap: 0.2499999999937499
time: 2.258357048034668
preprocess_time: 0.037872
node: 733
formulation: LEFPDB