instance: r_25_0.4_112.txt
obj: 182.0
bound: 181.00000000000003
gap: 0.005494505494505338
time: 2377.62490606308
preprocess_time: 0.038968
sepa_time: 0.0
node: 694315
formulation: LEFPV2