instance: r_25_0.4_112.txt
obj: 126.0
bound: 124.0
gap: 0.015873015873015872
time: 3599.9331998825073
preprocess_time: 0.069281
sepa_time: 0.0
node: 364143
formulation: LEVFP