instance: r_25_0.2_58.txt
obj: 98.0
bound: 98.0
gap: 0.0
time: 410.07877588272095
preprocess_time: 1.225215
sepa_time: 0.0
node: 233405
formulation: LEFP