instance: r_25_0.1_36.txt
obj: 13.0
bound: 11.999999999999908
gap: 0.07692307692249231
time: 33.8578200340271
preprocess_time: 0.067618
node: 13026
algo: RF