instance: r_25_0.1_36.txt
obj: 4.0
bound: 4.0
gap: 0.0
time: 1.0832629203796387
preprocess_time: 1.593681
sepa_time: 0.0
node: 208
formulation: LEFPAD