instance: r_25_0.2_58.txt
obj: 4.0
bound: 3.0000000000000004
gap: 0.2499999999999999
time: 35.66411209106445
preprocess_time: 1.27882
sepa_time: 0.0
node: 2896
formulation: LEFP