instance: r_25_0.3_98.txt
obj: 17.0
bound: 7.705921456663377
gap: 0.5467105025459972
time: 1801.5038740634918
preprocess_time: 0.038427
node: 18180
formulation: EFP