instance: r_25_0.4_112.txt
obj: 15.0
bound: 8.5859375
gap: 0.42760416666381595
time: 1801.122496843338
preprocess_time: 0.085761
node: 9536
algo: ESFV