instance: r_25_0.3_98.txt
obj: 165.0
bound: 158.0
gap: 0.04242424242424243
time: 3599.6928000450134
preprocess_time: 0.314832
sepa_time: 0.0
node: 101452
formulation: EVFP