instance: r_25_0.4_112.txt
obj: 184.0
bound: 171.00000000000006
gap: 0.07065217391304317
time: 7199.921101093292
preprocess_time: 0.088641
sepa_time: 0.0
node: 1903754
formulation: EFP