instance: r_25_0.1_36.txt
obj: 67.0
bound: 59.0
gap: 0.11940298507462686
time: 7216.613794088364
preprocess_time: 0.05489
sepa_time: 0.0
node: 39174
formulation: EF