instance: r_25_0.1_36.txt
obj: 4.0
bound: 4.0
gap: 0.0
time: 2.1598780155181885
preprocess_time: 1.299956
sepa_time: 0.0
node: 524
formulation: LEFPD