instance: r_25_0.4_112.txt
obj: 16.0
bound: 4.2443983692237355
gap: 0.7347251019189246
time: 3602.5098168849945
preprocess_time: 0.068535
node: 61375
formulation: LEFPI