instance: r_25_0.4_112.txt
obj: 13.0
bound: 10.0
gap: 0.23076923076923078
time: 3599.9632380008698
preprocess_time: 0.050143
node: 64510
formulation: LEFPV