instance: r_25_0.2_58.txt
obj: 98.0
bound: 98.0
gap: 0.0
time: 1028.9341881275177
preprocess_time: 1.235387
sepa_time: 0.0
node: 260259
formulation: LEFPD