instance: r_25_0.2_58.txt
obj: 98.0
bound: 98.0
gap: 0.0
time: 346.8164610862732
preprocess_time: 0.885457
sepa_time: 0.0
node: 161643
formulation: LEFP