instance: r_25_0.2_58.txt
obj: 14.0
bound: 9.779173645310287
gap: 0.3014875967613974
time: 1802.4337589740753
preprocess_time: 0.05648
node: 68330
formulation: LEVFP