instance: r_25_0.1_36.txt
obj: 66.0
bound: 66.0
gap: 0.0
time: 1.8733129501342773
preprocess_time: 0.976221
sepa_time: 0.0
node: 2636
formulation: LEFPA