instance: r_25_0.3_98.txt
obj: 170.0
bound: 170.0
gap: 0.0
time: 654.5791640281677
preprocess_time: 1.329288
sepa_time: 0.0
node: 70096
formulation: LEFPD