instance: r_25_0.3_98.txt
obj: 15.0
bound: 12.0
gap: 0.2
time: 3599.9556028842926
preprocess_time: 0.048304
node: 41312
formulation: LEFPD