instance: r_25_0.2_58.txt
obj: 13.0
bound: 10.529069818433525
gap: 0.19007155242672827
time: 1801.2375609874725
preprocess_time: 0.053107
node: 120005
algo: F0