instance: r_25_0.2_58.txt
obj: 13.0
bound: 10.032289797743848
gap: 0.22828540017179408
time: 1801.9493129253387
preprocess_time: 0.075981
node: 84854
algo: SF