instance: r_25_0.3_98.txt
obj: 2.0
bound: 1.0000000000000235
gap: 0.49999999999998823
time: 8.989542961120605
preprocess_time: 0.030777
node: 189
formulation: LEVFP