instance: r_25_0.1_36.txt
obj: 4.0
bound: 4.0
gap: 0.0
time: 10.046754121780396
preprocess_time: 0.033009
node: 993
formulation: EVFP