instance: r_25_0.2_58.txt
obj: 98.0
bound: 97.00000269074894
gap: 0.010204054176031195
time: 378.95263504981995
preprocess_time: 1.35761
sepa_time: 0.0
node: 189018
formulation: LEFPI