instance: r_25_0.3_98.txt
obj: 1.0
bound: 0.0
gap: 0.9999999999
time: 4.689678907394409
preprocess_time: 0.066025
node: 1444
algo: EVFPV