instance: r_25_0.3_98.txt
obj: 165.0
bound: 153.00000000000006
gap: 0.07272727272727238
time: 7199.947714090347
preprocess_time: 0.05574
sepa_time: 0.0
node: 2503834
formulation: EFP