instance: r_25_0.3_98.txt
obj: 19.0
bound: 7.432460860575681
gap: 0.608817849440181
time: 1859.2049849033356
preprocess_time: 2.516767
node: 932
algo: EFPV