instance: r_25_0.2_58.txt
obj: 4.0
bound: 3.0000000000000004
gap: 0.2499999999999999
time: 40.56493401527405
preprocess_time: 0.039258
sepa_time: 0.0
node: 3632
formulation: LEFPV2