instance: r_25_0.1_36.txt
obj: 4.0
bound: 4.0
gap: 0.0
time: 1.4729480743408203
preprocess_time: 0.038834
node: 480
algo: F