instance: r_25_0.3_98.txt
obj: 95.0
bound: 95.0
gap: 0.0
time: 0.002605915069580078
preprocess_time: 1.303652
sepa_time: 0.0
node: 0
formulation: LEFPA