instance: r_25_0.3_98.txt
obj: 18.0
bound: 7.905291732053041
gap: 0.5608171259939377
time: 1800.9140920639038
preprocess_time: 0.066383
node: 7518
algo: EFP0