instance: r_25_0.1_36.txt
obj: 5.0
bound: 3.999999999999999
gap: 0.19999999999600018
time: 10.840492963790894
preprocess_time: 0.011267
node: 50
formulation: EF