instance: r_25_0.4_112.txt
obj: 0.0
bound: 0.0
gap: 0.0
time: 0.9991810321807861
preprocess_time: 0.084381
node: 0
algo: EVFP