instance: r_25_0.2_58.txt
obj: 14.0
bound: 10.771697877160186
gap: 0.23059300877262534
time: 1802.3505020141602
preprocess_time: 0.056493
node: 61622
algo: EFPD