instance: r_25_0.2_58.txt
obj: 13.0
bound: 10.479471906404036
gap: 0.1938867764289673
time: 1802.0657589435577
preprocess_time: 0.056401
node: 85802
algo: ESF