instance: r_30_0.1_54.txt
obj: 5.0
bound: 5.0
gap: 0.0
time: 17.333226919174194
preprocess_time: 1.580252
sepa_time: 0.0
node: 1802
formulation: LEFPA