instance: r_30_0.1_54.txt
obj: 97.0
bound: 97.0
gap: 0.0
time: 111.77089810371399
preprocess_time: 0.891542
sepa_time: 0.0
node: 112881
formulation: LEFP