instance: r_30_0.4_188.txt
obj: 25.0
bound: 6.327277617866433
gap: 0.7469088952823552
time: 1800.6976170539856
preprocess_time: 0.086227
node: 1177
algo: ERF