instance: r_30_0.3_131.txt
obj: 20.999999869488597
bound: 7.334029697431172
gap: 0.650760488424953
time: 3601.538444042206
preprocess_time: 0.051626
node: 14048
formulation: LEVFP