instance: r_30_0.3_131.txt
obj: 3.0
bound: 2.0000000000000004
gap: 0.3333333333333332
time: 330.51193714141846
preprocess_time: 0.035749
sepa_time: 6.92020733061893e-310
node: 3237
formulation: EVFP