instance: r_30_0.4_188.txt
obj: 0.0
bound: 0.0
gap: 0.0
time: 3.8751919269561768
preprocess_time: 0.028944
node: 0
algo: EVFPV