instance: r_30_0.2_75.txt
obj: 5.0
bound: 3.0
gap: 0.4
time: 3600.113723039627
preprocess_time: 0.020225
node: 155
formulation: EF