instance: r_30_0.3_131.txt
obj: 20.0
bound: 11.033333333333331
gap: 0.4483333333310918
time: 1794.1624331474304
preprocess_time: 6.866256
node: 9591
algo: EFPV