instance: r_30_0.2_75.txt
obj: 17.0
bound: 14.0
gap: 0.17647058823529413
time: 3603.8122220039368
preprocess_time: 0.039484
node: 8847
formulation: EF