instance: r_30_0.1_54.txt
obj: 5.0
bound: 5.0
gap: 0.0
time: 17.766412019729614
preprocess_time: 1.073924
sepa_time: 0.0
node: 2690
formulation: LEFPA