instance: r_30_0.2_75.txt
obj: 4.0
bound: 3.0000000000000004
gap: 0.2499999999999999
time: 84.01783204078674
preprocess_time: 0.047684
sepa_time: 6.92401887346034e-310
node: 1613
formulation: EVFP