instance: r_30_0.2_75.txt
obj: 4.0
bound: 2.9999999999999782
gap: 0.24999999999375544
time: 603.5626668930054
preprocess_time: 0.040023
node: 9539
algo: RF