instance: r_30_0.3_131.txt
obj: 21.999999986460583
bound: 7.827683903125136
gap: 0.644196185999685
time: 1800.589112997055
preprocess_time: 0.167852
node: 2804
algo: EFP0