instance: r_30_0.1_54.txt
obj: 97.0
bound: 93.00000000000007
gap: 0.041237113402061126
time: 7199.953474998474
preprocess_time: 0.050376
sepa_time: 0.0
node: 511045
formulation: EVFP