instance: r_30_0.4_188.txt
obj: 23.0
bound: 11.327998314765962
gap: 0.5074783341384039
time: 1786.1759068965912
preprocess_time: 14.663132
node: 512
algo: EFPV