instance: r_30_0.4_188.txt
obj: 2.0
bound: 2.0
gap: 0.0
time: 88.3747911453247
preprocess_time: 1.232932
sepa_time: 0.0
node: 13
formulation: LEFPV