instance: r_30_0.4_188.txt
obj: 2.0
bound: 2.0
gap: 0.0
time: 28.637797832489014
preprocess_time: 1.323931
sepa_time: 0.0
node: 1
formulation: LEFPAI