instance: r_30_0.2_75.txt
obj: 18.0
bound: 12.999999999999979
gap: 0.2777777777762358
time: 3618.346200942993
preprocess_time: 0.060796
node: 398214
formulation: LEFPDB