instance: r_30_0.2_75.txt
obj: 4.0
bound: 4.0
gap: 0.0
time: 122.48500990867615
preprocess_time: 0.023499
sepa_time: 6.90961257071917e-310
node: 2030
formulation: LEVFP