instance: r_30_0.4_188.txt
obj: 27.0
bound: 6.315012031701084
gap: 0.7661106654897151
time: 1800.8585069179535
preprocess_time: 0.096959
node: 832
algo: EVFP