instance: r_30_0.3_131.txt
obj: 145.0
bound: 142.0
gap: 0.020689655172413793
time: 3599.9387559890747
preprocess_time: 0.063376
sepa_time: 0.0
node: 498493
formulation: LEFP