instance: r_30_0.4_188.txt
obj: 2.0
bound: 1.0
gap: 0.499999999975
time: 754.00736784935
preprocess_time: 0.049065
node: 2986
formulation: LEFPI