instance: r_30_0.1_54.txt
obj: 97.0
bound: 93.00000000000007
gap: 0.041237113402061126
time: 7199.963828086853
preprocess_time: 0.038955
sepa_time: 0.0
node: 497729
formulation: EVFP