instance: r_30_0.1_54.txt
obj: 5.0
bound: 3.999999999999952
gap: 0.1999999999960096
time: 118.37865114212036
preprocess_time: 0.0377
node: 10131
formulation: LEVFP