instance: r_30_0.2_75.txt
obj: 4.0
bound: 2.2033218248121003
gap: 0.4491695437857457
time: 435.5050220489502
preprocess_time: 1364.902611
node: 402
formulation: EFPV2