instance: r_30_0.1_54.txt
obj: 50.0
bound: 50.0
gap: 0.0
time: 0.0019359588623046875
preprocess_time: 1.721775
sepa_time: 0.0
node: 0
formulation: LEFPAV