instance: r_30_0.3_131.txt
obj: 3.0
bound: 1.999999999999999
gap: 0.3333333333222226
time: 1170.2965910434723
preprocess_time: 0.036316
node: 278
algo: ESFV