instance: r_30_0.2_75.txt
obj: 4.0
bound: 4.0
gap: 0.0
time: 113.73310708999634
preprocess_time: 1.299871
sepa_time: 0.0
node: 3356
formulation: LEFPAD