instance: r_30_0.3_131.txt
obj: 208.0
bound: 205.0
gap: 0.014423076923076924
time: 7199.970196962357
preprocess_time: 0.030752
sepa_time: 3.85e-322
node: 1087886
formulation: LEVFP