instance: r_30_0.2_75.txt
obj: 0.0
bound: 0.0
gap: 0.0
time: 0.4511690139770508
preprocess_time: 0.036038
node: 0
algo: EVFP