instance: r_30_0.1_54.txt
obj: 16.0
bound: 15.000000000000002
gap: 0.06249999999999989
time: 348.541063785553
preprocess_time: 0.058928
node: 79380
formulation: LEFP