instance: r_30_0.3_131.txt
obj: 3.0
bound: 1.364242232708226
gap: 0.5452525890790829
time: 1800.6788790225983
preprocess_time: 0.04137
node: 6498
algo: F