instance: r_30_0.3_131.txt
obj: 19.0
bound: 11.009649101529147
gap: 0.42054478412783153
time: 1797.7217109203339
preprocess_time: 3.34882
node: 4988
algo: EFPV