instance: r_30_0.4_188.txt
obj: 299.0
bound: 292.0
gap: 0.023411371237458192
time: 3598.689857006073
preprocess_time: 1.312107
sepa_time: 0.0
node: 2191927
formulation: LEFPV2