instance: r_30_0.4_188.txt
org_node: 30
org_edge: 188
org_min_len: 0.252660413271443
org_avg_len: 0.6065756063872673
org_max_len: 0.9917999550727499
dtf_node: 69
dtf_edge: 227
dtf_min_len: 0.05249066333359492
dtf_avg_len: 0.5023621762150057
dtf_max_len: 0.9917999550727499
sdb_node: 499
sdb_edge: 657
sdb_min_len: 0.1263302066357215
sdb_avg_len: 0.17357110197991818
sdb_max_len: 0.19986919736747313
dlt: 0.2001699501077982
formulation: None