instance: r_30_0.4_188.txt
obj: 2.0
bound: 1.0000000000000002
gap: 0.4999999999999999
time: 50.7857928276062
preprocess_time: 0.048889
node: 3
formulation: LEFPD