instance: r_30_0.4_188.txt
obj: 299.00000000000097
bound: 290.0
gap: 0.03010033444816367
time: 3599.9525089263916
preprocess_time: 0.048282
sepa_time: 0.0
node: 2189207
formulation: LEFPI