instance: r_30_0.2_75.txt
obj: 126.0
bound: 126.0
gap: 0.0
time: 4734.639354944229
preprocess_time: 0.934115
sepa_time: 0.0
node: 1189137
formulation: LEFP