instance: r_30_0.4_188.txt
obj: 301.0
bound: 281.0
gap: 0.0664451827242525
time: 7199.767925977707
preprocess_time: 0.245219
sepa_time: 0.0
node: 944834
formulation: EFP