instance: r_30_0.2_75.txt
obj: 128.0
bound: 113.0
gap: 0.1171875
time: 7199.956206083298
preprocess_time: 0.046697
sepa_time: 0.0
node: 1791789
formulation: EFP