instance: r_30_0.1_54.txt
obj: 5.0
bound: 5.0
gap: 0.0
time: 49.7759370803833
preprocess_time: 0.024124
sepa_time: 0.0
node: 3739
formulation: LEVFP