instance: r_30_0.2_75.txt
org_node: 30
org_edge: 75
org_min_len: 0.2794302969810009
org_avg_len: 0.6691658563857255
org_max_len: 0.9947526277799718
dtf_node: 67
dtf_edge: 112
dtf_min_len: 0.005647066919150956
dtf_avg_len: 0.44810213597258386
dtf_max_len: 0.6691651872198691
sdb_node: 67
sdb_edge: 112
sdb_min_len: 0.2794302969810009
sdb_avg_len: 0.4481021359725839
sdb_max_len: 0.6678092551527454
dlt: 0.6691658563857255
formulation: None