instance: r_30_0.4_188.txt
obj: 21.0
bound: 11.327998314765956
gap: 0.4605715088184756
time: 1786.818046092987
preprocess_time: 14.038798
node: 480
formulation: EFPV