instance: r_30_0.2_75.txt
obj: 4.0
bound: 3.0000000000000004
gap: 0.2499999999999999
time: 47.565130949020386
preprocess_time: 0.03104
node: 1610
formulation: EFP