instance: r_30_0.1_54.txt
obj: 97.0
bound: 96.00000000000001
gap: 0.010309278350515318
time: 64.76892399787903
preprocess_time: 0.051178
sepa_time: 6.9375643939047e-310
node: 56156
formulation: LEVFP