instance: r_30_0.1_54.txt
obj: 97.0
bound: 96.00000000000001
gap: 0.010309278350515318
time: 39.08661985397339
preprocess_time: 1.298356
sepa_time: 0.0
node: 42596
formulation: LEFPI