instance: r_30_0.4_188.txt
obj: 2.0
bound: 1.0
gap: 0.499999999975
time: 947.5034141540527
preprocess_time: 0.095858
node: 470
formulation: EFPD