instance: r_30_0.1_54.txt
obj: 50.0
bound: 50.0
gap: 0.0
time: 0.007936954498291016
preprocess_time: 1.71781
sepa_time: 0.0
node: 1
formulation: LEFPAD