instance: r_30_0.2_75.txt
obj: 4.0
bound: 2.9999999999999623
gap: 0.24999999999375944
time: 382.78164315223694
preprocess_time: 0.040354
node: 7504
formulation: EFPI