instance: r_30_0.1_54.txt
obj: 98.0
bound: 98.0
gap: 0.0
time: 11.10317587852478
preprocess_time: 0.048202
sepa_time: 0.0
node: 4356
formulation: LEFPD