instance: r_30_0.4_188.txt
obj: 25.0
bound: 6.351232970256483
gap: 0.7459506811867569
time: 1800.7370820045471
preprocess_time: 0.08775
node: 957
algo: ESF