instance: r_30_0.1_54.txt
obj: 5.0
bound: 5.0
gap: 0.0
time: 22.151066064834595
preprocess_time: 1.221759
sepa_time: 0.0
node: 3299
formulation: LEFP