instance: r_30_0.4_188.txt
obj: 24.0
bound: 11.298387096774194
gap: 0.5292338709655369
time: 1773.098021030426
preprocess_time: 27.785788
node: 63
algo: EFPV