instance: r_30_0.2_75.txt
obj: 4.0
bound: 4.0
gap: 0.0
time: 48.800212144851685
preprocess_time: 1.00989
sepa_time: 1.387206687793968e13
node: 2056
formulation: LEFPAV