instance: r_30_0.2_75.txt
obj: 4.0
bound: 2.9999999999999694
gap: 0.24999999999375766
time: 83.51060700416565
preprocess_time: 0.039171
node: 4693
formulation: LEFPDB