instance: r_30_0.3_131.txt
obj: 3.0
bound: 3.0
gap: 0.0
time: 302.87385296821594
preprocess_time: 1.07993
sepa_time: 0.0
node: 4399
formulation: LEFPA