instance: r_30_0.1_54.txt
obj: 5.0
bound: 3.99999999999992
gap: 0.19999999999601598
time: 48.37260103225708
preprocess_time: 0.03802
node: 3779
algo: SF