instance: r_30_0.3_131.txt
obj: 21.999999898566408
bound: 7.202661101807394
gap: 0.672606312041665
time: 1800.5346891880035
preprocess_time: 0.127526
node: 6717
algo: RF