instance: r_30_0.4_188.txt
obj: 299.0
bound: 290.0
gap: 0.030100334448160536
time: 3599.9524970054626
preprocess_time: 0.04967
sepa_time: 0.0
node: 1963053
formulation: LEFPV