instance: r_30_0.1_54.txt
obj: 16.0
bound: 13.603535353535353
gap: 0.14977904040310433
time: 1797.8149218559265
preprocess_time: 5.150667
node: 142840
formulation: EFPV2