instance: r_30_0.2_75.txt
obj: 4.0
bound: 2.5179759351139768
gap: 0.37050601621224316
time: 1800.7067239284515
preprocess_time: 0.021677
node: 6919
algo: EFPD