instance: r_30_0.2_75.txt
obj: 4.0
bound: 2.999999999999972
gap: 0.249999999993757
time: 1179.4866280555725
preprocess_time: 0.043452
node: 15303
formulation: EVFP