instance: r_30_0.3_131.txt
obj: 16.0
bound: 13.0
gap: 0.1875
time: 3599.9416069984436
preprocess_time: 0.063843
node: 95139
formulation: EFP