instance: r_30_0.4_188.txt
obj: 2.0
bound: 1.0000000000000002
gap: 0.4999999999999999
time: 12.726996898651123
preprocess_time: 0.042374
sepa_time: 1.5e-323
node: 1
formulation: LEVFP