instance: r_30_0.1_54.txt
obj: 5.0
bound: 5.0
gap: 0.0
time: 8.986988067626953
preprocess_time: 1.230274
sepa_time: 0.0
node: 2577
formulation: LEFPV