instance: r_30_0.3_131.txt
obj: 19.999999841200676
bound: 8.238802389655808
gap: 0.5880598772434787
time: 1800.6560480594635
preprocess_time: 0.125037
node: 5746
formulation: EFPI