instance: r_30_0.1_54.txt
obj: 5.0
bound: 4.000000000000001
gap: 0.19999999999999982
time: 35.21333289146423
preprocess_time: 0.03834
node: 2940
formulation: LEFPD