instance: r_30_0.3_131.txt
obj: 3.0
bound: 1.9999999999999079
gap: 0.33333333332225296
time: 896.8447728157043
preprocess_time: 0.04845
node: 2704
formulation: EFP