instance: r_30_0.2_75.txt
org_node: 30
org_edge: 75
org_min_len: 0.2794302969810009
org_avg_len: 0.6691658563857255
org_max_len: 0.9947526277799718
dtf_node: 30
dtf_edge: 75
dtf_min_len: 0.2794302969810009
dtf_avg_len: 0.6691658563857255
dtf_max_len: 0.9947526277799718
sdb_node: 30
sdb_edge: 75
sdb_min_len: 0.2794302969810009
sdb_avg_len: 0.6691658563857255
sdb_max_len: 0.9947526277799718
dlt: 1.338331712771451
algo: None