instance: r_30_0.2_75.txt
obj: 126.0
bound: 124.0
gap: 0.015873015873015872
time: 7198.678620100021
preprocess_time: 1.32254
sepa_time: 0.0
node: 903842
formulation: LEFPAD