instance: r_30_0.1_54.txt
obj: 97.99999807544455
bound: 97.0
gap: 0.010204062194722807
time: 3.6128249168395996
preprocess_time: 0.921044
sepa_time: 0.0
node: 1504
formulation: LEFPD