instance: r_30_0.4_188.txt
obj: 27.0
bound: 6.315012031701084
gap: 0.7661106654897151
time: 1800.8280267715454
preprocess_time: 0.049655
node: 1094
formulation: EVFP