instance: r_30_0.1_54.txt
obj: 5.0
bound: 3.999999999999953
gap: 0.19999999999600943
time: 57.786633014678955
preprocess_time: 0.012783
node: 5004
algo: F0