instance: r_30_0.3_131.txt
obj: 208.0
bound: 205.0
gap: 0.014423076923076924
time: 7198.6364488601685
preprocess_time: 1.364397
sepa_time: 0.0
node: 1254504
formulation: LEFPAI