instance: r_30_0.4_188.txt
obj: 302.0
bound: 282.0
gap: 0.06622516556291391
time: 3599.575541973114
preprocess_time: 0.437472
sepa_time: 0.0
node: 415052
formulation: EFP