instance: r_30_0.2_75.txt
obj: 4.0
bound: 4.0
gap: 0.0
time: 53.24532985687256
preprocess_time: 0.027371
sepa_time: 0.0
node: 1882
formulation: EFP