instance: r_30_0.2_75.txt
obj: 126.0
bound: 123.0
gap: 0.023809523809523808
time: 3599.963245153427
preprocess_time: 0.037408
sepa_time: 0.0
node: 994375
formulation: LEFPV