instance: r_30_0.1_54.txt
obj: 5.0
bound: 5.0
gap: 0.0
time: 54.55449080467224
preprocess_time: 0.028422
sepa_time: 6.94518794733965e-310
node: 3739
formulation: LEVFP