instance: r_30_0.1_54.txt
obj: 98.0
bound: 87.0
gap: 0.11224489795918367
time: 7199.952772140503
preprocess_time: 0.050318
sepa_time: 0.0
node: 3614456
formulation: EFP