instance: r_30_0.2_75.txt
obj: 93.0
bound: 92.0
gap: 0.010752688172043012
time: 3599.9549839496613
preprocess_time: 0.046464
sepa_time: 0.0
node: 1036250
formulation: LEVFP