instance: r_30_0.3_131.txt
obj: 3.0
bound: 1.4355624870301824
gap: 0.5214791709725566
time: 1800.7014989852905
preprocess_time: 0.04128
node: 716
formulation: EFPD