instance: r_30_0.4_188.txt
obj: 23.0
bound: 3.8059797330397362
gap: 0.8345226202989919
time: 3622.6172881126404
preprocess_time: 0.076672
node: 13603
formulation: LEFP