instance: r_30_0.1_54.txt
obj: 97.0
bound: 96.00000000000001
gap: 0.010309278350515318
time: 64.26137709617615
preprocess_time: 0.045904
sepa_time: 0.0
node: 56156
formulation: LEVFP