instance: r_30_0.3_131.txt
obj: 0.0
bound: 0.0
gap: 0.0
time: 2.0998308658599854
preprocess_time: 0.039936
node: 0
algo: EVFP