instance: r_30_0.1_54.txt
obj: 5.0
bound: 5.0
gap: 0.0
time: 17.96182608604431
preprocess_time: 1.210662
sepa_time: 0.0
node: 2839
formulation: LEFPAI