instance: r_30_0.3_131.txt
obj: 20.0
bound: 4.931889761580249
gap: 0.7534055119172206
time: 3603.5179421901703
preprocess_time: 0.068216
node: 46465
formulation: LEFPI