instance: r_30_0.4_188.txt
obj: 2.0
bound: 0.9999999999999999
gap: 0.499999999975
time: 450.94065499305725
preprocess_time: 0.044913
node: 970
algo: RF