instance: r_30_0.3_131.txt
obj: 3.0
bound: 3.0
gap: 0.0
time: 338.07378792762756
preprocess_time: 1.756011
sepa_time: 0.0
node: 4399
formulation: LEFPA