instance: r_30_0.1_54.txt
obj: 97.0
bound: 96.00000480820702
gap: 0.01030922878137089
time: 158.96309518814087
preprocess_time: 1.264252
sepa_time: 0.0
node: 198696
formulation: LEFP