instance: r_30_0.3_131.txt
obj: 20.0
bound: 7.19081698787597
gap: 0.6404591506029993
time: 1800.959324836731
preprocess_time: 0.041035
node: 5430
formulation: LEVFP