instance: r_30_0.3_131.txt
obj: 3.0
bound: 2.0000000000000004
gap: 0.3333333333333332
time: 127.88015604019165
preprocess_time: 0.043501
node: 2142
formulation: LEFPV