instance: r_30_0.1_54.txt
obj: 98.0
bound: 88.0
gap: 0.10204081632653061
time: 3599.9422669410706
preprocess_time: 0.061519
sepa_time: 0.0
node: 1325812
formulation: EFP