instance: r_30_0.4_188.txt
obj: 2.0
bound: 2.0
gap: 0.0
time: 132.71055603027344
preprocess_time: 1.299625
sepa_time: 0.0
node: 711
formulation: LEFPD