instance: r_30_0.1_54.txt
obj: 5.0
bound: 3.166666666666666
gap: 0.36666666665933345
time: 1800.8990058898926
preprocess_time: 0.015562
node: 359
formulation: EF