instance: r_30_0.3_131.txt
obj: 20.0
bound: 7.785565279975008
gap: 0.6107217359981961
time: 1800.782606124878
preprocess_time: 0.061029
node: 3170
algo: F0