instance: r_30_0.1_54.txt
obj: 16.0
bound: 14.999999999999991
gap: 0.06249999999960994
time: 47.804787158966064
preprocess_time: 0.05829
node: 14702
formulation: LEFP