instance: r_30_0.3_131.txt
obj: 3.0
bound: 2.0000000000000004
gap: 0.3333333333333332
time: 117.07311701774597
preprocess_time: 0.034943
sepa_time: 0.0
node: 2142
formulation: LEFPV2