instance: r_30_0.3_131.txt
obj: 22.0
bound: 20.999999999999993
gap: 0.04545454545433917
time: 0.6651649475097656
preprocess_time: 0.115895
node: 160
algo: SFD