instance: r_30_0.4_188.txt
obj: 23.0
bound: 6.341912680701118
gap: 0.7242646660533242
time: 1800.8506379127502
preprocess_time: 0.07174
node: 1790
formulation: EFP