instance: r_30_0.1_54.txt
obj: 16.0
bound: 13.529254910004216
gap: 0.1544215681237714
time: 1802.3778247833252
preprocess_time: 0.079876
node: 125126
algo: SF