instance: r_30_0.4_188.txt
obj: 2.0
bound: 1.0000000000000004
gap: 0.4999999999749998
time: 153.24829006195068
preprocess_time: 0.038031
node: 472
algo: ERF