instance: r_30_0.4_188.txt
obj: 2.0
bound: 2.0
gap: 0.0
time: 149.53486108779907
preprocess_time: 1.286241
sepa_time: 0.0
node: 589
formulation: LEFPAD