instance: r_30_0.4_188.txt
obj: 2.0
bound: 2.0
gap: 0.0
time: 37.60911989212036
preprocess_time: 1.276166
sepa_time: 1.3839561659207096e13
node: 28
formulation: LEFPAV