instance: r_30_0.4_188.txt
obj: 28.0
bound: 6.554432077990161
gap: 0.7659131400690447
time: 1800.6622269153595
preprocess_time: 0.111379
node: 1188
algo: RF