instance: r_30_0.3_131.txt
obj: 0.0
bound: 0.0
gap: 0.0
time: 18.730724811553955
preprocess_time: 0.082182
node: 593
algo: EVFPV