instance: r_30_0.2_75.txt
obj: 126.0
bound: 125.00001006583689
gap: 0.007936428048913577
time: 2704.45143699646
preprocess_time: 0.965413
sepa_time: 0.0
node: 702120
formulation: LEFPV