instance: r_30_0.3_131.txt
obj: 3.0
bound: 1.4999999999999996
gap: 0.4999999999833335
time: 1800.6690139770508
preprocess_time: 0.023636
node: 2866
algo: ERF