instance: r_30_0.3_131.txt
obj: 3.0
bound: 1.9999999999999079
gap: 0.33333333332225296
time: 874.5048201084137
preprocess_time: 0.022475
node: 2704
algo: EFP