instance: r_30_0.1_54.txt
obj: 5.0
bound: 3.999999999999941
gap: 0.1999999999960118
time: 74.83030915260315
preprocess_time: 0.024773
node: 3718
algo: EFPLg