instance: r_30_0.4_188.txt
obj: 18.0
bound: 12.0
gap: 0.3333333333333333
time: 3599.9298779964447
preprocess_time: 0.077362
node: 27131
formulation: LEFPV