instance: r_30_0.2_75.txt
obj: 17.99999998733553
bound: 11.56205090227363
gap: 0.3576638383086533
time: 1800.3981130123138
preprocess_time: 0.084842
node: 36633
algo: SF