instance: r_30_0.2_75.txt
obj: 4.0
bound: 4.0
gap: 0.0
time: 54.420756101608276
preprocess_time: 0.027784
sepa_time: 0.0
node: 1882
formulation: EFP