instance: r_30_0.1_54.txt
obj: 5.0
bound: 4.000000000000001
gap: 0.19999999999999982
time: 605.6236371994019
preprocess_time: 0.015483
sepa_time: 0.0
node: 358
formulation: EF