instance: r_30_0.3_131.txt
obj: 0.0
bound: 0.0
gap: 0.0
time: 1.4974868297576904
preprocess_time: 0.09073
node: 0
algo: EVFP