instance: r_30_0.3_131.txt
obj: 21.0
bound: 6.730297697428279
gap: 0.6795096334525605
time: 1800.550006866455
preprocess_time: 0.067932
node: 5105
algo: EVFPV