instance: r_30_0.1_54.txt
obj: 97.0
bound: 97.0
gap: 0.0
time: 899.9814620018005
preprocess_time: 1.683581
sepa_time: 0.0
node: 485680
formulation: LEFPAD