instance: r_30_0.4_188.txt
obj: 22.999999982361377
bound: 6.382545312289592
gap: 0.7224980296844961
time: 1800.804748058319
preprocess_time: 0.059334
node: 1650
algo: SF