instance: r_30_0.4_188.txt
obj: 2.0
bound: 1.0000000000000007
gap: 0.49999999999999967
time: 30.325634002685547
preprocess_time: 0.04134
sepa_time: 1.2e-322
node: 1
formulation: EVFP