instance: r_30_0.4_188.txt
obj: 2.0
bound: 2.0
gap: 0.0
time: 275.26819586753845
preprocess_time: 0.026963
node: 0
algo: ESFV