instance: r_30_0.2_75.txt
obj: 17.0
bound: 11.849059566629528
gap: 0.3029964960788337
time: 1801.615952014923
preprocess_time: 0.08291
node: 32068
algo: EVFP