instance: r_30_0.2_75.txt
obj: 17.0
bound: 15.0
gap: 0.11764705882352941
time: 3599.95210814476
preprocess_time: 0.049528
sepa_time: 0.0
node: 251741
formulation: EVFP