instance: r_30_0.2_75.txt
obj: 4.0
bound: 3.0000000000000004
gap: 0.2499999999999999
time: 83.8959801197052
preprocess_time: 0.032056
sepa_time: 6.9213816679016e-310
node: 1613
formulation: EVFP