instance: r_30_0.3_131.txt
obj: 3.0
bound: 2.0000000000000004
gap: 0.3333333333333332
time: 306.7915189266205
preprocess_time: 0.043526
node: 3682
formulation: LEFPD