instance: r_30_0.2_75.txt
obj: 17.0
bound: 11.987409130335447
gap: 0.29485828644912165
time: 1801.3249089717865
preprocess_time: 0.046341
node: 42214
algo: EFPLg