instance: r_30_0.4_188.txt
obj: 18.0
bound: 14.0
gap: 0.2222222222222222
time: 3599.9468450546265
preprocess_time: 0.055464
sepa_time: 0.0
node: 21157
formulation: EVFP