instance: r_30_0.1_54.txt
obj: 5.0
bound: 5.0
gap: 0.0
time: 592.146411895752
preprocess_time: 0.010985
sepa_time: 0.0
node: 774
formulation: EF