instance: r_30_0.2_75.txt
obj: 18.0
bound: 11.903071788922878
gap: 0.33871823394684725
time: 1801.1648240089417
preprocess_time: 0.057376
node: 38986
algo: RF