instance: r_30_0.1_54.txt
obj: 5.0
bound: 3.9999999999999694
gap: 0.19999999999600612
time: 80.0060760974884
preprocess_time: 0.038561
node: 6139
formulation: LEFPD