instance: r_30_0.4_188.txt
obj: 2.0
bound: 1.0000000000000002
gap: 0.4999999999999999
time: 7.0619189739227295
preprocess_time: 0.038541
sepa_time: 0.0
node: 1
formulation: EFP