instance: r_30_0.1_54.txt
obj: 5.0
bound: 3.166666666666666
gap: 0.36666666665933345
time: 1800.6884400844574
preprocess_time: 0.011649
node: 320
algo: EF