instance: r_30_0.2_75.txt
obj: 23.0
bound: 12.0
gap: 0.478260869563138
time: 1801.7940139770508
preprocess_time: 0.039031
node: 30
algo: EF