instance: r_30_0.1_54.txt
obj: 5.0
bound: 3.9999999999999747
gap: 0.19999999999600507
time: 39.658557176589966
preprocess_time: 91.830735
node: 2041
algo: EFPV2