instance: r_30_0.2_75.txt
obj: 10.0
bound: 2.2976094547408
gap: 0.7702390545182176
time: 1801.3968269824982
preprocess_time: 0.015468
node: 3
formulation: EF