instance: r_30_0.3_131.txt
obj: 3.0
bound: 3.0
gap: 0.0
time: 292.2942979335785
preprocess_time: 0.967691
sepa_time: 0.0
node: 4088
formulation: LEFPAD