instance: r_30_0.3_131.txt
obj: 3.0
bound: 2.0000000000000004
gap: 0.3333333333333332
time: 917.5660600662231
preprocess_time: 1.121228
sepa_time: 0.0
node: 9614
formulation: LEFP