instance: r_30_0.2_75.txt
obj: 128.0
bound: 120.0
gap: 0.0625
time: 3599.9481608867645
preprocess_time: 0.054912
sepa_time: 0.0
node: 53071
formulation: EVFP