instance: r_30_0.3_131.txt
obj: 3.0
bound: 1.9999999999999518
gap: 0.3333333333222383
time: 1035.5427901744843
preprocess_time: 0.036344
node: 7903
formulation: LEFPI