instance: r_30_0.1_54.txt
obj: 5.0
bound: 3.999999999999999
gap: 0.19999999999600018
time: 135.12549805641174
preprocess_time: 0.026738
node: 1906
formulation: EFPD