instance: r_30_0.1_54.txt
obj: 5.0
bound: 3.9999999999999005
gap: 0.1999999999960199
time: 302.7270839214325
preprocess_time: 0.028957
node: 13458
algo: EVFP0