instance: r_30_0.2_75.txt
obj: 4.0
bound: 2.4481874417148113
gap: 0.3879531395615983
time: 1800.4373519420624
preprocess_time: 0.028103
node: 5559
algo: EDF