instance: r_30_0.2_75.txt
obj: 4.0
bound: 4.0
gap: 0.0
time: 59.13212203979492
preprocess_time: 1.239004
sepa_time: 0.0
node: 1984
formulation: LEFPA