instance: r_30_0.4_188.txt
obj: 2.0
bound: 1.0000000000000002
gap: 0.4999999999999999
time: 5.970574140548706
preprocess_time: 0.96677
sepa_time: 0.0
node: 1
formulation: LEFP