instance: r_30_0.1_54.txt
obj: 16.0
bound: 14.00000023646352
gap: 0.12499998522024872
time: 1802.3229219913483
preprocess_time: 0.072809
node: 192926
algo: EFP