instance: r_30_0.1_54.txt
obj: 97.0
bound: 97.0
gap: 0.0
time: 722.2754290103912
preprocess_time: 1.00378
sepa_time: 0.0
node: 358477
formulation: LEFPAD