instance: r_30_0.1_54.txt
obj: 5.0
bound: 3.999999999999992
gap: 0.1999999999960016
time: 58.36670398712158
preprocess_time: 0.027884
node: 4044
algo: SF