instance: r_30_0.4_188.txt
obj: 2.0
bound: 2.0
gap: 0.0
time: 19.03238081932068
preprocess_time: 0.041815
sepa_time: 6.91804112162137e-310
node: 1
formulation: LEVFP