instance: r_30_0.2_75.txt
obj: 4.0
bound: 3.0000000000000004
gap: 0.2499999999999999
time: 46.54389500617981
preprocess_time: 0.041737
node: 1843
formulation: LEFPI