instance: r_30_0.1_54.txt
obj: 5.0
bound: 5.0
gap: 0.0
time: 0.1891791820526123
preprocess_time: 0.038362
node: 0
algo: SFD