instance: r_30_0.4_188.txt
obj: 298.0
bound: 295.0
gap: 0.010067114093959731
time: 7199.007308959961
preprocess_time: 0.993076
sepa_time: 0.0
node: 743437
formulation: LEFPAI