instance: r_30_0.3_131.txt
obj: 3.0
bound: 3.0
gap: 0.0
time: 343.5016040802002
preprocess_time: 1.63588
sepa_time: 0.0
node: 4399
formulation: LEFPA