instance: r_30_0.2_75.txt
obj: 126.0
bound: 126.0
gap: 0.0
time: 5507.492560148239
preprocess_time: 1.638129
sepa_time: 0.0
node: 1349534
formulation: LEFPA