instance: r_30_0.3_131.txt
obj: 3.0
bound: 1.9999999999999725
gap: 0.3333333333222314
time: 1575.4654910564423
preprocess_time: 0.039253
node: 6394
algo: EVFP0