instance: r_30_0.2_75.txt
obj: 18.0
bound: 11.178290079494944
gap: 0.37898388447039766
time: 1815.526901960373
preprocess_time: 74.09953
node: 7834
algo: EFPV2