instance: r_30_0.1_54.txt
obj: 17.0
bound: 13.658932035827547
gap: 0.19653340965604704
time: 1802.58451795578
preprocess_time: 0.059857
node: 167366
algo: RF