instance: r_30_0.4_188.txt
obj: 22.0
bound: 7.139009607936477
gap: 0.6754995632725443
time: 1800.8027119636536
preprocess_time: 0.110821
node: 839
formulation: LEVFP