instance: r_30_0.2_75.txt
obj: 129.0
bound: 127.0
gap: 0.015503875968992248
time: 3598.710797071457
preprocess_time: 1.290277
sepa_time: 0.0
node: 498907
formulation: LEFPD