instance: r_30_0.2_75.txt
obj: 4.0
bound: 2.9999999999999316
gap: 0.2499999999937671
time: 825.8965590000153
preprocess_time: 0.045005
node: 19901
formulation: LEVFP