instance: r_30_0.2_75.txt
obj: 4.0
bound: 2.999999999999934
gap: 0.24999999999376654
time: 854.9218049049377
preprocess_time: 0.039286
node: 13256
algo: SF