instance: r_30_0.3_131.txt
obj: 3.9e-322
bound: -1.0e100
gap: 1.0e100
time: 3600.3484539985657
preprocess_time: 0.028742
sepa_time: 0.0
node: 0
formulation: EF