instance: r_30_0.1_54.txt
obj: 5.0
bound: 3.999999999999985
gap: 0.19999999999600301
time: 64.79695320129395
preprocess_time: 0.040664
node: 2355
formulation: EFP