instance: r_30_0.3_131.txt
obj: 4.0
bound: 1.0
gap: 0.74999999998125
time: 1914.5600810050964
preprocess_time: 47.350363
node: 98
algo: EFPV