instance: r_30_0.3_131.txt
obj: 0.0
bound: 0.0
gap: 0.0
time: 3.3428502082824707
preprocess_time: 0.039745
node: 0
algo: EVFPV