instance: r_30_0.3_131.txt
obj: 208.0
bound: 205.0
gap: 0.014423076923076924
time: 7199.060507059097
preprocess_time: 0.940661
sepa_time: 0.0
node: 1121133
formulation: LEFP