instance: r_30_0.2_75.txt
obj: 126.0
bound: 123.0
gap: 0.023809523809523808
time: 3599.954257965088
preprocess_time: 0.046821
sepa_time: 0.0
node: 935308
formulation: LEFP