instance: r_30_0.3_131.txt
obj: 145.0
bound: 143.0
gap: 0.013793103448275862
time: 3599.9310801029205
preprocess_time: 0.071293
sepa_time: 1.5e-323
node: 387016
formulation: LEVFP