instance: r_30_0.3_131.txt
obj: 3.0
bound: 3.0
gap: 0.0
time: 313.9837510585785
preprocess_time: 1.285085
sepa_time: 0.0
node: 4088
formulation: LEFPAD