instance: r_30_0.4_188.txt
obj: 23.0
bound: 3.835767527738767
gap: 0.833227498790344
time: 3627.46333694458
preprocess_time: 0.074916
node: 14296
formulation: EFP