instance: r_30_0.1_54.txt
obj: 16.0
bound: 15.0
gap: 0.06249999999960938
time: 138.38258004188538
preprocess_time: 0.058154
node: 32907
formulation: LEFPD