instance: r_30_0.3_131.txt
obj: 20.0
bound: 7.630886080185479
gap: 0.6184556959876338
time: 1800.8808829784393
preprocess_time: 0.053754
node: 11026
algo: ERF