instance: r_30_0.3_131.txt
obj: 3.0
bound: 2.0000000000000004
gap: 0.3333333333333332
time: 816.8321840763092
preprocess_time: 0.037301
sepa_time: 6.9022400190701e-310
node: 7786
formulation: LEVFP