instance: r_30_0.1_54.txt
obj: 17.0
bound: 13.17617331359092
gap: 0.22493098155215216
time: 1801.6655871868134
preprocess_time: 0.060816
node: 87212
algo: EDF