instance: r_30_0.1_54.txt
obj: 5.0
bound: 4.000000000000001
gap: 0.19999999999999982
time: 593.1995689868927
preprocess_time: 0.026261
node: 358
formulation: EF