instance: r_30_0.3_131.txt
obj: 20.0
bound: 11.329205630046648
gap: 0.43353971849549994
time: 1800.8508110046387
preprocess_time: 0.064842
node: 5089
algo: EFPD