instance: r_30_0.1_54.txt
obj: 97.0
bound: 97.0
gap: 0.0
time: 157.6594500541687
preprocess_time: 1.031535
sepa_time: 0.0
node: 199614
formulation: LEFPA