instance: r_30_0.3_131.txt
obj: 20.999999744394046
bound: 7.737080692456439
gap: 0.6315675815860422
time: 1800.5728459358215
preprocess_time: 0.053285
node: 4349
algo: ERF