instance: r_30_0.1_54.txt
obj: 16.0
bound: 15.000000000000002
gap: 0.06249999999999989
time: 869.004065990448
preprocess_time: 0.058059
node: 90334
formulation: LEVFP