instance: r_30_0.3_131.txt
org_node: 30
org_edge: 131
org_min_len: 0.25167359103214426
org_avg_len: 0.6043883218165743
org_max_len: 0.996803218117645
dtf_node: 92
dtf_edge: 193
dtf_min_len: 0.020449399169337412
dtf_avg_len: 0.41023248786513605
dtf_max_len: 0.6043877174282525
sdb_node: 92
sdb_edge: 193
sdb_min_len: 0.020449399169337412
sdb_avg_len: 0.41023248786513605
sdb_max_len: 0.6043877174282525
dlt: 0.6043883218165743
algo: None