instance: r_30_0.4_188.txt
org_node: 30
org_edge: 188
org_min_len: 0.252660413271443
org_avg_len: 0.6065756063872673
org_max_len: 0.9917999550727499
dtf_node: 117
dtf_edge: 275
dtf_min_len: 0.004112388953799284
dtf_avg_len: 0.4146771418211133
dtf_max_len: 0.6065749998116609
sdb_node: 117
sdb_edge: 275
sdb_min_len: 0.004112388953799284
sdb_avg_len: 0.4146771418211133
sdb_max_len: 0.6065749998116609
dlt: 0.6065756063872673
algo: None