instance: r_30_0.2_75.txt
obj: 17.0
bound: 12.62906659142117
gap: 0.2571137299148894
time: 3604.686187028885
preprocess_time: 0.060583
node: 152110
formulation: EFP