instance: r_30_0.2_75.txt
obj: 18.0
bound: 11.883051149636028
gap: 0.3398304916849994
time: 1800.8812758922577
preprocess_time: 0.06504
node: 19223
algo: EDF