instance: r_30_0.2_75.txt
obj: 0.0
bound: 0.0
gap: 0.0
time: 0.8709030151367188
preprocess_time: 0.034109
node: 0
algo: EVFPV