instance: r_30_0.2_75.txt
obj: 126.0
bound: 125.0000000000002
gap: 0.007936507936506357
time: 7199.055557012558
preprocess_time: 0.945206
sepa_time: 5.9983319703235234e13
node: 2147356
formulation: LEFPAV