instance: r_30_0.2_75.txt
obj: 5.0
bound: 2.0377358490566055
gap: 0.5924528301768298
time: 1858.937028169632
preprocess_time: 3.115315
node: 1370
algo: EFPV