instance: r_30_0.2_75.txt
obj: 4.0
bound: 4.0
gap: 0.0
time: 53.264806032180786
preprocess_time: 1.005241
sepa_time: 0.0
node: 2120
formulation: LEFPA