instance: r_30_0.3_131.txt
obj: 16.0
bound: 12.0
gap: 0.25
time: 3599.9345140457153
preprocess_time: 0.067353
node: 13579
formulation: LEVFP