instance: r_30_0.4_188.txt
obj: 23.0
bound: 6.341912680701118
gap: 0.7242646660533242
time: 1800.6660468578339
preprocess_time: 0.104915
node: 1774
algo: EFP