instance: r_30_0.1_54.txt
obj: 97.0
bound: 97.0
gap: 0.0
time: 145.56811594963074
preprocess_time: 0.041248
sepa_time: 6.9435527154426e-310
node: 122662
formulation: LEVFP