instance: r_30_0.3_131.txt
obj: 3.0
bound: 1.0241757223281436
gap: 0.6586080925353319
time: 1800.5304591655731
preprocess_time: 0.041935
node: 533
algo: EFPD