instance: r_30_0.4_188.txt
obj: 23.999999988734462
bound: 6.44269295487768
gap: 0.7315544600843742
time: 1801.723639011383
preprocess_time: 0.091089
node: 1506
algo: SF