instance: r_30_0.4_188.txt
obj: 298.0
bound: 295.0
gap: 0.010067114093959731
time: 7199.962131023407
preprocess_time: 0.040176
sepa_time: 0.0
node: 563138
formulation: LEVFP