instance: r_30_0.2_75.txt
obj: 126.0
bound: 125.00000248878152
gap: 0.00793648818427366
time: 1375.868273973465
preprocess_time: 0.961699
sepa_time: 0.0
node: 401486
formulation: LEFPI