instance: r_30_0.1_54.txt
obj: 18.0
bound: 11.999999999999984
gap: 0.3333333333314824
time: 3604.1715569496155
preprocess_time: 0.048319
node: 23178
formulation: EF