instance: r_30_0.1_54.txt
obj: 16.0
bound: 14.138853397337787
gap: 0.11632166266566132
time: 1802.6084899902344
preprocess_time: 0.56268
node: 186700
algo: EFPV