instance: r_30_0.3_131.txt
obj: 3.0
bound: 2.0000000000000004
gap: 0.3333333333333332
time: 321.9485938549042
preprocess_time: 0.03556
sepa_time: 6.57e-322
node: 3237
formulation: EVFP