instance: r_30_0.2_75.txt
obj: 4.0
bound: 2.999999999999968
gap: 0.249999999993758
time: 435.6537461280823
preprocess_time: 0.039781
node: 11784
algo: F