instance: r_30_0.1_54.txt
obj: 97.0
bound: 97.0
gap: 0.0
time: 541.2651817798615
preprocess_time: 0.942722
sepa_time: 0.0
node: 291801
formulation: LEFPAD