instance: r_30_0.3_131.txt
obj: 20.0
bound: 7.88566605717596
gap: 0.6057166971381734
time: 1800.6843359470367
preprocess_time: 0.053835
node: 5132
algo: ESF