instance: r_30_0.2_75.txt
obj: 18.0
bound: 12.092105263157894
gap: 0.32821637426718253
time: 1753.537190914154
preprocess_time: 49.727387
node: 109086
algo: EFPV2