instance: r_30_0.1_54.txt
obj: 5.0
bound: 4.000000000000001
gap: 0.19999999999999982
time: 26.15360188484192
preprocess_time: 0.040118
node: 3129
formulation: LEFP