instance: r_30_0.3_131.txt
obj: 145.0
bound: 140.0
gap: 0.034482758620689655
time: 3599.9328360557556
preprocess_time: 0.074638
sepa_time: 0.0
node: 35216
formulation: EVFP