instance: r_30_0.3_131.txt
obj: 20.0
bound: 11.408189269882946
gap: 0.42959053650370477
time: 1800.761999130249
preprocess_time: 0.040525
node: 6347
formulation: EFPD