instance: r_30_0.1_54.txt
obj: 16.0
bound: 14.999999999999938
gap: 0.06249999999961327
time: 24.5066659450531
preprocess_time: 0.058349
node: 10325
formulation: LEFPDB