instance: r_30_0.3_131.txt
obj: 3.0
bound: 2.0000000000000004
gap: 0.3333333333333332
time: 953.5179750919342
preprocess_time: 0.043312
node: 9614
formulation: LEFP