instance: r_30_0.2_75.txt
obj: 4.0
bound: 4.0
gap: 0.0
time: 55.548064947128296
preprocess_time: 1.29439
sepa_time: 1.387206687793991e13
node: 1750
formulation: LEFPV