instance: r_30_0.3_131.txt
obj: 208.0
bound: 205.0
gap: 0.014423076923076924
time: 7198.984108924866
preprocess_time: 1.016835
sepa_time: 0.0
node: 1519085
formulation: LEFPV