instance: r_30_0.3_131.txt
obj: 3.0
bound: 2.0000000000000004
gap: 0.3333333333333332
time: 155.79223895072937
preprocess_time: 0.041143
sepa_time: 0.0
node: 2418
formulation: LEFPV2