instance: r_30_0.2_75.txt
obj: 4.0
bound: 4.0
gap: 0.0
time: 59.62657308578491
preprocess_time: 1.414277
sepa_time: 0.0
node: 1882
formulation: LEFP