instance: r_30_0.3_131.txt
obj: 3.0
bound: 3.0
gap: 0.0
time: 3456.257175207138
preprocess_time: 1.305107
sepa_time: 0.0
node: 21595
formulation: LEFPA