instance: r_30_0.4_188.txt
obj: 24.0
bound: 6.381138435569185
gap: 0.7341192318482253
time: 1801.0660209655762
preprocess_time: 0.085068
node: 1176
algo: EVFP0