instance: r_30_0.2_75.txt
obj: 18.0
bound: 12.168731798412958
gap: 0.3239593445308137
time: 1801.342712879181
preprocess_time: 0.04786
node: 45405
algo: ESF