instance: r_30_0.4_188.txt
obj: 23.0
bound: 6.540531943558398
gap: 0.7156290459291321
time: 1800.690463066101
preprocess_time: 0.139265
node: 2680
algo: RF