instance: r_30_0.1_54.txt
obj: 70.0
bound: 69.00000000000003
gap: 0.01428571428571388
time: 70.0613739490509
preprocess_time: 0.06076
sepa_time: 0.0
node: 42706
formulation: LEFPV2