instance: r_30_0.1_54.txt
obj: 97.0
bound: 93.00000000000004
gap: 0.04123711340206142
time: 3599.949875831604
preprocess_time: 0.052822
sepa_time: 0.0
node: 253489
formulation: EVFP