instance: r_30_0.4_188.txt
obj: 298.0
bound: 295.0
gap: 0.010067114093959731
time: 3599.9547579288483
preprocess_time: 0.048485
sepa_time: 0.0
node: 345179
formulation: LEFP