instance: r_30_0.3_131.txt
obj: 23.0
bound: 6.729639548361384
gap: 0.707406976155125
time: 1800.4496319293976
preprocess_time: 0.04849
node: 4158
algo: SF