instance: r_30_0.4_188.txt
obj: 2.0
bound: 0.9999999999999993
gap: 0.49999999997500033
time: 225.25991106033325
preprocess_time: 0.043006
node: 1214
algo: F