instance: r_30_0.2_75.txt
obj: 0.0
bound: 0.0
gap: 0.0
time: 0.13797783851623535
preprocess_time: 0.022186
node: 0
algo: EVFP0