instance: r_30_0.3_131.txt
obj: 3.0
bound: 1.999999999999905
gap: 0.3333333333222539
time: 1279.0103418827057
preprocess_time: 0.037077
node: 5231
algo: ERF