instance: r_30_0.1_54.txt
obj: 50.0
bound: 50.0
gap: 0.0
time: 0.0020990371704101562
preprocess_time: 1.802818
sepa_time: 0.0
node: 0
formulation: LEFPA