instance: r_30_0.1_54.txt
obj: 5.0
bound: 3.9999999999999365
gap: 0.1999999999960127
time: 156.96292400360107
preprocess_time: 0.02401
node: 7074
algo: EVFPV