instance: r_30_0.1_54.txt
obj: 19.0
bound: 19.0
gap: 0.0
time: 0.020628929138183594
preprocess_time: 0.078459
node: 0
algo: SFD