instance: r_30_0.1_54.txt
obj: 97.0
bound: 97.0
gap: 0.0
time: 136.6346309185028
preprocess_time: 0.03494
sepa_time: 0.0
node: 122662
formulation: LEVFP