instance: r_30_0.1_54.txt
obj: 98.0
bound: 98.0
gap: 0.0
time: 66.42602205276489
preprocess_time: 0.04898
sepa_time: 0.0
node: 23985
formulation: LEFPD