instance: r_30_0.2_75.txt
obj: 17.0
bound: 12.289872948494937
gap: 0.2770662971457269
time: 1802.3135941028595
preprocess_time: 0.048125
node: 115020
algo: ERF