instance: r_30_0.4_188.txt
obj: 298.0
bound: 295.0
gap: 0.010067114093959731
time: 3599.9541091918945
preprocess_time: 0.048122
sepa_time: -1.0
node: 299322
formulation: LEVFP