instance: r_30_0.2_75.txt
obj: 4.0
bound: 4.0
gap: 0.0
time: 6148.198820114136
preprocess_time: 0.012974
sepa_time: 1.0e-323
node: 1478
formulation: EF