instance: r_30_0.1_54.txt
org_node: 30
org_edge: 54
org_min_len: 0.25095496836133324
org_avg_len: 0.5994215791611949
org_max_len: 0.9919704436735612
dtf_node: 30
dtf_edge: 54
dtf_min_len: 0.25095496836133324
dtf_avg_len: 0.5994215791611949
dtf_max_len: 0.9919704436735612
sdb_node: 30
sdb_edge: 54
sdb_min_len: 0.25095496836133324
sdb_avg_len: 0.5994215791611949
sdb_max_len: 0.9919704436735612
dlt: 1.1988431583223897
formulation: None