instance: r_30_0.4_188.txt
obj: 210.0
bound: 194.00000000000003
gap: 0.07619047619047606
time: 3599.65779876709
preprocess_time: 0.354268
sepa_time: 0.0
node: 323000
formulation: EFP