instance: r_30_0.3_131.txt
obj: 20.0
bound: 7.3931009766117075
gap: 0.630344951166263
time: 3604.166321992874
preprocess_time: 0.066995
node: 87001
formulation: EFP