instance: r_30_0.1_54.txt
obj: 97.0
bound: 97.0
gap: 0.0
time: 176.7659788131714
preprocess_time: 0.93749
sepa_time: 0.0
node: 199222
formulation: LEFPA