instance: r_30_0.1_54.txt
obj: 16.0
bound: 13.999999999999995
gap: 0.1249999999992191
time: 1803.743726015091
preprocess_time: 0.359847
node: 179566
formulation: EFPV