instance: r_30_0.3_131.txt
obj: 16.0
bound: 12.0
gap: 0.25
time: 3599.950276851654
preprocess_time: 0.054009
sepa_time: 0.0
node: 57440
formulation: LEFPV2