instance: r_30_0.1_54.txt
obj: 5.0
bound: 3.9999999999999862
gap: 0.19999999999600276
time: 89.40179204940796
preprocess_time: 0.039764
node: 4755
algo: RF