instance: r_30_0.4_188.txt
obj: 299.0
bound: 292.0
gap: 0.023411371237458192
time: 3599.007912158966
preprocess_time: 0.993361
sepa_time: 0.0
node: 2245396
formulation: LEFP