instance: r_30_0.2_75.txt
obj: 17.0
bound: 15.0
gap: 0.11764705882352941
time: 3599.9548301696777
preprocess_time: 0.046898
node: 428188
formulation: EFP