instance: r_30_0.1_54.txt
obj: 16.0
bound: 14.101530504094114
gap: 0.11865434349337628
time: 1803.4761350154877
preprocess_time: 0.056232
node: 233948
formulation: EFP