instance: r_30_0.2_75.txt
obj: 18.0
bound: 12.171052631578949
gap: 0.3238304093549261
time: 1728.9117739200592
preprocess_time: 74.127982
node: 80806
algo: EFPV2