instance: r_30_0.1_54.txt
obj: 97.0
bound: 93.00000000000004
gap: 0.04123711340206142
time: 3599.9415588378906
preprocess_time: 0.062254
sepa_time: 0.0
node: 252484
formulation: EVFP