instance: r_30_0.3_131.txt
obj: 16.0
bound: 13.0
gap: 0.1875
time: 3599.9402849674225
preprocess_time: 0.066874
node: 13772
formulation: LEFPD