instance: r_30_0.1_54.txt
obj: 5.0
bound: 5.0
gap: 0.0
time: 12.693312168121338
preprocess_time: 0.939879
sepa_time: 1.384894237458558e13
node: 2412
formulation: LEFPAV