instance: r_30_0.2_75.txt
obj: 27.0
bound: 12.0
gap: 0.555555555553498
time: 3602.8490579128265
preprocess_time: 0.050019
node: 90
formulation: EF