instance: r_30_0.2_75.txt
obj: 129.0
bound: 110.0
gap: 0.14728682170542637
time: 3599.931699991226
preprocess_time: 0.072808
sepa_time: 0.0
node: 989850
formulation: EFP