instance: r_30_0.3_131.txt
obj: 18.0
bound: 12.0
gap: 0.3333333333333333
time: 3599.934695959091
preprocess_time: 0.068104
node: 46540
formulation: LEFPI