instance: r_30_0.2_75.txt
obj: 4.0
bound: 4.0
gap: 0.0
time: 80.40692687034607
preprocess_time: 1.367077
sepa_time: 0.0
node: 2288
formulation: LEFPD