instance: r_30_0.2_75.txt
obj: 4.0
bound: 2.9999999999999885
gap: 0.24999999999375289
time: 747.9285519123077
preprocess_time: 0.032776
node: 9348
algo: RF