instance: r_30_0.2_75.txt
obj: 127.0
bound: 112.0
gap: 0.11811023622047244
time: 7199.943089962006
preprocess_time: 0.060949
sepa_time: 0.0
node: 2607596
formulation: EFP