instance: r_30_0.2_75.txt
obj: 16.999999999999922
bound: 12.26973523704626
gap: 0.27825086840740343
time: 1800.9764728546143
preprocess_time: 0.080602
node: 37445
algo: EFP