instance: r_30_0.3_131.txt
obj: 3.0
bound: 3.0
gap: 0.0
time: 345.71326303482056
preprocess_time: 1.335498
sepa_time: 0.0
node: 4399
formulation: LEFPA