instance: r_30_0.1_54.txt
obj: 16.0
bound: 14.33661701094665
gap: 0.10396143681518462
time: 1801.5407660007477
preprocess_time: 0.059582
node: 83271
algo: EVFPV