instance: r_30_0.1_54.txt
obj: 72.0
bound: 63.0000000003749
gap: 0.12499999999479311
time: 3604.047991991043
preprocess_time: 0.080778
sepa_time: 0.0
node: 13821
formulation: EF