instance: r_30_0.4_188.txt
obj: 21.0
bound: 12.000000000000123
gap: 0.42857142856938196
time: 1800.7448060512543
preprocess_time: 0.087286
node: 2208
algo: ESFV