instance: r_30_0.1_54.txt
org_node: 30
org_edge: 54
org_min_len: 0.25095496836133324
org_avg_len: 0.5994215791611949
org_max_len: 0.9919704436735612
dtf_node: 27
dtf_edge: 51
dtf_min_len: 0.10109972342642931
dtf_avg_len: 0.6346816720530298
dtf_max_len: 1.5720943579988345
sdb_node: 217
sdb_edge: 241
sdb_min_len: 0.10370127594851665
sdb_avg_len: 0.13431022935562031
sdb_max_len: 0.14768457105404637
dlt: 0.14985539479029872
formulation: None