instance: r_30_0.3_131.txt
obj: 3.0
bound: 1.9999999999999931
gap: 0.33333333332222453
time: 1124.0977671146393
preprocess_time: 0.023009
node: 3482
algo: ESF