instance: r_30_0.3_131.txt
obj: 208.0
bound: 205.0
gap: 0.014423076923076924
time: 7198.2208931446075
preprocess_time: 1.780533
sepa_time: 2.398043525404832e14
node: 1430394
formulation: LEFPAV