instance: r_30_0.1_54.txt
obj: 16.0
bound: 15.000000000000002
gap: 0.06249999999999989
time: 504.73098707199097
preprocess_time: 0.066181
node: 116773
formulation: LEFPI