instance: r_30_0.4_188.txt
obj: 5.0
bound: 1.0
gap: 0.799999999984
time: 1763.6076231002808
preprocess_time: 171.574512
node: 64
algo: EFPV