instance: r_30_0.4_188.txt
obj: 174.0
bound: 174.0
gap: 0.0
time: 0.009598970413208008
preprocess_time: 1.002032
sepa_time: 0.0
node: 0
formulation: LEFPAI