instance: r_30_0.3_131.txt
obj: 21.999999335300103
bound: 7.180024816605101
gap: 0.673635225745132
time: 1800.8061051368713
preprocess_time: 0.081318
node: 2732
algo: EVFP