instance: r_30_0.3_131.txt
obj: 3.0
bound: 1.9999999999999971
gap: 0.3333333333222232
time: 3.1506619453430176
preprocess_time: 0.04278
node: 272
algo: SFD