instance: r_30_0.4_188.txt
obj: 21.999999991407854
bound: 6.568311349237523
gap: 0.7014403930966849
time: 1800.416652917862
preprocess_time: 0.10247
node: 1305
algo: F0