instance: r_30_0.4_188.txt
obj: 2.0
bound: 1.0
gap: 0.499999999975
time: 118.19959282875061
preprocess_time: 0.08206
node: 560
formulation: EFPI