instance: r_30_0.4_188.txt
obj: 299.0
bound: 287.0
gap: 0.04013377926421405
time: 3599.6630730628967
preprocess_time: 0.345688
sepa_time: 1.5e-323
node: 54062
formulation: EVFP