instance: r_30_0.2_75.txt
obj: 4.0
bound: 4.0
gap: 0.0
time: 6257.117028951645
preprocess_time: 0.015969
sepa_time: 0.0
node: 1478
formulation: EF