instance: r_30_0.1_54.txt
obj: 16.0
bound: 13.678044763332224
gap: 0.145122202290829
time: 1803.692796945572
preprocess_time: 0.054187
node: 148332
algo: EVFPL