instance: r_30_0.4_188.txt
obj: 298.0
bound: 295.0
gap: 0.010067114093959731
time: 3599.9539561271667
preprocess_time: 0.04853
sepa_time: 6.949125740068e-310
node: 309874
formulation: LEVFP