instance: r_30_0.1_54.txt
obj: 16.0
bound: 14.047074179255421
gap: 0.12205786379577331
time: 1803.2108790874481
preprocess_time: 0.062159
node: 229516
algo: EFPLg