instance: r_30_0.4_188.txt
obj: 2.0
bound: 2.0
gap: 0.0
time: 43.20335507392883
preprocess_time: 1.356341
sepa_time: 0.0
node: 327
formulation: LEFPAI