instance: r_30_0.2_75.txt
obj: 4.0
bound: 4.0
gap: 0.0
time: 5752.472902774811
preprocess_time: 0.011707
sepa_time: 0.0
node: 1478
formulation: EF