instance: r_30_0.4_188.txt
obj: 298.0
bound: 294.0
gap: 0.013422818791946308
time: 7199.043789148331
preprocess_time: 0.958131
sepa_time: 0.0
node: 276213
formulation: LEFPAD