instance: r_30_0.1_54.txt
obj: 5.0
bound: 3.9999999999999862
gap: 0.19999999999600276
time: 81.64136910438538
preprocess_time: 0.028608
node: 4755
algo: RF