instance: r_30_0.1_54.txt
obj: 5.0
bound: 3.999999999999997
gap: 0.19999999999600063
time: 34.9992790222168
preprocess_time: 0.746623
node: 1853
formulation: EFPV