instance: r_30_0.1_54.txt
obj: 15.999999009953722
bound: 15.0
gap: 0.06249994198947232
time: 125.10332679748535
preprocess_time: 0.058755
node: 10512
formulation: LEFPD