instance: r_30_0.4_188.txt
obj: 2.0
bound: 1.0000000000000002
gap: 0.4999999999749999
time: 251.84623885154724
preprocess_time: 0.093219
node: 439
formulation: EVFP