instance: r_30_0.1_54.txt
obj: 50.0
bound: 50.0
gap: 0.0
time: 0.0021359920501708984
preprocess_time: 1.297526
sepa_time: 0.0
node: 0
formulation: LEFPAV