instance: r_30_0.3_131.txt
obj: 208.0
bound: 205.0
gap: 0.014423076923076924
time: 3599.9641740322113
preprocess_time: 0.037851
sepa_time: 0.0
node: 537564
formulation: LEVFP