instance: r_30_0.3_131.txt
obj: 208.0
bound: 205.0
gap: 0.014423076923076924
time: 7199.9650909900665
preprocess_time: 0.036841
sepa_time: 6.91261478549174e-310
node: 1109180
formulation: LEVFP