instance: r_30_0.1_54.txt
obj: 0.0
bound: 0.0
gap: 0.0
time: 0.37471890449523926
preprocess_time: 0.019726
node: 10
algo: EVFPV