instance: r_30_0.2_75.txt
obj: 18.0
bound: 12.074280466808375
gap: 0.32920664073103917
time: 1727.2244579792023
preprocess_time: 75.132092
node: 101506
algo: EFPV2