instance: r_30_0.2_75.txt
obj: 17.0
bound: 12.30378392525079
gap: 0.2762480043953873
time: 1802.3627910614014
preprocess_time: 0.454463
node: 70617
formulation: EFPV