instance: r_30_0.2_75.txt
obj: 127.0
bound: 116.0
gap: 0.08661417322834646
time: 7199.958770990372
preprocess_time: 0.044002
sepa_time: 0.0
node: 1415599
formulation: EFP