instance: r_30_0.4_188.txt
obj: 2.0
bound: 2.0
gap: 0.0
time: 116.40396404266357
preprocess_time: 1.242935
sepa_time: 1.3840474872334162e13
node: 14
formulation: LEFPV