instance: r_30_0.4_188.txt
obj: 298.0
bound: 295.0
gap: 0.010067114093959731
time: 3599.9727489948273
preprocess_time: 0.029216
sepa_time: 0.0
node: 321096
formulation: LEVFP