instance: r_30_0.2_75.txt
obj: 18.0
bound: 11.845207675422843
gap: 0.34193290691905354
time: 1801.488018989563
preprocess_time: 0.085096
node: 34437
algo: RF