instance: r_30_0.4_188.txt
obj: 299.0
bound: 290.0
gap: 0.030100334448160536
time: 3599.953512907028
preprocess_time: 0.048648
sepa_time: 0.0
node: 1835585
formulation: LEFP