instance: r_30_0.3_131.txt
org_node: 30
org_edge: 131
org_min_len: 0.25167359103214426
org_avg_len: 0.6043883218165743
org_max_len: 0.996803218117645
dtf_node: 57
dtf_edge: 158
dtf_min_len: 0.05222564428082091
dtf_avg_len: 0.5011067731517165
dtf_max_len: 0.996803218117645
sdb_node: 356
sdb_edge: 457
sdb_min_len: 0.12583679551607213
sdb_avg_len: 0.1732491688358235
sdb_max_len: 0.199360643623529
dlt: 0.19944814619946954
formulation: None