instance: r_30_0.1_54.txt
obj: 5.0
bound: 5.0
gap: 0.0
time: 8.208104133605957
preprocess_time: 1.026655
sepa_time: 0.0
node: 2577
formulation: LEFPV2