instance: r_30_0.2_75.txt
obj: 18.0
bound: 11.861373434241132
gap: 0.34103480920693136
time: 1801.0096290111542
preprocess_time: 0.079932
node: 53065
algo: F