instance: r_30_0.3_131.txt
obj: 3.0
bound: 2.0000000000000004
gap: 0.3333333333333332
time: 396.0162329673767
preprocess_time: 0.034814
sepa_time: 0.0
node: 2570
formulation: EFP