instance: r_30_0.1_54.txt
obj: 16.0
bound: 13.80453866272938
gap: 0.13721633357855617
time: 1802.8322410583496
preprocess_time: 0.054116
node: 107473
formulation: EFPD