instance: r_30_0.3_131.txt
obj: 3.0
bound: 1.9999999999999414
gap: 0.33333333332224174
time: 1665.5857021808624
preprocess_time: 0.089405
node: 3308
formulation: EFPI