instance: r_30_0.2_75.txt
obj: 4.0
bound: 4.0
gap: 0.0
time: 77.98417711257935
preprocess_time: 0.944804
sepa_time: 1.3861245656297537e13
node: 2173
formulation: LEFPAV