instance: r_30_0.2_75.txt
obj: 126.0
bound: 125.00000000000014
gap: 0.007936507936506808
time: 7198.801771879196
preprocess_time: 1.198662
sepa_time: 0.0
node: 2060802
formulation: LEFPAI