instance: r_30_0.2_75.txt
obj: 4.0
bound: 2.9999999999999187
gap: 0.24999999999377032
time: 815.2975649833679
preprocess_time: 0.038469
node: 11078
formulation: LEVFP