instance: r_30_0.3_131.txt
obj: 26.0
bound: 9.76586680384185
gap: 0.6243897383113735
time: 1800.195212841034
preprocess_time: 0.047919
node: 570
algo: EDF