instance: r_30_0.1_54.txt
obj: 17.0
bound: 11.999999999999998
gap: 0.29411764705709353
time: 1801.1530449390411
preprocess_time: 0.040115
node: 3832
formulation: EF