instance: r_30_0.2_75.txt
obj: 4.0
bound: 2.999999999999999
gap: 0.24999999999375022
time: 1639.8242180347443
preprocess_time: 0.041448
node: 7437
formulation: EFPD