instance: r_30_0.4_188.txt
obj: 2.0
bound: 1.0
gap: 0.499999999975
time: 443.2030460834503
preprocess_time: 0.04269
node: 607
algo: EVFPV