instance: r_30_0.2_75.txt
obj: 4.0
bound: 2.999999999999997
gap: 0.24999999999375078
time: 213.64974284172058
preprocess_time: 0.039486
node: 4118
formulation: LEFPD