instance: r_30_0.2_75.txt
obj: 17.0
bound: 14.0
gap: 0.17647058823529413
time: 3599.94167304039
preprocess_time: 0.060888
node: 294079
formulation: LEFP