instance: r_30_0.3_131.txt
obj: 3.0
bound: 1.0241757223281438
gap: 0.6586080925353318
time: 1801.2984409332275
preprocess_time: 0.023752
node: 559
algo: EDF