instance: r_30_0.4_188.txt
obj: 299.0
bound: 290.0
gap: 0.030100334448160536
time: 3599.9543130397797
preprocess_time: 0.048121
sepa_time: 0.0
node: 1960863
formulation: LEFPV2