instance: r_30_0.3_131.txt
obj: 3.0
bound: 1.1573531544824205
gap: 0.6142156151520527
time: 1753.4788389205933
preprocess_time: 50.354008
node: 0
algo: EFPV