instance: r_30_0.3_131.txt
obj: 20.0
bound: 11.04702019810901
gap: 0.4476489900923113
time: 1794.0912749767303
preprocess_time: 7.380017
node: 10990
formulation: EFPV