instance: r_30_0.3_131.txt
obj: 208.0
bound: 203.0
gap: 0.02403846153846154
time: 3599.955218076706
preprocess_time: 0.046637
sepa_time: 0.0
node: 621340
formulation: LEFPV2