instance: r_30_0.4_188.txt
obj: 1.0
bound: 0.0
gap: 0.9999999999
time: 11.452316045761108
preprocess_time: 0.09148
node: 0
algo: EVFPV