instance: r_30_0.2_75.txt
obj: 17.0
bound: 12.810671084234531
gap: 0.2464311126906368
time: 3605.4123220443726
preprocess_time: 0.063158
node: 175598
formulation: LEFPI