instance: r_30_0.4_188.txt
obj: 24.0
bound: 9.866225400005598
gap: 0.588907274997313
time: 1800.451191186905
preprocess_time: 0.059956
node: 178
algo: EDF