instance: r_30_0.1_54.txt
obj: 5.0
bound: 3.9999999999999294
gap: 0.19999999999601412
time: 25.001041889190674
preprocess_time: 0.017842
node: 3396
algo: ERF