instance: r_30_0.2_75.txt
obj: 127.0
bound: 120.0
gap: 0.05511811023622047
time: 7199.93702507019
preprocess_time: 0.06804
sepa_time: 6.9252850707338e-310
node: 92660
formulation: EVFP