instance: r_30_0.3_131.txt
obj: 16.0
bound: 12.0
gap: 0.25
time: 3599.9402809143066
preprocess_time: 0.067117
node: 55663
formulation: LEFPV