instance: r_30_0.3_131.txt
obj: 3.0
bound: 3.0
gap: 0.0
time: 3780.4962270259857
preprocess_time: 1.37036
sepa_time: 0.0
node: 21595
formulation: LEFPA