instance: r_30_0.3_131.txt
obj: 20.0
bound: 11.566701680672269
gap: 0.42166491596427824
time: 3603.1827120780945
preprocess_time: 0.068232
node: 75447
formulation: LEFPDB