instance: r_30_0.4_188.txt
obj: 2.0
bound: 1.0
gap: 0.499999999975
time: 382.3255820274353
preprocess_time: 0.055395
node: 575
formulation: LEVFP