instance: r_30_0.2_75.txt
obj: 126.0
bound: 126.0
gap: 0.0
time: 4393.02407002449
preprocess_time: 0.027517
sepa_time: 0.0
node: 937234
formulation: LEVFP