instance: r_30_0.2_75.txt
obj: 69.0
bound: 69.0
gap: 0.0
time: 0.009437084197998047
preprocess_time: 1.805398
sepa_time: 0.0
node: 1
formulation: LEFPA