instance: r_30_0.1_54.txt
obj: 16.0
bound: 13.599999759999617
gap: 0.15000001499908644
time: 1796.3277518749237
preprocess_time: 5.523828
node: 141040
algo: EFPV2