instance: r_30_0.1_54.txt
obj: 16.0
bound: 14.333333286482993
gap: 0.10416666959416188
time: 1803.1447169780731
preprocess_time: 0.045921
node: 155722
algo: EFP0