instance: r_30_0.2_75.txt
obj: 4.0
bound: 2.9999999999999933
gap: 0.24999999999375166
time: 432.52858304977417
preprocess_time: 1.833124
node: 2107
algo: EFPV