instance: r_30_0.4_188.txt
obj: 24.0
bound: 6.099999999999997
gap: 0.7458333333302258
time: 1800.7083139419556
preprocess_time: 0.087217
node: 1786
algo: ERF