instance: r_30_0.3_131.txt
obj: 3.0
bound: 1.9999999999999722
gap: 0.3333333333222315
time: 1722.9582970142365
preprocess_time: 0.02373
node: 7679
algo: EVFPL