instance: r_30_0.1_54.txt
obj: 16.0
bound: 14.499999999999998
gap: 0.09374999999941419
time: 3604.099344968796
preprocess_time: 0.058373
node: 699012
formulation: EFP