instance: r_30_0.1_54.txt
obj: 5.0
bound: 5.0
gap: 0.0
time: 17.3576021194458
preprocess_time: 1.006177
sepa_time: 9.210687417882287e12
node: 2796
formulation: LEFPAV