instance: r_30_0.4_188.txt
obj: 2.0
bound: 1.0000000000000007
gap: 0.49999999997499966
time: 277.78111004829407
preprocess_time: 0.048936
node: 495
formulation: LEVFP