instance: r_30_0.1_54.txt
obj: 16.0
bound: 14.12691270142102
gap: 0.1170679561604546
time: 1801.5638630390167
preprocess_time: 0.056041
node: 221625
algo: F0