instance: r_30_0.2_75.txt
obj: 69.0
bound: 69.0
gap: 0.0
time: 0.009187936782836914
preprocess_time: 1.739422
sepa_time: 0.0
node: 1
formulation: LEFPAV