instance: r_30_0.2_75.txt
obj: 126.0
bound: 125.00000000000011
gap: 0.007936507936507034
time: 7198.699960947037
preprocess_time: 1.300403
sepa_time: 0.0
node: 1814569
formulation: LEFPAI