instance: r_30_0.3_131.txt
obj: 0.0
bound: 0.0
gap: 0.0
time: 1.3131630420684814
preprocess_time: 0.024446
node: 0
algo: EVFP0