instance: r_30_0.1_54.txt
obj: 97.0
bound: 97.0
gap: 0.0
time: 134.92587900161743
preprocess_time: 1.620139
sepa_time: 0.0
node: 155703
formulation: LEFPAI