instance: r_30_0.4_188.txt
obj: 298.0
bound: 294.0
gap: 0.013422818791946308
time: 3599.953861951828
preprocess_time: 0.049021
sepa_time: 0.0
node: 373396
formulation: LEFPV