instance: r_30_0.4_188.txt
obj: 298.0
bound: 293.0
gap: 0.016778523489932886
time: 7199.0379519462585
preprocess_time: 0.964032
sepa_time: 0.0
node: 3002451
formulation: LEFP