instance: r_30_0.2_75.txt
obj: 4.0
bound: 2.999999999999904
gap: 0.24999999999377398
time: 679.6500689983368
preprocess_time: 0.030347
node: 15803
algo: EFP0