instance: r_30_0.1_54.txt
obj: 5.0
bound: 3.9999999999999036
gap: 0.19999999999601928
time: 93.78597497940063
preprocess_time: 0.083629
node: 7745
formulation: LEVFP