instance: r_30_0.1_54.txt
obj: 70.0
bound: 69.00000000000001
gap: 0.014285714285714082
time: 89.91773986816406
preprocess_time: 0.059709
sepa_time: 0.0
node: 51896
formulation: LEFP