instance: r_30_0.2_75.txt
obj: 18.0
bound: 11.51885661510495
gap: 0.360063521381058
time: 1801.7831020355225
preprocess_time: 0.057204
node: 42551
algo: EVFPL