instance: r_30_0.2_75.txt
obj: 18.0
bound: 12.070915877117429
gap: 0.32939356238053513
time: 1738.1746280193329
preprocess_time: 65.22883
node: 100109
formulation: EFPV2