instance: r_30_0.4_188.txt
obj: 2.0
bound: 1.0
gap: 0.499999999975
time: 329.109699010849
preprocess_time: 0.045242
node: 575
algo: EVFPL