instance: r_30_0.1_54.txt
obj: 97.0
bound: 97.0
gap: 0.0
time: 128.90904808044434
preprocess_time: 0.94063
sepa_time: 2.7712649828827023e13
node: 182198
formulation: LEFPAV