instance: r_30_0.2_75.txt
obj: 1.0
bound: 0.0
gap: 0.9999999999
time: 1.5531768798828125
preprocess_time: 0.081484
node: 190
algo: EVFPV