instance: r_30_0.2_75.txt
obj: 17.0
bound: 14.0
gap: 0.17647058823529413
time: 3599.9540541172028
preprocess_time: 0.047599
sepa_time: 0.0
node: 302897
formulation: LEFPV2