instance: r_30_0.2_75.txt
obj: 5.0
bound: 2.312011371712864
gap: 0.5375977256466752
time: 3603.5631761550903
preprocess_time: 0.025425
node: 136
formulation: EF