instance: r_30_0.3_131.txt
obj: 3.0
bound: 3.0
gap: 0.0
time: 305.0123360157013
preprocess_time: 1.316158
sepa_time: 0.0
node: 5295
formulation: LEFPV2