instance: r_30_0.4_188.txt
obj: 3.0
bound: 1.0
gap: 0.6666666666444444
time: 1800.5735409259796
preprocess_time: 0.027834
node: 606
algo: EFPD