instance: r_30_0.3_131.txt
obj: 208.0
bound: 205.0
gap: 0.014423076923076924
time: 3599.95539188385
preprocess_time: 0.047008
sepa_time: 0.0
node: 616829
formulation: LEFPV