instance: r_30_0.2_75.txt
obj: 126.0
bound: 125.00000224389359
gap: 0.00793649012782865
time: 3877.417165994644
preprocess_time: 0.979879
sepa_time: 0.0
node: 955639
formulation: LEFP