instance: r_30_0.3_131.txt
obj: 22.99999940890565
bound: 7.936466810273638
gap: 0.6549362167693746
time: 1801.0489721298218
preprocess_time: 0.067046
node: 2339
formulation: EFP