instance: r_30_0.3_131.txt
obj: 26.0
bound: 9.76775673399914
gap: 0.6243170486899396
time: 1800.33193898201
preprocess_time: 0.090473
node: 609
algo: EFPD