instance: r_30_0.3_131.txt
obj: 208.9999996613521
bound: 200.0
gap: 0.043062199406387634
time: 3599.886654138565
preprocess_time: 0.11661
sepa_time: 0.0
node: 30182
formulation: EVFP