instance: r_30_0.1_54.txt
obj: 5.0
bound: 4.000000000000001
gap: 0.19999999999999982
time: 27.069390058517456
preprocess_time: 0.038676
node: 3129
formulation: EFP