instance: r_30_0.3_131.txt
obj: 3.0
bound: 3.0
gap: 0.0
time: 397.1903500556946
preprocess_time: 1.285411
sepa_time: 0.0
node: 5211
formulation: LEFPD