instance: r_30_0.1_54.txt
obj: 16.0
bound: 14.999999999999979
gap: 0.062499999999610714
time: 15.632460117340088
preprocess_time: 0.058574
node: 4356
formulation: LEFPI