instance: r_30_0.4_188.txt
obj: 2.0
bound: 1.0000000000000007
gap: 0.49999999999999967
time: 36.561546087265015
preprocess_time: 0.044455
sepa_time: 1.0e-322
node: 1
formulation: EVFP