instance: r_30_0.2_75.txt
obj: 126.0
bound: 125.00000210698046
gap: 0.007936491214440792
time: 5865.185621023178
preprocess_time: 1.248358
sepa_time: 4.616792871981902e12
node: 1667592
formulation: LEFPV