instance: r_30_0.1_54.txt
obj: 16.0
bound: 13.57559529464142
gap: 0.1515252940839642
time: 1801.9151899814606
preprocess_time: 0.08355
node: 213726
algo: F