instance: r_30_0.2_75.txt
obj: 4.0
bound: 2.999999999999914
gap: 0.24999999999377154
time: 326.9688718318939
preprocess_time: 0.018955
node: 13448
algo: ESF