instance: r_30_0.4_188.txt
obj: 2.0
bound: 1.0
gap: 0.499999999975
time: 99.84261202812195
preprocess_time: 0.012683
node: 360
algo: F0