instance: r_30_0.1_54.txt
org_node: 30
org_edge: 54
org_min_len: 0.25095496836133324
org_avg_len: 0.5994215791611949
org_max_len: 0.9919704436735612
dtf_node: 35
dtf_edge: 59
dtf_min_len: 0.05314604504726006
dtf_avg_len: 0.5486231402492293
dtf_max_len: 1.5720943579988345
sdb_node: 163
sdb_edge: 187
sdb_min_len: 0.12547748418066662
sdb_avg_len: 0.17309500146900803
sdb_max_len: 0.1965117947498543
dlt: 0.19780912112319432
formulation: None