instance: r_30_0.2_75.txt
obj: 126.0
bound: 126.0
gap: 0.0
time: 4836.225682020187
preprocess_time: 1.29685
sepa_time: 0.0
node: 1125990
formulation: LEFPA