instance: r_30_0.3_131.txt
obj: 3.0
bound: 1.999999999999951
gap: 0.3333333333222386
time: 1099.6419248580933
preprocess_time: 0.039655
node: 8374
formulation: LEFP