instance: r_30_0.2_75.txt
obj: 17.0
bound: 11.85764937750752
gap: 0.30249121308601357
time: 1801.8551898002625
preprocess_time: 0.057732
node: 32499
formulation: EVFP