instance: r_30_0.3_131.txt
obj: 3.0
bound: 3.0
gap: 0.0
time: 965.8823440074921
preprocess_time: 1.33719
sepa_time: 0.0
node: 9708
formulation: LEFP