instance: r_30_0.4_188.txt
obj: 2.0
bound: 2.0
gap: 0.0
time: 29.153279066085815
preprocess_time: 1.667557
sepa_time: 0.0
node: 1
formulation: LEFPAI