instance: r_30_0.4_188.txt
obj: 301.0
bound: 281.0
gap: 0.0664451827242525
time: 7199.850960016251
preprocess_time: 0.157021
sepa_time: 0.0
node: 1000970
formulation: EFP