instance: r_30_0.1_54.txt
obj: 15.999999949059923
bound: 13.320595452484289
gap: 0.1674627815680909
time: 1802.9170608520508
preprocess_time: 0.049308
node: 104373
formulation: EVFP