instance: r_30_0.4_188.txt
obj: 18.0
bound: 12.0
gap: 0.3333333333333333
time: 3599.9411799907684
preprocess_time: 0.060956
sepa_time: 0.0
node: 28360
formulation: LEFPV2