instance: r_30_0.2_75.txt
obj: 128.0
bound: 113.0
gap: 0.1171875
time: 7199.941591024399
preprocess_time: 0.063123
sepa_time: 0.0
node: 1791507
formulation: EFP