instance: r_30_0.1_54.txt
obj: 5.0
bound: 4.000000000000001
gap: 0.19999999999999982
time: 10.643260955810547
preprocess_time: 0.030789
sepa_time: 0.0
node: 1513
formulation: EVFP