instance: r_30_0.1_54.txt
obj: 5.0
bound: 3.9999999999999876
gap: 0.1999999999960025
time: 31.073771953582764
preprocess_time: 0.884998
node: 1771
algo: EFPV