instance: r_30_0.2_75.txt
obj: 4.0
bound: 4.0
gap: 0.0
time: 82.79576277732849
preprocess_time: 1.35067
sepa_time: 0.0
node: 2325
formulation: LEFPAI