instance: r_30_0.1_54.txt
obj: 97.0
bound: 97.0
gap: 0.0
time: 159.47921109199524
preprocess_time: 1.231595
sepa_time: 0.0
node: 199164
formulation: LEFP