instance: r_30_0.1_54.txt
obj: 16.0
bound: 13.999999999999996
gap: 0.12499999999921899
time: 1802.8287110328674
preprocess_time: 0.198574
node: 181666
algo: EFPV