instance: r_30_0.4_188.txt
obj: 302.0
bound: 281.0
gap: 0.0695364238410596
time: 7199.744073867798
preprocess_time: 0.26965
sepa_time: 0.0
node: 887813
formulation: EFP