instance: r_30_0.3_131.txt
obj: 3.0
bound: 1.999999999999971
gap: 0.3333333333222319
time: 747.495059967041
preprocess_time: 0.043485
node: 8114
formulation: LEFPDB