instance: r_30_0.4_188.txt
obj: 22.0
bound: 6.417301184097643
gap: 0.7083044916287059
time: 1800.5814399719238
preprocess_time: 0.059838
node: 1189
algo: EFPLg