instance: r_30_0.2_75.txt
obj: 4.0
bound: 4.0
gap: 0.0
time: 53.27513408660889
preprocess_time: 1.695506
sepa_time: 0.0
node: 1994
formulation: LEFPAI