instance: r_30_0.4_188.txt
obj: 2.0
bound: 2.0
gap: 0.0
time: 7.773386001586914
preprocess_time: 0.986706
sepa_time: 0.0
node: 1
formulation: LEFPA