instance: r_30_0.2_75.txt
obj: 17.0
bound: 12.299526897701947
gap: 0.276498417780612
time: 1801.4965829849243
preprocess_time: 0.441885
node: 68617
algo: EFPV