instance: r_30_0.1_54.txt
obj: 16.0
bound: 13.833333333333332
gap: 0.1354166666658204
time: 1791.6573269367218
preprocess_time: 11.210005
node: 148168
algo: EFPV2