instance: r_30_0.3_131.txt
obj: 130.0
bound: 0.0
gap: 1.0
time: 7205.788512945175
preprocess_time: 0.016955
sepa_time: 0.0
node: 1
formulation: EF