instance: r_30_0.3_131.txt
obj: 121.0
bound: 121.0
gap: 0.0
time: 0.07481789588928223
preprocess_time: 1.721606
sepa_time: 0.0
node: 1
formulation: LEFPAD