instance: r_30_0.2_75.txt
org_node: 30
org_edge: 75
org_min_len: 0.2794302969810009
org_avg_len: 0.6691658563857255
org_max_len: 0.9947526277799718
dtf_node: 36
dtf_edge: 81
dtf_min_len: 0.11213900017603365
dtf_avg_len: 0.6195980151719681
dtf_max_len: 0.9947526277799718
sdb_node: 288
sdb_edge: 333
sdb_min_len: 0.11549593123617198
sdb_avg_len: 0.15071303071750541
sdb_max_len: 0.16712663140051276
dlt: 0.16729146409643136
formulation: None