instance: r_30_0.1_54.txt
obj: 5.0
bound: 5.0
gap: 0.0
time: 10.774808883666992
preprocess_time: 1.728788
sepa_time: 4.146897726810332e13
node: 1819
formulation: LEFPAV