instance: r_30_0.4_188.txt
obj: 24.0
bound: 3.369503843365493
gap: 0.8596040065228562
time: 3601.874158859253
preprocess_time: 0.076449
node: 15141
formulation: LEFPI