instance: r_30_0.2_75.txt
obj: 4.0
bound: 2.999999999999972
gap: 0.249999999993757
time: 1055.7574679851532
preprocess_time: 0.035492
node: 15303
algo: EVFP