instance: r_30_0.3_131.txt
obj: 19.999999962538546
bound: 7.177105715861857
gap: 0.6411447135315395
time: 1801.062567949295
preprocess_time: 0.064316
node: 5144
algo: EVFPL