instance: r_30_0.3_131.txt
obj: 3.0
bound: 3.0
gap: 0.0
time: 363.3318030834198
preprocess_time: 1.287402
sepa_time: 1.3868633687242988e13
node: 6495
formulation: LEFPAV