instance: r_30_0.4_188.txt
obj: 208.0
bound: 204.0
gap: 0.019230769230769232
time: 3599.9380559921265
preprocess_time: 0.065081
sepa_time: 0.0
node: 315743
formulation: LEFPV2