instance: r_30_0.2_75.txt
obj: 126.0
bound: 126.0
gap: 0.0
time: 4572.101986885071
preprocess_time: 0.035669
sepa_time: 6.92908887862576e-310
node: 937234
formulation: LEVFP