instance: r_30_0.3_131.txt
obj: 3.0
bound: 3.0
gap: 0.0
time: 681.1797909736633
preprocess_time: 1.297954
sepa_time: 0.0
node: 5498
formulation: LEFPAD