instance: r_30_0.3_131.txt
obj: 6.9028578696651e-310
bound: -1.0e100
gap: 1.0e100
time: 3600.2312660217285
preprocess_time: 0.026408
node: 0
formulation: EF