instance: r_30_0.1_54.txt
obj: 16.0
bound: 13.78639832512517
gap: 0.13835010467881223
time: 1802.8687989711761
preprocess_time: 0.042262
node: 104342
algo: EFPD