instance: r_30_0.2_75.txt
obj: 4.0
bound: 2.999999999999924
gap: 0.24999999999376898
time: 255.96027207374573
preprocess_time: 0.017716
node: 3480
algo: ESFV