instance: r_30_0.2_75.txt
obj: 5.0
bound: 3.9999999999999973
gap: 0.19999999999600054
time: 1.6073658466339111
preprocess_time: 0.038754
node: 281
algo: SFD