instance: r_30_0.2_75.txt
obj: 17.0
bound: 12.309104156411527
gap: 0.2759350496212282
time: 1801.6848859786987
preprocess_time: 0.04721
node: 76186
algo: ESFV