instance: r_30_0.4_188.txt
obj: 1.0
bound: 0.0
gap: 0.9999999999
time: 0.9740769863128662
preprocess_time: 0.045878
node: 0
algo: EVFP