instance: r_30_0.1_54.txt
obj: 16.0
bound: 13.999999999999979
gap: 0.1249999999992201
time: 1802.4160919189453
preprocess_time: 0.088129
node: 240470
algo: RF