instance: r_30_0.4_188.txt
obj: 2.0
bound: 2.0
gap: 0.0
time: 16.133224964141846
preprocess_time: 0.035594
sepa_time: 0.0
node: 1
formulation: LEVFP