instance: r_30_0.2_75.txt
obj: 4.0
bound: 4.0
gap: 0.0
time: 5158.603103876114
preprocess_time: 0.015486
sepa_time: 4.0e-323
node: 1478
formulation: EF