instance: r_30_0.2_75.txt
obj: 17.0
bound: 14.0
gap: 0.17647058823529413
time: 3599.938754081726
preprocess_time: 0.06243
node: 293585
formulation: LEFPI