instance: r_30_0.3_131.txt
obj: 3.0
bound: 1.9999999999999067
gap: 0.3333333333222533
time: 782.0788509845734
preprocess_time: 0.034225
node: 3998
formulation: LEVFP