instance: r_30_0.2_75.txt
obj: 4.0
bound: 4.0
gap: 0.0
time: 113.18713283538818
preprocess_time: 1.644202
sepa_time: 0.0
node: 3356
formulation: LEFPAD