instance: r_30_0.2_75.txt
obj: 4.0
bound: 4.0
gap: 0.0
time: 51.84250807762146
preprocess_time: 1.055753
sepa_time: 1.387206687793981e13
node: 2056
formulation: LEFPAV