instance: r_30_0.3_131.txt
obj: 3.0
bound: 2.0000000000000004
gap: 0.3333333333333332
time: 315.8734061717987
preprocess_time: 0.04306
node: 2587
formulation: LEFPI