instance: r_30_0.1_54.txt
obj: 19.0
bound: 11.999999999999998
gap: 0.36842105262964003
time: 1800.870859861374
preprocess_time: 0.054421
node: 1557
algo: EF