instance: r_30_0.4_188.txt
obj: 301.0
bound: 281.0
gap: 0.0664451827242525
time: 7199.818598985672
preprocess_time: 0.198901
sepa_time: 0.0
node: 1111016
formulation: EFP