instance: r_30_0.3_131.txt
obj: 22.0
bound: 7.2755702940732
gap: 0.6692922593572669
time: 1800.7654900550842
preprocess_time: 0.07449
node: 4359
formulation: EVFP