instance: r_30_0.4_188.txt
obj: 302.0
bound: 280.0
gap: 0.0728476821192053
time: 3599.746752977371
preprocess_time: 0.268938
sepa_time: 0.0
node: 430568
formulation: EFP