instance: r_30_0.1_54.txt
obj: 97.0
bound: 97.0
gap: 0.0
time: 274.14840602874756
preprocess_time: 1.623809
sepa_time: 0.0
node: 339282
formulation: LEFPA