instance: r_30_0.2_75.txt
obj: 126.0
bound: 125.00001006583689
gap: 0.007936428048913577
time: 2858.16130900383
preprocess_time: 1.39854
sepa_time: 0.0
node: 702120
formulation: LEFPV2