instance: r_30_0.2_75.txt
obj: 18.0
bound: 11.108549620046237
gap: 0.3828583544397488
time: 1800.9556200504303
preprocess_time: 0.07024
node: 26136
algo: SF