instance: r_30_0.4_188.txt
obj: 299.0
bound: 287.0
gap: 0.04013377926421405
time: 3599.7473380565643
preprocess_time: 0.268079
sepa_time: 0.0
node: 51309
formulation: EVFP