instance: r_30_0.2_75.txt
obj: 4.0
bound: 3.0000000000000004
gap: 0.2499999999999999
time: 4975.926115989685
preprocess_time: 0.015159
sepa_time: 0.0
node: 1416
formulation: EF