instance: r_30_0.3_131.txt
obj: 3.0
bound: 0.9999999999999999
gap: 0.6666666666444444
time: 1800.3670887947083
preprocess_time: 0.025041
node: 2153
algo: EVFPV