instance: r_30_0.4_188.txt
obj: 298.0
bound: 295.0
gap: 0.010067114093959731
time: 7199.974878072739
preprocess_time: 0.027496
sepa_time: 6.9437973975838e-310
node: 631422
formulation: LEVFP