instance: r_30_0.2_75.txt
obj: 17.0
bound: 11.306734307586694
gap: 0.3348979819046951
time: 1800.8003098964691
preprocess_time: 0.061736
node: 29345
algo: EVFPV