instance: r_30_0.3_131.txt
obj: 3.0
bound: 1.99999999999991
gap: 0.3333333333222522
time: 502.19156408309937
preprocess_time: 0.043798
node: 2954
algo: RF