instance: r_30_0.2_75.txt
obj: 4.0
bound: 4.0
gap: 0.0
time: 52.70459818840027
preprocess_time: 1.644758
sepa_time: 1.3872066877939977e13
node: 2056
formulation: LEFPAV