instance: r_30_0.4_188.txt
obj: 20.0
bound: 13.0
gap: 0.35
time: 3599.9672300815582
preprocess_time: 0.07615
node: 10354
formulation: LEFPD