instance: r_30_0.3_131.txt
obj: 3.0
bound: 2.0000000000000004
gap: 0.3333333333333332
time: 959.3013310432434
preprocess_time: 0.044388
node: 9614
formulation: EFP