instance: r_30_0.2_75.txt
obj: 4.0
bound: 2.9999999999999885
gap: 0.24999999999375289
time: 667.3040728569031
preprocess_time: 0.028548
node: 10218
algo: ERF