instance: r_30_0.2_75.txt
obj: 16.999999785600046
bound: 11.999999999999986
gap: 0.29411763815467395
time: 1801.5768859386444
preprocess_time: 0.124154
node: 43184
algo: RF