instance: r_30_0.1_54.txt
obj: 5.0
bound: 4.000000000000001
gap: 0.19999999999999982
time: 24.528892040252686
preprocess_time: 0.033643
sepa_time: 0.0
node: 3129
formulation: LEFPV2