instance: r_30_0.4_188.txt
obj: 2.0
bound: 2.0
gap: 0.0
time: 27.67028498649597
preprocess_time: 1.721286
sepa_time: 0.0
node: 1
formulation: LEFPA