instance: r_30_0.4_188.txt
obj: 21.99999998264556
bound: 7.180245463456579
gap: 0.6736252059460003
time: 3600.9259510040283
preprocess_time: 0.073838
node: 3393
formulation: LEVFP