instance: r_30_0.1_54.txt
obj: 16.0
bound: 15.000000000000002
gap: 0.06249999999999989
time: 300.608195066452
preprocess_time: 0.059351
node: 75631
formulation: LEFPV