instance: r_30_0.2_75.txt
obj: 129.0
bound: 127.0
gap: 0.015503875968992248
time: 3599.964863061905
preprocess_time: 0.036117
sepa_time: 0.0
node: 563952
formulation: LEFPD