instance: r_30_0.2_75.txt
obj: 4.0
bound: 2.9999999999999183
gap: 0.24999999999377043
time: 555.2464559078217
preprocess_time: 0.02183
node: 11573
algo: EFP