instance: r_30_0.3_131.txt
obj: 16.0
bound: 14.0
gap: 0.125
time: 3599.950198173523
preprocess_time: 0.053157
sepa_time: 6.90727244141636e-310
node: 46686
formulation: EVFP