instance: r_30_0.3_131.txt
obj: 21.99999993889525
bound: 7.163346850650288
gap: 0.6743933240630072
time: 1800.1413378715515
preprocess_time: 0.118173
node: 6733
algo: F