instance: r_30_0.4_188.txt
obj: 18.0
bound: 14.0
gap: 0.2222222222222222
time: 3599.9386880397797
preprocess_time: 0.06997
node: 40077
formulation: EFP