instance: r_30_0.1_54.txt
obj: 5.0
bound: 3.999999999999959
gap: 0.19999999999600818
time: 79.68056201934814
preprocess_time: 0.025578
node: 3716
formulation: EVFP