instance: r_30_0.2_75.txt
obj: 4.0
bound: 4.0
gap: 0.0
time: 52.41485095024109
preprocess_time: 1.728023
sepa_time: 0.0
node: 1994
formulation: LEFPAI