instance: r_30_0.4_188.txt
obj: 29.0
bound: 11.499999999999996
gap: 0.6034482758599883
time: 3601.802015066147
preprocess_time: 0.078409
node: 29318
formulation: LEFPDB