instance: r_30_0.1_54.txt
obj: 5.0
bound: 3.999999999999997
gap: 0.19999999999600063
time: 509.24003195762634
preprocess_time: 0.022714
node: 3164
algo: EDF