instance: r_30_0.4_188.txt
obj: 174.0
bound: 174.0
gap: 0.0
time: 0.02762603759765625
preprocess_time: 1.019471
sepa_time: 0.0
node: 1
formulation: LEFPAD