instance: r_30_0.2_75.txt
obj: 4.0
bound: 2.9999999999999893
gap: 0.24999999999375266
time: 97.95152378082275
preprocess_time: 3.254237
node: 1050
algo: EFPV