instance: r_30_0.2_75.txt
obj: 4.0
bound: 2.9999999999999694
gap: 0.24999999999375766
time: 858.7179269790649
preprocess_time: 0.019345
node: 19986
algo: SF