instance: r_30_0.3_131.txt
obj: 216.0
bound: 211.0
gap: 0.023148148148148147
time: 3599.94860291481
preprocess_time: 0.053704
sepa_time: 0.0
node: 259651
formulation: LEFPD