instance: r_30_0.1_54.txt
obj: 16.0
bound: 13.378076434125163
gap: 0.16387022286615316
time: 1864.662998199463
preprocess_time: 0.226885
node: 33581
algo: EFPV