instance: r_30_0.2_75.txt
obj: 126.0
bound: 124.0
gap: 0.015873015873015872
time: 7198.2777280807495
preprocess_time: 1.723256
sepa_time: 0.0
node: 964166
formulation: LEFPAD