instance: r_30_0.3_131.txt
obj: 3.0
bound: 1.9999999999999913
gap: 0.3333333333222251
time: 693.3367049694061
preprocess_time: 0.037218
node: 2615
algo: EFP0