instance: r_30_0.3_131.txt
obj: 3.0
bound: 3.0
gap: 0.0
time: 1299.0227019786835
preprocess_time: 0.034667
sepa_time: 0.0
node: 12461
formulation: LEVFP