instance: r_30_0.3_131.txt
obj: 3.0
bound: 1.1178080141535607
gap: 0.6273973285945665
time: 1766.3234992027283
preprocess_time: 36.031105
node: 0
formulation: EFPV