instance: r_30_0.1_54.txt
obj: 5.0
bound: 3.9999999999999103
gap: 0.19999999999601795
time: 129.14263606071472
preprocess_time: 0.038167
node: 18583
formulation: LEFPI