instance: r_30_0.1_54.txt
obj: 16.0
bound: 15.000000000000002
gap: 0.06249999999999989
time: 290.9351999759674
preprocess_time: 0.046282
sepa_time: 0.0
node: 75631
formulation: LEFPV2