instance: r_30_0.4_188.txt
obj: 2.0
bound: 2.0
gap: 0.0
time: 37.05042290687561
preprocess_time: 0.961432
sepa_time: 1.3839561659206943e13
node: 28
formulation: LEFPAV