instance: r_30_0.1_54.txt
obj: 5.0
bound: 3.999999999999998
gap: 0.19999999999600043
time: 26.586381912231445
preprocess_time: 0.030131
node: 1863
algo: ESFV