instance: r_30_0.1_54.txt
obj: 5.0
bound: 3.999999999999941
gap: 0.1999999999960118
time: 42.19215989112854
preprocess_time: 0.02631
node: 3718
formulation: EFPI