instance: r_30_0.3_131.txt
obj: 208.0
bound: 205.0
gap: 0.014423076923076924
time: 7199.972971916199
preprocess_time: 0.028241
sepa_time: 0.0
node: 1061234
formulation: LEVFP