instance: r_30_0.4_188.txt
obj: 299.0
bound: 292.0
gap: 0.023411371237458192
time: 7199.03936290741
preprocess_time: 0.961833
sepa_time: 0.0
node: 6355626
formulation: LEFP