instance: r_30_0.4_188.txt
obj: 298.0
bound: 292.0
gap: 0.020134228187919462
time: 7199.0253047943115
preprocess_time: 0.97608
sepa_time: 5.993266746169642e13
node: 4535245
formulation: LEFPAV