instance: r_30_0.3_131.txt
obj: 210.0
bound: 193.0
gap: 0.08095238095238096
time: 7199.840324163437
preprocess_time: 0.169961
sepa_time: 0.0
node: 1480565
formulation: EFP