instance: r_30_0.4_188.txt
obj: 2.0
bound: 2.0
gap: 0.0
time: 1457.0521099567413
preprocess_time: 0.049361
node: 10615
formulation: LEFPDB