instance: r_30_0.3_131.txt
obj: 3.0
bound: 3.0
gap: 0.0
time: 518.9697270393372
preprocess_time: 0.949593
sepa_time: 1.844674404364591e13
node: 4943
formulation: LEFPAV