instance: r_30_0.3_131.txt
obj: 130.0
bound: 0.0
gap: 1.0
time: 7205.846940994263
preprocess_time: 0.015977
sepa_time: 0.0
node: 1
formulation: EF