instance: r_30_0.1_54.txt
obj: 5.0
bound: 3.999999999999997
gap: 0.19999999999600063
time: 453.41906213760376
preprocess_time: 0.020638
node: 3164
algo: EFPD