instance: r_30_0.1_54.txt
obj: 5.0
bound: 5.0
gap: 0.0
time: 18.20871901512146
preprocess_time: 1.610279
sepa_time: 0.0
node: 2839
formulation: LEFPAI