instance: r_30_0.1_54.txt
obj: 5.0
bound: 3.9999999999999036
gap: 0.19999999999601928
time: 125.17332696914673
preprocess_time: 0.019237
node: 7745
algo: EVFPL