instance: r_30_0.2_75.txt
obj: 4.0
bound: 2.999999999999956
gap: 0.249999999993761
time: 844.248526096344
preprocess_time: 0.012911
node: 19825
algo: F0