instance: r_30_0.3_131.txt
obj: 3.0
bound: 3.0
gap: 0.0
time: 2534.956380844116
preprocess_time: 1.107458
sepa_time: 0.0
node: 21963
formulation: LEFPAI