instance: r_30_0.2_75.txt
obj: 4.0
bound: 2.9999999999999423
gap: 0.24999999999376443
time: 588.145457983017
preprocess_time: 0.018757
node: 4654
algo: EVFPV