instance: r_30_0.4_188.txt
obj: 2.0
bound: 0.9999999999999999
gap: 0.499999999975
time: 95.10614705085754
preprocess_time: 0.026803
node: 540
algo: ERF