instance: r_30_0.4_188.txt
obj: 307.0
bound: 302.0
gap: 0.016286644951140065
time: 3599.9572880268097
preprocess_time: 0.048177
sepa_time: 0.0
node: 128367
formulation: LEFPD