instance: r_30_0.3_131.txt
obj: 208.0
bound: 203.0
gap: 0.02403846153846154
time: 3599.953826904297
preprocess_time: 0.046952
sepa_time: 0.0
node: 679357
formulation: LEFPI