instance: r_30_0.4_188.txt
obj: 21.0
bound: 6.417301184097643
gap: 0.694414229325377
time: 1800.9266200065613
preprocess_time: 0.062998
node: 1173
formulation: EFPI