instance: r_30_0.2_75.txt
obj: 4.0
bound: 2.999999999999999
gap: 0.24999999999375022
time: 1652.6261410713196
preprocess_time: 0.024833
node: 7433
algo: EFPD