instance: r_30_0.4_188.txt
obj: 2.0
bound: 1.0
gap: 0.499999999975
time: 376.2781910896301
preprocess_time: 0.092231
node: 668
formulation: EFP