instance: r_30_0.3_131.txt
obj: 3.0
bound: 1.9999999999999893
gap: 0.33333333332222576
time: 894.2352240085602
preprocess_time: 0.04776
node: 4830
algo: SF