instance: r_30_0.3_131.txt
obj: 3.0
bound: 3.0
gap: 0.0
time: 364.6113739013672
preprocess_time: 1.646763
sepa_time: 1.3868633687243074e13
node: 6495
formulation: LEFPAV