instance: r_30_0.2_75.txt
obj: 17.0
bound: 12.072463769674233
gap: 0.289855072370399
time: 1801.9994950294495
preprocess_time: 0.036465
node: 56614
formulation: EFPI