instance: r_30_0.3_131.txt
obj: 3.0
bound: 1.9999999999999751
gap: 0.33333333332223053
time: 1517.1372601985931
preprocess_time: 0.043797
node: 2113
formulation: LEFPD