instance: r_30_0.1_54.txt
obj: 16.0
bound: 14.117140898324521
gap: 0.11767869385398193
time: 1802.5359799861908
preprocess_time: 0.04957
node: 191875
algo: ESF