instance: r_30_0.4_188.txt
obj: 30.0
bound: 11.308643427883132
gap: 0.6230452190684854
time: 3602.471246957779
preprocess_time: 0.075194
node: 5784
formulation: LEFPD