instance: r_30_0.4_188.txt
obj: 2.0
bound: 2.0
gap: 0.0
time: 67.16607999801636
preprocess_time: 1.30384
sepa_time: 0.0
node: 325
formulation: LEFPAD