instance: r_30_0.1_54.txt
obj: 5.0
bound: 3.999999999999984
gap: 0.1999999999960032
time: 53.78186392784119
preprocess_time: 0.026785
node: 4703
algo: ESF