instance: r_30_0.1_54.txt
obj: 5.0
bound: 3.9999999999999747
gap: 0.19999999999600507
time: 41.236209869384766
preprocess_time: 103.223635
node: 2041
formulation: EFPV2