instance: r_30_0.2_75.txt
obj: 4.0
bound: 3.0000000000000004
gap: 0.2499999999999999
time: 75.75156211853027
preprocess_time: 0.030572
sepa_time: 1.5e-323
node: 1613
formulation: EVFP