instance: r_30_0.3_131.txt
obj: 21.0
bound: 8.238385536746332
gap: 0.6076959268187095
time: 1800.554957151413
preprocess_time: 0.068125
node: 5571
algo: EFPLg