instance: r_30_0.1_54.txt
obj: 5.0
bound: 3.9999999999999227
gap: 0.19999999999601545
time: 131.0573751926422
preprocess_time: 0.018357
node: 8911
algo: ERF