instance: r_30_0.4_188.txt
obj: 2.0
bound: 2.0
gap: 0.0
time: 2.191033124923706
preprocess_time: 0.045869
node: 166
algo: SFD