instance: r_30_0.3_131.txt
obj: 22.99999940890565
bound: 7.950068431778404
gap: 0.6543448419061457
time: 1800.7876331806183
preprocess_time: 0.052421
node: 2729
algo: EFP