instance: r_30_0.3_131.txt
obj: 3.0
bound: 3.0
gap: 0.0
time: 327.07496786117554
preprocess_time: 0.027095
sepa_time: 0.0
node: 5754
formulation: EFP