instance: r_30_0.2_75.txt
obj: 17.0
bound: 12.655358682733182
gap: 0.2555671363083095
time: 3602.232323884964
preprocess_time: 0.060418
node: 164698
formulation: LEFP