instance: r_30_0.4_188.txt
obj: 298.0
bound: 292.0
gap: 0.020134228187919462
time: 7198.604007959366
preprocess_time: 1.397582
sepa_time: 5.994990299365662e13
node: 5375927
formulation: LEFPAV