instance: r_30_0.1_54.txt
obj: 1.0
bound: 0.0
gap: 0.9999999999
time: 0.4114189147949219
preprocess_time: 0.048812
node: 0
algo: EVFPV