instance: r_30_0.1_54.txt
obj: 5.0
bound: 3.999999999999999
gap: 0.19999999999600018
time: 156.9648458957672
preprocess_time: 0.023401
node: 1906
algo: EFPD