instance: r_30_0.3_131.txt
obj: 3.0
bound: 3.0
gap: 0.0
time: 530.5745639801025
preprocess_time: 1.187869
sepa_time: 1.8446744043645984e13
node: 4943
formulation: LEFPAV