instance: r_30_0.1_54.txt
obj: 16.0
bound: 13.983333333333333
gap: 0.12604166666587896
time: 1803.0510149002075
preprocess_time: 0.067165
node: 282050
algo: ERF