instance: r_30_0.4_188.txt
obj: 208.0
bound: 200.0
gap: 0.038461538461538464
time: 3599.6476719379425
preprocess_time: 0.358866
sepa_time: 6.93695764059484e-310
node: 20935
formulation: EVFP