instance: r_30_0.2_75.txt
obj: 17.0
bound: 12.199693506973988
gap: 0.2823709701763397
time: 1801.7401821613312
preprocess_time: 0.077539
node: 71685
algo: EFP0