instance: r_30_0.2_75.txt
org_node: 30
org_edge: 75
org_min_len: 0.2794302969810009
org_avg_len: 0.6691658563857255
org_max_len: 0.9947526277799718
dtf_node: 43
dtf_edge: 88
dtf_min_len: 0.058605785198444116
dtf_avg_len: 0.5703118094196525
dtf_max_len: 0.9947526277799718
sdb_node: 219
sdb_edge: 264
sdb_min_len: 0.13971514849050046
sdb_avg_len: 0.19010393647321755
sdb_max_len: 0.220197105519642
dlt: 0.2208247326072894
formulation: None