instance: r_30_0.4_188.txt
obj: 2.0
bound: 2.0
gap: 0.0
time: 92.51602482795715
preprocess_time: 1.319873
sepa_time: 1.3841838502980697e13
node: 1
formulation: LEFPAV