instance: r_30_0.4_188.txt
obj: 299.0
bound: 292.0
gap: 0.023411371237458192
time: 7198.762184858322
preprocess_time: 1.239743
sepa_time: 0.0
node: 4508566
formulation: LEFPV2