instance: r_30_0.1_54.txt
obj: 16.0
bound: 13.936572813976356
gap: 0.1289641991256717
time: 1802.5945870876312
preprocess_time: 0.068582
node: 223212
algo: ESFV