instance: r_30_0.3_131.txt
obj: 216.0
bound: 210.0
gap: 0.027777777777777776
time: 3599.955747127533
preprocess_time: 0.046097
sepa_time: 0.0
node: 213806
formulation: LEFPD