instance: r_30_0.4_188.txt
obj: 0.0
bound: 0.0
gap: 0.0
time: 2.263221025466919
preprocess_time: 0.088514
node: 0
algo: EVFP