instance: r_30_0.3_131.txt
obj: 19.999999499999912
bound: 11.045899802247385
gap: 0.4477049960780147
time: 1801.4498000144958
preprocess_time: 0.087142
node: 11227
algo: ESFV