instance: r_30_0.2_75.txt
obj: 4.0
bound: 3.0000000000000004
gap: 0.2499999999999999
time: 102.31382203102112
preprocess_time: 0.042875
sepa_time: 6.90474372130007e-310
node: 1503
formulation: LEVFP