instance: r_30_0.3_131.txt
obj: 19.0
bound: 7.722508510276277
gap: 0.5935521836665457
time: 3603.424314022064
preprocess_time: 0.052194
node: 88521
formulation: LEFP