instance: r_30_0.3_131.txt
obj: 3.0
bound: 1.5
gap: 0.49999999998333333
time: 1800.7800979614258
preprocess_time: 0.032925
node: 4947
algo: SF