instance: r_30_0.1_54.txt
org_node: 30
org_edge: 54
org_min_len: 0.25095496836133324
org_avg_len: 0.5994215791611949
org_max_len: 0.9919704436735612
dtf_node: 46
dtf_edge: 70
dtf_min_len: 0.0013757350684645564
dtf_avg_len: 0.46241093249577886
dtf_max_len: 1.5720943579988345
sdb_node: 52
sdb_edge: 76
sdb_min_len: 0.0013757350684645564
sdb_avg_len: 0.42590480624611216
sdb_max_len: 0.5994209797396157
dlt: 0.5994215791611949
algo: None