instance: r_30_0.4_188.txt
obj: 307.0
bound: 302.0
gap: 0.016286644951140065
time: 7198.6324870586395
preprocess_time: 1.369901
sepa_time: 0.0
node: 300070
formulation: LEFPD