instance: r_30_0.4_188.txt
obj: 2.0
bound: 1.0000000000000007
gap: 0.49999999999999967
time: 35.49277091026306
preprocess_time: 0.038713
sepa_time: 0.0
node: 1
formulation: EVFP