instance: r_30_0.4_188.txt
obj: 298.0
bound: 295.0
gap: 0.010067114093959731
time: 7199.968958854675
preprocess_time: 0.032487
sepa_time: 0.0
node: 569445
formulation: LEVFP