instance: r_30_0.2_75.txt
obj: 69.0
bound: 69.0
gap: 0.0
time: 0.013200998306274414
preprocess_time: 1.339297
sepa_time: 0.0
node: 1
formulation: LEFPAI