instance: r_30_0.1_54.txt
obj: 5.0
bound: 3.9999999999999116
gap: 0.19999999999601767
time: 124.6922619342804
preprocess_time: 69.392653
node: 2597
algo: EFPV2