instance: r_30_0.1_54.txt
obj: 16.0
bound: 13.942900869487513
gap: 0.1285686956562269
time: 1803.6565029621124
preprocess_time: 0.055108
node: 162462
formulation: EFPI