instance: r_30_0.4_188.txt
obj: 25.0
bound: 6.312951349806067
gap: 0.7474819460047675
time: 1800.7360780239105
preprocess_time: 0.094018
node: 743
algo: EVFPV