instance: r_30_0.1_54.txt
obj: 16.0
bound: 15.000000000000002
gap: 0.06249999999999989
time: 223.2567059993744
preprocess_time: 0.047784
sepa_time: 0.0
node: 29315
formulation: EVFP