instance: r_30_0.1_54.txt
obj: 16.0
bound: 13.58557660732941
gap: 0.1509014620409688
time: 1796.1040980815887
preprocess_time: 5.980804
node: 138095
algo: EFPV2