instance: r_30_0.2_75.txt
obj: 17.0
bound: 12.218580653025281
gap: 0.2812599615850937
time: 1801.369353055954
preprocess_time: 0.047448
node: 36086
algo: ERF