instance: r_30_0.4_188.txt
obj: 2.0
bound: 2.0
gap: 0.0
time: 18.73019504547119
preprocess_time: 0.041433
sepa_time: 6.8982817225249e-310
node: 1
formulation: LEVFP