instance: r_30_0.2_75.txt
obj: 4.0
bound: 2.9999999999999316
gap: 0.2499999999937671
time: 1004.7939400672913
preprocess_time: 0.032384
node: 19901
algo: EVFPL