instance: r_30_0.3_131.txt
obj: 3.0
bound: 1.4999999999999991
gap: 0.4999999999833336
time: 1800.8605840206146
preprocess_time: 0.047196
node: 7199
formulation: LEVFP