instance: r_30_0.2_75.txt
obj: 7.0
bound: 2.043037697978857
gap: 0.7081374717071899
time: 28.783891916275024
preprocess_time: 1771.340074
node: 0
algo: EFPV2