instance: r_30_0.1_54.txt
obj: 5.0
bound: 3.999999999999976
gap: 0.1999999999960048
time: 1225.0174338817596
preprocess_time: 132.356808
node: 5642
algo: EFPV2