instance: r_30_0.4_188.txt
obj: 2.0
bound: 1.0
gap: 0.499999999975
time: 449.8814961910248
preprocess_time: 0.043541
node: 668
algo: EFP