instance: r_30_0.2_75.txt
obj: 10.0
bound: 2.297484704282801
gap: 0.7702515295640174
time: 1801.387661933899
preprocess_time: 0.011649
node: 1
algo: EF