instance: r_30_0.1_54.txt
obj: 5.0
bound: 3.999999999999959
gap: 0.19999999999600818
time: 121.46518802642822
preprocess_time: 0.033918
node: 3716
algo: EVFP