instance: r_30_0.4_188.txt
obj: 2.0
bound: 0.9999999999999998
gap: 0.4999999999750001
time: 680.5420110225677
preprocess_time: 0.041819
node: 4163
algo: SF