instance: r_30_0.3_131.txt
obj: 145.0
bound: 142.0
gap: 0.020689655172413793
time: 3599.95258808136
preprocess_time: 0.048421
sepa_time: 0.0
node: 510328
formulation: LEFPI