instance: r_30_0.1_54.txt
obj: 17.0
bound: 14.78159301953122
gap: 0.1304945282621018
time: 1802.7849287986755
preprocess_time: 0.091094
node: 158771
algo: RF