instance: r_30_0.2_75.txt
obj: 4.0
bound: 4.0
gap: 0.0
time: 58.117043018341064
preprocess_time: 1.287999
sepa_time: 0.0
node: 1886
formulation: LEFPV2