instance: r_30_0.2_75.txt
obj: 4.0
bound: 4.0
gap: 0.0
time: 51.626015186309814
preprocess_time: 1.726321
sepa_time: 1.3872066877939973e13
node: 2056
formulation: LEFPAV