instance: r_30_0.4_188.txt
obj: 2.0
bound: 1.0
gap: 0.499999999975
time: 181.4346261024475
preprocess_time: 0.047563
node: 560
algo: EFPLg