instance: r_30_0.1_54.txt
obj: 71.0
bound: 64.0
gap: 0.09859154929577464
time: 3599.9400498867035
preprocess_time: 0.062494
sepa_time: 0.0
node: 1322638
formulation: EFP