instance: r_30_0.4_188.txt
obj: 2.0
bound: 1.0000000000000002
gap: 0.4999999999999999
time: 7.102018117904663
preprocess_time: 0.050727
node: 1
formulation: LEFP