instance: r_30_0.1_54.txt
obj: 5.0
bound: 3.999999999999954
gap: 0.19999999999600923
time: 56.95848894119263
preprocess_time: 0.039293
node: 6448
formulation: LEFP