instance: r_30_0.1_54.txt
obj: 5.0
bound: 5.0
gap: 0.0
time: 17.71133017539978
preprocess_time: 1.628285
sepa_time: 0.0
node: 2512
formulation: LEFPAD