instance: r_30_0.4_188.txt
obj: 298.0
bound: 295.0
gap: 0.010067114093959731
time: 7199.96377491951
preprocess_time: 0.038325
sepa_time: 0.0
node: 586713
formulation: LEVFP