instance: r_30_0.3_131.txt
obj: 3.0
bound: 1.3820918598922345
gap: 0.5393027133512784
time: 1800.7082641124725
preprocess_time: 0.025751
node: 648
algo: EFPD