instance: r_30_0.4_188.txt
obj: 298.0
bound: 292.0
gap: 0.020134228187919462
time: 7198.659481048584
preprocess_time: 1.342651
sepa_time: 0.0
node: 2772535
formulation: LEFPA