instance: r_30_0.2_75.txt
obj: 126.0
bound: 125.00000000000001
gap: 0.007936507936507823
time: 1954.6668679714203
preprocess_time: 0.036711
sepa_time: 1.5e-323
node: 542014
formulation: LEVFP