instance: r_30_0.4_188.txt
obj: 23.0
bound: 21.99999999999991
gap: 0.043478260869380045
time: 5.4246931076049805
preprocess_time: 0.123816
node: 1373
algo: SFD