instance: r_30_0.1_54.txt
obj: 0.0
bound: 0.0
gap: 0.0
time: 0.07493305206298828
preprocess_time: 0.048505
node: 0
algo: EVFP