instance: r_30_0.1_54.txt
obj: 5.0
bound: 3.999999999999906
gap: 0.19999999999601883
time: 33.20245313644409
preprocess_time: 0.038169
node: 5139
formulation: LEFPDB