instance: r_30_0.4_188.txt
obj: 2.0
bound: 1.0
gap: 0.499999999975
time: 271.15726590156555
preprocess_time: 0.048074
node: 430
formulation: LEFPD