instance: r_30_0.4_188.txt
obj: 24.0
bound: 12.000398649665005
gap: 0.4999833895952082
time: 1800.6206531524658
preprocess_time: 0.071495
node: 701
formulation: EFPD