instance: r_30_0.1_54.txt
obj: 5.0
bound: 3.999999999999985
gap: 0.19999999999600301
time: 59.518195152282715
preprocess_time: 0.031354
node: 2355
algo: EFP