instance: r_30_0.3_131.txt
obj: 3.0
bound: 1.9999999999999378
gap: 0.33333333332224296
time: 930.6596131324768
preprocess_time: 0.029141
node: 2921
formulation: EVFP