instance: r_30_0.1_54.txt
obj: 16.0
bound: 15.000000000000002
gap: 0.06249999999999989
time: 203.18729090690613
preprocess_time: 0.059188
node: 42662
formulation: EFP