instance: r_30_0.3_131.txt
obj: 3.0
bound: 1.9999999999999378
gap: 0.33333333332224296
time: 1162.1025869846344
preprocess_time: 0.035284
node: 2921
algo: EVFP