instance: r_30_0.1_54.txt
obj: 16.0
bound: 14.094627104892906
gap: 0.1190858059434491
time: 1802.6275861263275
preprocess_time: 0.069663
node: 154385
algo: ERF