instance: r_30_0.1_54.txt
obj: 97.99999807544455
bound: 97.0
gap: 0.010204062194722807
time: 4.080109119415283
preprocess_time: 1.31581
sepa_time: 0.0
node: 1504
formulation: LEFPD