instance: r_30_0.3_131.txt
obj: 121.0
bound: 121.0
gap: 0.0
time: 0.0033419132232666016
preprocess_time: 1.028687
sepa_time: 0.0
node: 0
formulation: LEFPA