instance: r_30_0.1_54.txt
obj: 5.0
bound: 3.999999999999975
gap: 0.19999999999600498
time: 48.04913401603699
preprocess_time: 0.018212
node: 2642
algo: EFP0