instance: r_30_0.4_188.txt
obj: 2.0
bound: 1.0
gap: 0.499999999975
time: 160.9443998336792
preprocess_time: 0.049789
node: 1099
formulation: LEFP