instance: r_30_0.2_75.txt
obj: 18.0
bound: 11.49647262609131
gap: 0.36130707632625336
time: 1802.033471107483
preprocess_time: 0.106496
node: 40143
formulation: LEVFP