instance: r_30_0.1_54.txt
obj: 5.0
bound: 3.9999999999999805
gap: 0.1999999999960039
time: 521.5528030395508
preprocess_time: 0.618605
node: 3730
algo: EFPV