instance: r_30_0.3_131.txt
obj: 3.0
bound: 3.0
gap: 0.0
time: 383.97005319595337
preprocess_time: 1.232585
sepa_time: 0.0
node: 5211
formulation: LEFPD