instance: r_30_0.2_75.txt
obj: 4.0
bound: 2.999999999999986
gap: 0.24999999999375355
time: 216.9696559906006
preprocess_time: 0.019214
node: 7940
algo: ERF