instance: r_30_0.3_131.txt
obj: 20.0
bound: 6.875622217842715
gap: 0.6562188891045833
time: 1800.2995879650116
preprocess_time: 0.085905
node: 6018
algo: SF