instance: r_30_0.1_54.txt
obj: 16.0
bound: 13.709606700972719
gap: 0.1431495811883104
time: 1804.0092339515686
preprocess_time: 0.051727
node: 158262
formulation: LEVFP