instance: r_30_0.2_75.txt
obj: 18.0
bound: 11.86258047090198
gap: 0.3409677516146624
time: 3601.9640021324158
preprocess_time: 0.059744
node: 69650
formulation: LEVFP