instance: r_30_0.1_54.txt
obj: 16.0
bound: 13.275692907462814
gap: 0.17026919328250997
time: 1801.5772449970245
preprocess_time: 0.049732
node: 109223
algo: EFPD