instance: r_30_0.1_54.txt
obj: 16.0
bound: 14.283639143333374
gap: 0.10727255354099366
time: 3604.9580709934235
preprocess_time: 0.058193
node: 417127
formulation: LEVFP