instance: r_30_0.2_75.txt
obj: 4.0
bound: 2.9999999999999156
gap: 0.2499999999937711
time: 241.13104701042175
preprocess_time: 0.040508
node: 9201
formulation: LEFPI