instance: r_30_0.2_75.txt
obj: 18.0
bound: 11.829432382787896
gap: 0.34280931206543463
time: 1801.0119609832764
preprocess_time: 0.051315
node: 16695
algo: EFPD