instance: r_30_0.2_75.txt
obj: 18.0
bound: 12.498462945771783
gap: 0.3056409474554252
time: 1801.475243806839
preprocess_time: 0.060437
node: 24520
algo: EFPD