instance: r_30_0.4_188.txt
obj: 2.0
bound: 1.0000000000000007
gap: 0.49999999999999967
time: 31.888779163360596
preprocess_time: 0.040041
sepa_time: 6.91772568177504e-310
node: 1
formulation: EVFP