instance: r_30_0.3_131.txt
obj: 147.0
bound: 134.0
gap: 0.08843537414965986
time: 3599.921748161316
preprocess_time: 0.089394
sepa_time: 0.0
node: 708105
formulation: EFP