instance: r_30_0.2_75.txt
obj: 4.0
bound: 2.9999999999999596
gap: 0.2499999999937601
time: 296.23185992240906
preprocess_time: 0.041192
node: 10173
formulation: LEFP