instance: r_30_0.1_54.txt
obj: 97.0
bound: 89.0
gap: 0.08247422680412371
time: 7199.953635931015
preprocess_time: 0.049777
sepa_time: 0.0
node: 3141608
formulation: EFP