instance: r_30_0.4_188.txt
org_node: 30
org_edge: 188
org_min_len: 0.252660413271443
org_avg_len: 0.6065756063872673
org_max_len: 0.9917999550727499
dtf_node: 44
dtf_edge: 202
dtf_min_len: 0.1010166633185278
dtf_avg_len: 0.5645357128752788
dtf_max_len: 0.9917999550727499
sdb_node: 691
sdb_edge: 849
sdb_min_len: 0.10176117300206579
sdb_avg_len: 0.13431827326361157
sdb_max_len: 0.15157179384940425
dlt: 0.15164390159681682
formulation: None