instance: r_30_0.2_75.txt
obj: 4.0
bound: 4.0
gap: 0.0
time: 81.75603079795837
preprocess_time: 1.229776
sepa_time: 1.3861245656297547e13
node: 2173
formulation: LEFPAV