instance: r_30_0.3_131.txt
obj: 3.0
bound: 3.0
gap: 0.0
time: 309.7433750629425
preprocess_time: 1.657058
sepa_time: 0.0
node: 4088
formulation: LEFPAD