instance: r_30_0.2_75.txt
obj: 5.0
bound: 3.0
gap: 0.4
time: 3600.1260249614716
preprocess_time: 0.013798
sepa_time: 0.0
node: 148
formulation: EF