instance: r_30_0.2_75.txt
obj: 0.0
bound: 0.0
gap: 0.0
time: 0.2296159267425537
preprocess_time: 0.082908
node: 0
algo: EVFP