instance: r_30_0.4_188.txt
obj: 174.0
bound: 174.0
gap: 0.0
time: 0.054969072341918945
preprocess_time: 1.72974
sepa_time: 0.0
node: 1
formulation: LEFPAD