instance: r_30_0.4_188.txt
obj: 2.0
bound: 2.0
gap: 0.0
time: 18.213775873184204
preprocess_time: 0.03686
sepa_time: 0.0
node: 1
formulation: EFP