instance: r_30_0.4_188.txt
obj: 34.0000001805151
bound: 6.526822719438275
gap: 0.8080346269156932
time: 1864.4576060771942
preprocess_time: 27.147278
node: 48
algo: EFPV