instance: r_30_0.4_188.txt
obj: 22.0
bound: 7.014317017644936
gap: 0.6811674082857704
time: 1800.9929661750793
preprocess_time: 0.128352
node: 1153
algo: EFP0