instance: r_30_0.1_54.txt
obj: 70.0
bound: 69.00000000000003
gap: 0.01428571428571388
time: 68.84036612510681
preprocess_time: 0.052675
sepa_time: 0.0
node: 42706
formulation: LEFPV