instance: r_30_0.2_75.txt
obj: 4.0
bound: 4.0
gap: 0.0
time: 58.121891021728516
preprocess_time: 1.348947
sepa_time: 0.0
node: 1886
formulation: LEFPV