instance: r_30_0.4_188.txt
obj: 2.0
bound: 0.9999999999999998
gap: 0.4999999999750001
time: 328.25261402130127
preprocess_time: 0.045478
node: 4163
algo: SF