instance: r_30_0.3_131.txt
obj: 20.0
bound: 7.201700853957679
gap: 0.6399149572989166
time: 1800.8676681518555
preprocess_time: 0.092816
node: 5865
algo: EVFP0