instance: r_30_0.4_188.txt
obj: 2.0
bound: 1.0000000000000002
gap: 0.4999999999999999
time: 38.573265075683594
preprocess_time: 0.039098
sepa_time: 0.0
node: 3
formulation: LEFPD