instance: r_30_0.3_131.txt
obj: 3.0
bound: 1.9999999999999414
gap: 0.33333333332224174
time: 1798.7283980846405
preprocess_time: 0.024422
node: 3308
algo: EFPLg