instance: r_30_0.4_188.txt
obj: 2.0
bound: 2.0
gap: 0.0
time: 17.55319905281067
preprocess_time: 0.036553
sepa_time: 0.0
node: 1
formulation: EFP