instance: r_30_0.3_131.txt
obj: 209.0
bound: 193.0
gap: 0.07655502392344497
time: 7199.927651166916
preprocess_time: 0.077839
sepa_time: 0.0
node: 1483097
formulation: EFP