instance: r_30_0.2_75.txt
obj: 4.0
bound: 3.0000000000000004
gap: 0.2499999999999999
time: 68.1181709766388
preprocess_time: 0.03186
node: 2022
formulation: LEFPD