instance: r_30_0.3_131.txt
obj: 3.0
bound: 1.1147595556698244
gap: 0.6284134814224447
time: 1750.332993030548
preprocess_time: 52.095116
node: 0
algo: EFPV