instance: r_30_0.3_131.txt
obj: 121.0
bound: 121.0
gap: 0.0
time: 0.004693031311035156
preprocess_time: 1.798644
sepa_time: 0.0
node: 0
formulation: LEFPA