instance: r_30_0.4_188.txt
obj: 26.0
bound: 6.881615658212582
gap: 0.7353224746813034
time: 1800.2420690059662
preprocess_time: 0.125423
node: 1178
algo: F