instance: r_30_0.4_188.txt
obj: 20.0
bound: 12.0
gap: 0.4
time: 3599.923542022705
preprocess_time: 0.078294
node: 32298
formulation: LEFPI