instance: r_30_0.4_188.txt
obj: 19.0
bound: 12.0
gap: 0.3684210526315789
time: 3599.9282138347626
preprocess_time: 0.074667
node: 8510
formulation: LEVFP