instance: r_30_0.1_54.txt
obj: 50.0
bound: 50.0
gap: 0.0
time: 0.007655143737792969
preprocess_time: 1.296527
sepa_time: 0.0
node: 1
formulation: LEFPAD