instance: r_30_0.1_54.txt
obj: 17.0
bound: 15.0
gap: 0.11764705882352941
time: 3600.6792261600494
preprocess_time: 0.048856
node: 43605
formulation: EF