instance: r_30_0.2_75.txt
obj: 4.0
bound: 4.0
gap: 0.0
time: 127.16295003890991
preprocess_time: 0.024864
sepa_time: 0.0
node: 2030
formulation: LEVFP