instance: r_30_0.3_131.txt
obj: 209.0
bound: 200.0
gap: 0.0430622009569378
time: 3599.906089067459
preprocess_time: 0.103998
sepa_time: 0.0
node: 31086
formulation: EVFP