instance: r_30_0.4_188.txt
obj: 2.0
bound: 1.0
gap: 0.499999999975
time: 504.2057480812073
preprocess_time: 0.026264
node: 687
algo: EFP0