instance: r_30_0.1_54.txt
obj: 16.0
bound: 13.843023255813952
gap: 0.13481104651078546
time: 1801.6552560329437
preprocess_time: 0.049531
node: 90513
algo: SF