instance: r_30_0.2_75.txt
obj: 18.0
bound: 12.036990497547436
gap: 0.33127830568996874
time: 1800.6946580410004
preprocess_time: 0.05621
node: 43174
algo: F0