instance: r_30_0.1_54.txt
obj: 5.0
bound: 3.9999999999999316
gap: 0.19999999999601367
time: 991.2942881584167
preprocess_time: 0.025041
node: 1267
formulation: EF