instance: r_30_0.2_75.txt
obj: 17.0
bound: 12.472435086383921
gap: 0.2663273478582027
time: 1802.1229159832
preprocess_time: 0.560272
node: 70919
algo: EFPV