instance: r_30_0.2_75.txt
obj: 4.0
bound: 4.0
gap: 0.0
time: 72.74380707740784
preprocess_time: 0.931226
sepa_time: 0.0
node: 2288
formulation: LEFPD