instance: r_30_0.4_188.txt
obj: 0.0
bound: 0.0
gap: 0.0
time: 3.17132306098938
preprocess_time: 0.057666
node: 0
algo: EVFP0