instance: r_30_0.3_131.txt
obj: 207.99999999433967
bound: 205.0
gap: 0.014423076896256316
time: 7199.013686180115
preprocess_time: 0.987808
sepa_time: 2.7056243125647156e14
node: 1307310
formulation: LEFPAV