instance: r_30_0.3_131.txt
obj: 3.0
bound: 1.9999999999999063
gap: 0.33333333332225346
time: 1588.4855489730835
preprocess_time: 0.013051
node: 3724
algo: F0