instance: r_30_0.4_188.txt
obj: 2.0
bound: 2.0
gap: 0.0
time: 38.24275207519531
preprocess_time: 1.222822
sepa_time: 0.0
node: 327
formulation: LEFPAI