instance: r_30_0.2_75.txt
obj: 128.0
bound: 120.0
gap: 0.0625
time: 3599.933142900467
preprocess_time: 0.072392
sepa_time: 0.0
node: 49562
formulation: EVFP