instance: r_30_0.2_75.txt
obj: 16.999999999999922
bound: 12.381578806073698
gap: 0.27167183493523994
time: 1801.2825849056244
preprocess_time: 0.03798
node: 46053
formulation: EFP