instance: r_30_0.3_131.txt
obj: 3.0
bound: 3.0
gap: 0.0
time: 413.1810419559479
preprocess_time: 0.02808
sepa_time: 0.0
node: 7712
formulation: EFP