instance: r_30_0.1_54.txt
obj: 97.0
bound: 96.00000000000001
gap: 0.010309278350515318
time: 1595.6944880485535
preprocess_time: 0.042189
sepa_time: 0.0
node: 1523706
formulation: LEFP