instance: r_30_0.4_188.txt
obj: 208.0
bound: 205.0
gap: 0.014423076923076924
time: 3599.953423023224
preprocess_time: 0.049242
sepa_time: 3.75e-322
node: 288577
formulation: LEVFP