instance: r_30_0.3_131.txt
obj: 0.0
bound: 0.0
gap: 0.0
time: 1.5917069911956787
preprocess_time: 0.071557
node: 0
algo: EVFP0