instance: r_30_0.1_54.txt
obj: 98.0
bound: 90.0
gap: 0.08163265306122448
time: 7199.965968132019
preprocess_time: 0.035881
sepa_time: 0.0
node: 3018871
formulation: EFP