instance: r_30_0.4_188.txt
obj: 2.0
bound: 2.0
gap: 0.0
time: 88.21163582801819
preprocess_time: 0.040144
sepa_time: 0.0
node: 14
formulation: EFP