instance: r_30_0.1_54.txt
obj: 5.0
bound: 3.9999999999999494
gap: 0.19999999999601012
time: 53.203624963760376
preprocess_time: 0.038543
node: 4499
algo: F