instance: r_30_0.4_188.txt
obj: 2.0
bound: 1.0
gap: 0.499999999975
time: 76.56489586830139
preprocess_time: 0.042386
node: 460
algo: ESF