instance: r_30_0.2_75.txt
obj: 99.0
bound: 96.0
gap: 0.030303030303030304
time: 3599.94566988945
preprocess_time: 0.055744
sepa_time: 0.0
node: 351627
formulation: LEFPD