instance: r_30_0.2_75.txt
obj: 17.0
bound: 14.0
gap: 0.17647058823529413
time: 3599.948954820633
preprocess_time: 0.052709
node: 303026
formulation: LEFPV