instance: r_30_0.4_188.txt
obj: 7.0
bound: 0.9999999999999998
gap: 0.8571428571306122
time: 1645.1549179553986
preprocess_time: 159.773566
node: 0
algo: EFPV