instance: r_30_0.4_188.txt
obj: 2.0
bound: 2.0
gap: 0.0
time: 156.57615494728088
preprocess_time: 1.361885
sepa_time: 0.0
node: 589
formulation: LEFPAD