instance: r_30_0.1_54.txt
obj: 16.0
bound: 13.032151146658684
gap: 0.18549055333267295
time: 1861.7330751419067
preprocess_time: 11.146864
node: 36229
algo: EFPV2