instance: r_30_0.3_131.txt
obj: 3.0
bound: 3.0
gap: 0.0
time: 307.5596899986267
preprocess_time: 1.284385
sepa_time: 0.0
node: 5295
formulation: LEFPV