instance: r_30_0.4_188.txt
obj: 22.0
bound: 7.139009607936477
gap: 0.6754995632725443
time: 1800.8487141132355
preprocess_time: 0.068666
node: 772
algo: EVFPL