instance: r_30_0.3_131.txt
obj: 27.0
bound: 6.500836105752197
gap: 0.7592282923767364
time: 1908.112960100174
preprocess_time: 6.501743
node: 480
algo: EFPV