instance: r_30_0.3_131.txt
obj: 19.0
bound: 11.498614644878918
gap: 0.3948097555306106
time: 3604.1320548057556
preprocess_time: 0.068321
node: 21048
formulation: LEFPD