instance: r_30_0.2_75.txt
obj: 126.0
bound: 125.00000000000013
gap: 0.007936507936506921
time: 7199.041851043701
preprocess_time: 0.958868
sepa_time: 0.0
node: 2020996
formulation: LEFP