instance: r_30_0.1_54.txt
obj: 15.999999949059923
bound: 13.32259852505473
gap: 0.1673375895320406
time: 1802.5111129283905
preprocess_time: 0.047653
node: 104765
algo: EVFP