instance: r_30_0.3_131.txt
obj: 3.0
bound: 1.999999999999951
gap: 0.3333333333222386
time: 1144.7992007732391
preprocess_time: 0.043713
node: 8374
formulation: EFP