instance: r_30_0.4_188.txt
org_node: 30
org_edge: 188
org_min_len: 0.252660413271443
org_avg_len: 0.6065756063872673
org_max_len: 0.9917999550727499
dtf_node: 30
dtf_edge: 188
dtf_min_len: 0.252660413271443
dtf_avg_len: 0.6065756063872673
dtf_max_len: 0.9917999550727499
sdb_node: 30
sdb_edge: 188
sdb_min_len: 0.252660413271443
sdb_avg_len: 0.6065756063872673
sdb_max_len: 0.9917999550727499
dlt: 1.2131512127745345
formulation: None