instance: r_30_0.2_75.txt
obj: 17.0
bound: 12.999999999999995
gap: 0.23529411764567507
time: 3607.447462797165
preprocess_time: 0.060718
node: 105862
formulation: LEFPD