instance: r_30_0.3_131.txt
obj: 16.0
bound: 12.0
gap: 0.25
time: 3599.941384077072
preprocess_time: 0.06632
node: 55075
formulation: LEFP