instance: r_40_0.4_297.txt
obj: 2.0
bound: 2.0
gap: 0.0
time: 28.99184513092041
preprocess_time: 1.055994
sepa_time: 1.3839746570433717e13
node: 1
formulation: LEFPAV