instance: r_40_0.2_148.txt
obj: 4.0
bound: 1.4999999999999996
gap: 0.6249999999843752
time: 1800.6867258548737
preprocess_time: 0.025068
node: 8026
algo: SF