instance: r_40_0.1_84.txt
obj: 21.0
bound: 16.46545379667755
gap: 0.21593077158575508
time: 1801.217082977295
preprocess_time: 0.084604
node: 51582
algo: EFPLg