instance: r_40_0.3_219.txt
obj: 36.00000028972332
bound: 13.039517830737703
gap: 0.637791174281635
time: 1777.1797161102295
preprocess_time: 30.030997
node: 0
algo: EFPV