instance: r_40_0.1_84.txt
obj: 21.0
bound: 15.892487510629637
gap: 0.2432148804450496
time: 1801.1051850318909
preprocess_time: 0.050923
node: 14837
algo: EFPD