instance: r_40_0.2_148.txt
obj: 33.0
bound: 13.480516265022763
gap: 0.5914995071187298
time: 1800.549064874649
preprocess_time: 0.093424
node: 808
algo: EFPD