instance: r_40_0.1_84.txt
obj: 0.0
bound: 0.0
gap: 0.0
time: 0.2910928726196289
preprocess_time: 0.068698
node: 0
algo: EVFP0