instance: r_40_0.4_297.txt
obj: 34.00000033953935
bound: 7.236833638867507
gap: 0.7871519539212959
time: 1800.3110370635986
preprocess_time: 0.080833
node: 622
algo: EFPLg