instance: r_40_0.1_84.txt
obj: 21.0
bound: 16.97133484302155
gap: 0.19184119795044133
time: 1812.3621649742126
preprocess_time: 0.774652
node: 69653
algo: EFPV