instance: r_40_0.2_148.txt
obj: 244.0
bound: 239.0
gap: 0.020491803278688523
time: 7199.018246173859
preprocess_time: 0.982984
sepa_time: 0.0
node: 369201
formulation: LEFPAD