instance: r_40_0.3_219.txt
obj: 353.0
bound: 328.0
gap: 0.0708215297450425
time: 3599.5115649700165
preprocess_time: 0.503668
sepa_time: 0.0
node: 334176
formulation: EFP