instance: r_40_0.4_297.txt
obj: 2.0
bound: 1.0000000000000007
gap: 0.49999999997499966
time: 810.3390650749207
preprocess_time: 0.033855
node: 707
algo: ERF