instance: r_40_0.3_219.txt
obj: 2.0
bound: 2.0
gap: 0.0
time: 129.8980631828308
preprocess_time: 1.762761
sepa_time: 0.0
node: 126
formulation: LEFPAD