instance: r_40_0.3_219.txt
obj: 2.0
bound: 2.0
gap: 0.0
time: 17.867361068725586
preprocess_time: 1.313421
sepa_time: 0.0
node: 1
formulation: LEFPAI