instance: r_40_0.4_297.txt
org_node: 40
org_edge: 297
org_min_len: 0.25323666043392273
org_avg_len: 0.6292825978513679
org_max_len: 0.9985183215968443
dtf_node: 40
dtf_edge: 297
dtf_min_len: 0.25323666043392273
dtf_avg_len: 0.6292825978513679
dtf_max_len: 0.9985183215968443
sdb_node: 40
sdb_edge: 297
sdb_min_len: 0.25323666043392273
sdb_avg_len: 0.6292825978513679
sdb_max_len: 0.9985183215968443
dlt: 1.2585651957027357
formulation: None