instance: r_40_0.2_148.txt
obj: 28.99999956508509
bound: 11.040540751032788
gap: 0.6192916925286057
time: 1800.66614985466
preprocess_time: 0.134269
node: 6718
formulation: LEVFP