instance: r_40_0.4_297.txt
obj: 4.0
bound: 0.9999999999999999
gap: 0.74999999998125
time: 1800.3863379955292
preprocess_time: 0.057107
node: 770
algo: RF