instance: r_40_0.3_219.txt
obj: 2.0
bound: 1.0
gap: 0.499999999975
time: 823.0626978874207
preprocess_time: 0.014999
node: 2697
algo: F0