instance: r_40_0.3_219.txt
obj: 349.0
bound: 344.0
gap: 0.014326647564469915
time: 7199.96329498291
preprocess_time: 0.039247
sepa_time: 6.9108539237056e-310
node: 512934
formulation: LEVFP