instance: r_40_0.1_84.txt
obj: 6.0
bound: 6.0
gap: 0.0
time: 168.8801679611206
preprocess_time: 1.344291
sepa_time: 0.0
node: 8761
formulation: LEFPA