instance: r_40_0.2_148.txt
obj: 4.0
bound: 1.9999999999999982
gap: 0.49999999998750044
time: 3603.802633047104
preprocess_time: 0.049074
node: 27602
formulation: LEFP