instance: r_40_0.4_297.txt
obj: 467.0
bound: 461.0
gap: 0.01284796573875803
time: 3598.7112629413605
preprocess_time: 1.289418
sepa_time: 0.0
node: 1654090
formulation: LEFPI