instance: r_40_0.3_219.txt
obj: 0.0
bound: 0.0
gap: 0.0
time: 228.0348448753357
preprocess_time: 0.13119
node: 480
algo: EVFPV