instance: r_40_0.4_297.txt
obj: 26.0
bound: 14.0
gap: 0.46153846153846156
time: 3599.917815923691
preprocess_time: 0.110128
sepa_time: 0.0
node: 4195
formulation: LEFPV2