instance: r_40_0.2_148.txt
obj: 27.0
bound: 10.966547286011071
gap: 0.5938315819973906
time: 1800.5767440795898
preprocess_time: 0.106024
node: 4520
algo: EVFPL