instance: r_40_0.1_84.txt
org_node: 40
org_edge: 84
org_min_len: 0.2512812453807103
org_avg_len: 0.6068924513786582
org_max_len: 0.9739273588152333
dtf_node: 40
dtf_edge: 84
dtf_min_len: 0.09955828425915858
dtf_avg_len: 0.6068924513786582
dtf_max_len: 1.7728588366852929
sdb_node: 335
sdb_edge: 379
sdb_min_len: 0.1025643143436235
sdb_avg_len: 0.13450914489658908
sdb_max_len: 0.151402109708415
dlt: 0.15172311284466455
formulation: None