instance: r_40_0.1_84.txt
obj: 6.0
bound: 6.0
gap: 0.0
time: 106.03670287132263
preprocess_time: 0.032891
sepa_time: 0.0
node: 5846
formulation: EFP