instance: r_40_0.1_84.txt
obj: 151.0
bound: 151.0
gap: 0.0
time: 203.61436486244202
preprocess_time: 1.360403
sepa_time: 0.0
node: 34259
formulation: LEFPD