instance: r_40_0.4_297.txt
obj: 3.0
bound: 1.0
gap: 0.6666666666444444
time: 1800.2304141521454
preprocess_time: 0.036
node: 1222
algo: EVFPV