instance: r_40_0.2_148.txt
obj: 174.0
bound: 167.0
gap: 0.040229885057471264
time: 3599.9075651168823
preprocess_time: 0.102102
sepa_time: 0.0
node: 61933
formulation: EVFP