instance: r_40_0.1_84.txt
obj: 6.0
bound: 5.000000000000001
gap: 0.16666666666388874
time: 68.73350501060486
preprocess_time: 0.033377
node: 2025
algo: EFP