instance: r_40_0.1_84.txt
obj: 21.0
bound: 16.44587628789483
gap: 0.21686303390873735
time: 1801.8319199085236
preprocess_time: 0.081962
node: 35986
algo: EFP0