instance: r_40_0.4_297.txt
obj: 323.0
bound: 297.0
gap: 0.0804953560371517
time: 3599.794464111328
preprocess_time: 0.22112
sepa_time: 0.0
node: 172485
formulation: EFP