instance: r_40_0.1_84.txt
obj: 146.0
bound: 145.00000000000003
gap: 0.006849315068492956
time: 38.92741894721985
preprocess_time: 1.294422
sepa_time: 0.0
node: 15105
formulation: LEFPI