instance: r_40_0.4_297.txt
obj: 2.0
bound: 2.0
gap: 0.0
time: 84.82399296760559
preprocess_time: 1.256115
sepa_time: 1.3844542820598383e13
node: 1
formulation: LEFPV2