instance: r_40_0.3_219.txt
obj: 197.0
bound: 197.0
gap: 0.0
time: 0.04843401908874512
preprocess_time: 1.423403
sepa_time: 0.0
node: 1
formulation: LEFPAD