instance: r_40_0.3_219.txt
obj: 349.0
bound: 344.0
gap: 0.014326647564469915
time: 3598.729971885681
preprocess_time: 1.2726
sepa_time: 0.0
node: 349912
formulation: LEFPV