instance: r_40_0.1_84.txt
obj: 6.0
bound: 5.000000000000001
gap: 0.16666666666666652
time: 87.7477798461914
preprocess_time: 0.040341
node: 3616
formulation: LEFPV