instance: r_40_0.3_219.txt
obj: 250.0
bound: 243.0
gap: 0.028
time: 3599.9469640254974
preprocess_time: 0.055337
sepa_time: 0.0
node: 453984
formulation: LEFPV