instance: r_40_0.4_297.txt
obj: 468.0
bound: 464.0
gap: 0.008547008547008548
time: 7199.962415933609
preprocess_time: 0.040683
sepa_time: 1.06099789612e-313
node: 406774
formulation: LEVFP