instance: r_40_0.3_219.txt
obj: 2.0
bound: 1.0000000000000002
gap: 0.4999999999749999
time: 318.40504789352417
preprocess_time: 0.10002
node: 0
formulation: EFPD