instance: r_40_0.2_148.txt
obj: 2.9999991509891504
bound: 2.9999991509891504
gap: 0.0
time: 793.0243890285492
preprocess_time: 1.754937
sepa_time: 1.384406525453892e13
node: 6891
formulation: LEFPAV