instance: r_40_0.4_297.txt
obj: 26.0
bound: 15.0
gap: 0.4230769230769231
time: 3599.919906139374
preprocess_time: 0.085138
node: 2788
formulation: LEFPD