instance: r_40_0.1_84.txt
obj: 22.0
bound: 17.35795183792386
gap: 0.21100218918432
time: 3609.163118839264
preprocess_time: 0.05685
node: 320261
formulation: LEFPI