instance: r_40_0.1_84.txt
obj: 146.0
bound: 145.00000000000003
gap: 0.006849315068492956
time: 72.79843616485596
preprocess_time: 0.051408
sepa_time: 0.0
node: 23945
formulation: LEFPI