instance: r_40_0.3_219.txt
obj: 2.0
bound: 2.0
gap: 0.0
time: 139.10485410690308
preprocess_time: 1.770425
sepa_time: 0.0
node: 126
formulation: LEFPAD