instance: r_40_0.4_297.txt
obj: 2.0
bound: 2.0
gap: 0.0
time: 35.27121591567993
preprocess_time: 0.061993
node: 1
formulation: LEFP