instance: r_40_0.4_297.txt
obj: 278.0
bound: 278.0
gap: 0.0
time: 0.04401111602783203
preprocess_time: 1.043386
sepa_time: 0.0
node: 1
formulation: LEFPAD