instance: r_40_0.2_148.txt
obj: 244.0
bound: 240.0
gap: 0.01639344262295082
time: 7198.689384937286
preprocess_time: 1.312147
sepa_time: 0.0
node: 1523282
formulation: LEFP