instance: r_40_0.1_84.txt
obj: 146.0
bound: 146.0
gap: 0.0
time: 542.5267200469971
preprocess_time: 1.105758
sepa_time: 0.0
node: 125743
formulation: LEFPAD