instance: r_40_0.2_148.txt
obj: 30.0
bound: 9.963845053842995
gap: 0.6678718315363407
time: 1800.5913350582123
preprocess_time: 0.054081
node: 4049
algo: SF