instance: r_40_0.2_148.txt
obj: 3.0
bound: 3.0
gap: 0.0
time: 1532.2110199928284
preprocess_time: 1.21295
sepa_time: 0.0
node: 13772
formulation: LEFP