instance: r_40_0.3_219.txt
obj: 2.0
bound: 2.0
gap: 0.0
time: 76.6808819770813
preprocess_time: 1.305436
sepa_time: 1.3843681795605143e13
node: 1
formulation: LEFPV2