instance: r_40_0.1_84.txt
obj: 6.0
bound: 5.0
gap: 0.16666666666388888
time: 186.4602370262146
preprocess_time: 0.031753
node: 1750
algo: EDF