instance: r_40_0.4_297.txt
obj: 2.0
bound: 2.0
gap: 0.0
time: 73.64693093299866
preprocess_time: 1.057971
sepa_time: 0.0
node: 1
formulation: LEFPAI