instance: r_40_0.2_148.txt
obj: 3.0
bound: 3.0
gap: 0.0
time: 2895.078516960144
preprocess_time: 0.045938
sepa_time: 3.5e-323
node: 10805
formulation: EVFP