instance: r_40_0.2_148.txt
obj: 0.0
bound: 0.0
gap: 0.0
time: 6.43232798576355
preprocess_time: 0.038668
node: 0
algo: EVFPV