instance: r_40_0.3_219.txt
obj: 2.0
bound: 2.0
gap: 0.0
time: 77.73860096931458
preprocess_time: 1.271008
sepa_time: 0.0
node: 1
formulation: LEFP