instance: r_40_0.3_219.txt
obj: 33.0
bound: 7.030210105109555
gap: 0.7869633301458105
time: 3632.3908789157867
preprocess_time: 0.087159
node: 6920
formulation: EFP