instance: r_40_0.1_84.txt
obj: 6.0
bound: 6.0
gap: 0.0
time: 61.84211015701294
preprocess_time: 1.033337
sepa_time: 0.0
node: 3172
formulation: LEFP