instance: r_40_0.1_84.txt
obj: 21.0
bound: 19.0
gap: 0.09523809523809523
time: 3599.94069314003
preprocess_time: 0.061724
node: 320771
formulation: LEFP