instance: r_40_0.3_219.txt
obj: 250.0
bound: 243.0
gap: 0.028
time: 3599.937982082367
preprocess_time: 0.063924
sepa_time: 0.0
node: 573175
formulation: LEFPI