instance: r_40_0.3_219.txt
obj: 2.0
bound: 1.0000000000000004
gap: 0.4999999999749998
time: 1070.2849900722504
preprocess_time: 0.067815
node: 849
formulation: EFP