instance: r_40_0.2_148.txt
obj: 4.0
bound: 1.9999999999999991
gap: 0.4999999999875002
time: 1800.9224879741669
preprocess_time: 0.027567
node: 10510
algo: EFP