instance: r_40_0.1_84.txt
obj: 107.0
bound: 103.0
gap: 0.037383177570093455
time: 3599.941707134247
preprocess_time: 0.05961
sepa_time: 0.0
node: 1347134
formulation: LEFPV