instance: r_40_0.2_148.txt
obj: 26.0
bound: 14.651462395543179
gap: 0.43648221555435285
time: 1796.4792289733887
preprocess_time: 4.278008
node: 5750
formulation: EFPV