instance: r_40_0.1_84.txt
obj: 6.0
bound: 4.999999999999918
gap: 0.1666666666639025
time: 902.7746589183807
preprocess_time: 0.031651
node: 35981
formulation: EFP