instance: r_40_0.1_84.txt
obj: 23.0
bound: 15.826863584687812
gap: 0.31187549631656525
time: 1831.989972114563
preprocess_time: 37.477415
node: 9764
algo: EFPV2