instance: r_40_0.4_297.txt
obj: 2.0
bound: 2.0
gap: 0.0
time: 24.344573974609375
preprocess_time: 1.324831
sepa_time: 0.0
node: 1
formulation: LEFPA