instance: r_40_0.1_84.txt
obj: 22.0
bound: 16.426973189401206
gap: 0.2533194004806119
time: 1801.927990913391
preprocess_time: 0.049612
node: 58078
algo: ERF