instance: r_40_0.2_148.txt
obj: 4.0
bound: 2.0
gap: 0.4999999999875
time: 1801.6424090862274
preprocess_time: 0.095903
node: 9890
formulation: EFPI