instance: r_40_0.3_219.txt
obj: 2.0
bound: 1.0
gap: 0.499999999975
time: 724.6426029205322
preprocess_time: 0.050985
node: 560
algo: SF