instance: r_40_0.2_148.txt
obj: 4.0
bound: 2.0
gap: 0.4999999999875
time: 1801.5594520568848
preprocess_time: 0.040443
node: 10565
algo: EFPLg