instance: r_40_0.1_84.txt
obj: 21.0
bound: 16.963449181942245
gap: 0.19221670562088256
time: 3611.562674999237
preprocess_time: 0.155661
node: 234648
formulation: EFP