instance: r_40_0.2_148.txt
obj: 244.0
bound: 240.0
gap: 0.01639344262295082
time: 7199.962789058685
preprocess_time: 0.038843
sepa_time: 6.94521580554966e-310
node: 932973
formulation: LEVFP