instance: r_40_0.2_148.txt
obj: 22.0
bound: 16.0
gap: 0.2727272727272727
time: 3599.938838005066
preprocess_time: 0.06914
node: 52766
formulation: LEFPV