instance: r_40_0.4_297.txt
obj: 61.0
bound: 4.878330201887139
gap: 0.9200273737380469
time: 3602.634413957596
preprocess_time: 0.10594
node: 2403
formulation: EFP