instance: r_40_0.1_84.txt
obj: 6.0
bound: 5.000000000000001
gap: 0.16666666666666652
time: 71.4865369796753
preprocess_time: 0.041186
sepa_time: 0.0
node: 2701
formulation: LEFPV