instance: r_40_0.2_148.txt
obj: 3.0
bound: 3.0
gap: 0.0
time: 2511.303323030472
preprocess_time: 0.034582
sepa_time: 6.90600690106563e-310
node: 10805
formulation: EVFP