instance: r_40_0.2_148.txt
obj: 3.0
bound: 3.0
gap: 0.0
time: 869.071704864502
preprocess_time: 0.972614
sepa_time: 0.0
node: 10188
formulation: LEFPA