instance: r_40_0.4_297.txt
obj: 31.0
bound: 7.4560050750216895
gap: 0.759483707254915
time: 1800.2498409748077
preprocess_time: 0.177606
node: 420
algo: RF