instance: r_40_0.2_148.txt
obj: 4.0
bound: 2.0000000000000044
gap: 0.4999999999874989
time: 1800.5893230438232
preprocess_time: 0.040279
node: 5576
algo: EVFPL