instance: r_40_0.1_84.txt
obj: 6.0
bound: 4.999999999999999
gap: 0.16666666666388905
time: 211.60290598869324
preprocess_time: 0.044684
node: 4465
formulation: LEVFP