instance: r_40_0.4_297.txt
obj: 468.0
bound: 461.0
gap: 0.014957264957264958
time: 7198.655459165573
preprocess_time: 1.346321
sepa_time: 5.070747660497616e13
node: 3342987
formulation: LEFPAV