instance: r_40_0.4_297.txt
obj: 55.0
bound: 4.822890648779902
gap: 0.9123110791114338
time: 3603.107120037079
preprocess_time: 0.108436
node: 1578
formulation: LEFP