instance: r_40_0.4_297.txt
obj: 34.00000033953935
bound: 7.000000000000002
gap: 0.7941176491125219
time: 1800.5710639953613
preprocess_time: 0.096517
node: 529
formulation: EFPI