instance: r_40_0.2_148.txt
obj: 3.0
bound: 3.0
gap: 0.0
time: 1795.8304810523987
preprocess_time: 1.270174
sepa_time: 0.0
node: 15738
formulation: LEFP