instance: r_40_0.4_297.txt
obj: 2.0
bound: 2.0
gap: 0.0
time: 261.74263310432434
preprocess_time: 1.39604
sepa_time: 0.0
node: 461
formulation: LEFPD