instance: r_40_0.1_84.txt
obj: 21.0
bound: 17.174035185817083
gap: 0.18218880067450946
time: 1801.4012069702148
preprocess_time: 0.747453
node: 63682
formulation: EFPV