instance: r_40_0.2_148.txt
obj: 25.0
bound: 10.985428609380879
gap: 0.5605828556225225
time: 3602.2348108291626
preprocess_time: 0.0678
node: 16200
formulation: LEVFP