instance: r_40_0.2_148.txt
obj: 5.0
bound: 1.9999999999999925
gap: 0.5999999999880015
time: 1800.9440970420837
preprocess_time: 0.039026
node: 5065
algo: EVFP