instance: r_40_0.2_148.txt
obj: 4.0
bound: 1.9999999999999958
gap: 0.4999999999875011
time: 3603.4576301574707
preprocess_time: 0.046033
node: 20565
formulation: LEFPI