instance: r_40_0.4_297.txt
obj: 470.0
bound: 453.0
gap: 0.036170212765957444
time: 3599.6390659809113
preprocess_time: 0.378154
sepa_time: -1.0
node: 20756
formulation: EVFP