instance: r_40_0.4_297.txt
obj: 472.0
bound: 448.0
gap: 0.05084745762711865
time: 7199.591018915176
preprocess_time: 0.440242
sepa_time: 0.0
node: 554333
formulation: EFP