instance: r_40_0.1_84.txt
obj: 107.0
bound: 103.0
gap: 0.037383177570093455
time: 3599.940931081772
preprocess_time: 0.059634
sepa_time: 0.0
node: 1214061
formulation: LEFPI