instance: r_40_0.2_148.txt
obj: 244.0
bound: 240.0
gap: 0.01639344262295082
time: 7198.30700802803
preprocess_time: 1.694481
sepa_time: 1.891378533122406e14
node: 1676648
formulation: LEFPAV