instance: r_40_0.2_148.txt
obj: 4.0
bound: 2.000000000000009
gap: 0.4999999999874978
time: 1800.4179818630219
preprocess_time: 0.013598
node: 8553
algo: F0