instance: r_40_0.2_148.txt
obj: 26.0
bound: 10.653304480914034
gap: 0.5902575199625747
time: 1800.659304857254
preprocess_time: 0.056854
node: 4356
algo: EVFP0