instance: r_40_0.1_84.txt
obj: 6.0
bound: 6.0
gap: 0.0
time: 84.99162602424622
preprocess_time: 1.108315
sepa_time: 0.0
node: 4531
formulation: LEFPAD