instance: r_40_0.1_84.txt
obj: 148.0
bound: 142.0
gap: 0.04054054054054054
time: 3599.700054168701
preprocess_time: 0.305853
sepa_time: 0.0
node: 122215
formulation: EVFP