instance: r_40_0.4_297.txt
obj: 1.0
bound: 0.0
gap: 0.9999999999
time: 17.367239952087402
preprocess_time: 0.216111
node: 0
algo: EVFP