instance: r_40_0.2_148.txt
obj: 3.0
bound: 3.0
gap: 0.0
time: 2004.4142081737518
preprocess_time: 1.740819
sepa_time: 0.0
node: 14755
formulation: LEFPAI