instance: r_40_0.3_219.txt
obj: 33.00000039020865
bound: 13.140598290598312
gap: 0.6018000565067445
time: 1800.777762889862
preprocess_time: 0.112878
node: 380
algo: ESFV