instance: r_40_0.1_84.txt
obj: 146.0
bound: 146.0
gap: 0.0
time: 132.2070381641388
preprocess_time: 1.061866
sepa_time: 1.384861444953756e13
node: 67759
formulation: LEFPAV