instance: r_40_0.4_297.txt
obj: 0.0
bound: 0.0
gap: 0.0
time: 8.079922914505005
preprocess_time: 0.179812
node: 0
algo: EVFP0