instance: r_40_0.1_84.txt
obj: 6.0
bound: 5.000000000000077
gap: 0.166666666663876
time: 499.87926292419434
preprocess_time: 1370.807103
node: 470
algo: EFPV2