instance: r_40_0.2_148.txt
obj: 5.0
bound: 1.3947982913049106
gap: 0.7210403417245971
time: 1800.1715049743652
preprocess_time: 0.02348
node: 986
algo: EDF