instance: r_40_0.1_84.txt
obj: 146.0
bound: 145.00000000000003
gap: 0.006849315068492956
time: 794.4185390472412
preprocess_time: 0.055288
sepa_time: 0.0
node: 290333
formulation: LEFPV2