instance: r_40_0.3_219.txt
obj: 349.0
bound: 337.0
gap: 0.034383954154727794
time: 7199.7006850242615
preprocess_time: 0.317628
sepa_time: 3.49e-321
node: 64499
formulation: EVFP