instance: r_40_0.1_84.txt
obj: 6.0
bound: 5.000000000000001
gap: 0.16666666666666652
time: 13.350371837615967
preprocess_time: 0.030505
sepa_time: 6.93613994639304e-310
node: 647
formulation: LEVFP