instance: r_40_0.2_148.txt
obj: 3.0
bound: 3.0
gap: 0.0
time: 484.10645604133606
preprocess_time: 1.344311
sepa_time: 0.0
node: 3463
formulation: LEFPD