instance: r_40_0.3_219.txt
obj: 26.0
bound: 14.0
gap: 0.46153846153846156
time: 3599.934727907181
preprocess_time: 0.0686
node: 4545
formulation: LEVFP