instance: r_40_0.2_148.txt
obj: 3.0
bound: 3.0
gap: 0.0
time: 378.6871089935303
preprocess_time: 1.340911
sepa_time: 0.0
node: 2959
formulation: LEFPAD