instance: r_40_0.3_219.txt
obj: 2.0
bound: 1.0000000000000002
gap: 0.4999999999999999
time: 25.772708892822266
preprocess_time: 0.044056
sepa_time: 1.0e-323
node: 1
formulation: LEVFP