instance: r_40_0.1_84.txt
obj: 6.0
bound: 5.000000000000001
gap: 0.16666666666666652
time: 104.27900004386902
preprocess_time: 0.041021
node: 4460
formulation: LEFPD