instance: r_40_0.4_297.txt
obj: 45.0000007245153
bound: 10.683415529286686
gap: 0.7625907698365262
time: 1800.3412809371948
preprocess_time: 0.08226
node: 25
algo: EFPD