instance: r_40_0.2_148.txt
obj: 174.0
bound: 168.0
gap: 0.034482758620689655
time: 3599.9553439617157
preprocess_time: 0.047109
sepa_time: 5.0e-324
node: 300484
formulation: LEVFP