instance: r_40_0.4_297.txt
obj: 3.0
bound: 1.0000000000000018
gap: 0.6666666666444439
time: 1800.6162869930267
preprocess_time: 0.071703
node: 625
formulation: EFPI