instance: r_40_0.4_297.txt
org_node: 40
org_edge: 297
org_min_len: 0.25323666043392273
org_avg_len: 0.6292825978513679
org_max_len: 0.9985183215968443
dtf_node: 59
dtf_edge: 316
dtf_min_len: 0.09591616829173025
dtf_avg_len: 0.5914459859552413
dtf_max_len: 0.9985183215968443
sdb_node: 1086
sdb_edge: 1343
sdb_min_len: 0.10527572883082136
sdb_avg_len: 0.13916376140123315
sdb_max_len: 0.15722726778510474
dlt: 0.15732064946284197
formulation: None