instance: r_40_0.4_297.txt
obj: 2.0
bound: 2.0
gap: 0.0
time: 434.9890239238739
preprocess_time: 1.320473
sepa_time: 0.0
node: 583
formulation: LEFPA