instance: r_40_0.2_148.txt
obj: 28.0
bound: 10.825731948839753
gap: 0.6133667161106754
time: 1800.6445789337158
preprocess_time: 0.088621
node: 6129
algo: EVFP