instance: r_40_0.4_297.txt
obj: 2.0
bound: 1.0000000000000002
gap: 0.4999999999999999
time: 64.44012999534607
preprocess_time: 0.061222
node: 1
formulation: LEFPI