instance: r_40_0.2_148.txt
org_node: 40
org_edge: 148
org_min_len: 0.251589958237037
org_avg_len: 0.6135317218527531
org_max_len: 0.9866416686465209
dtf_node: 73
dtf_edge: 181
dtf_min_len: 0.049124692491096716
dtf_avg_len: 0.5016723471503177
dtf_max_len: 0.9866416686465209
sdb_node: 414
sdb_edge: 522
sdb_min_len: 0.1257949791185185
sdb_avg_len: 0.1739515226708954
sdb_max_len: 0.2023990027395603
dlt: 0.2024654682114085
formulation: None