instance: r_40_0.2_148.txt
org_node: 40
org_edge: 148
org_min_len: 0.251589958237037
org_avg_len: 0.6135317218527531
org_max_len: 0.9866416686465209
dtf_node: 112
dtf_edge: 220
dtf_min_len: 0.0016727158308955659
dtf_avg_len: 0.4127395219736701
dtf_max_len: 0.6135311083210312
sdb_node: 112
sdb_edge: 220
sdb_min_len: 0.0016727158308955659
sdb_avg_len: 0.4127395219736701
sdb_max_len: 0.6135311083210312
dlt: 0.6135317218527531
algo: None