instance: r_40_0.4_297.txt
obj: 2.0
bound: 2.0
gap: 0.0
time: 177.99402618408203
preprocess_time: 1.304786
sepa_time: 0.0
node: 365
formulation: LEFPAD