instance: r_40_0.1_84.txt
obj: 21.0
bound: 16.182885256045044
gap: 0.22938641637771515
time: 1801.284560918808
preprocess_time: 0.097291
node: 31551
algo: RF