instance: r_40_0.4_297.txt
obj: 35.0
bound: 7.204763230768442
gap: 0.7941496219757754
time: 1800.6508479118347
preprocess_time: 0.09897
node: 822
formulation: EFP