instance: r_40_0.3_219.txt
obj: 35.0
bound: 13.672708271673875
gap: 0.6093511922361482
time: 3602.6107449531555
preprocess_time: 0.086785
node: 23753
formulation: LEFPDB