instance: r_40_0.2_148.txt
obj: 244.0
bound: 239.0
gap: 0.020491803278688523
time: 3599.955044031143
preprocess_time: 0.047912
sepa_time: 0.0
node: 584493
formulation: LEFPV2