instance: r_40_0.1_84.txt
obj: 6.0
bound: 5.0
gap: 0.16666666666388888
time: 180.0702199935913
preprocess_time: 0.022921
node: 1750
algo: EFPD