instance: r_40_0.1_84.txt
obj: 0.0
bound: 0.0
gap: 0.0
time: 1.4557578563690186
preprocess_time: 0.036148
node: 0
algo: EVFPV