instance: r_40_0.4_297.txt
obj: 469.0
bound: 453.0
gap: 0.03411513859275053
time: 7199.31152510643
preprocess_time: 0.733689
sepa_time: 2.121995791e-314
node: 69480
formulation: EVFP