instance: r_40_0.3_219.txt
obj: 23.99999999800517
bound: 14.0
gap: 0.4166666666181812
time: 3599.9293570518494
preprocess_time: 0.077308
node: 10266
formulation: LEFPV