instance: r_40_0.4_297.txt
obj: 2.0
bound: 2.0
gap: 0.0
time: 288.79764318466187
preprocess_time: 1.39711
sepa_time: 0.0
node: 125
formulation: LEFPAD