instance: r_40_0.1_84.txt
obj: 6.0
bound: 5.000000000000003
gap: 0.16666666666388844
time: 544.7158570289612
preprocess_time: 0.029912
node: 10487
algo: SF