instance: r_40_0.3_219.txt
obj: 197.0
bound: 197.0
gap: 0.0
time: 0.07029485702514648
preprocess_time: 1.73894
sepa_time: 0.0
node: 1
formulation: LEFPAD