instance: r_40_0.4_297.txt
obj: 2.0
bound: 2.0
gap: 0.0
time: 243.64223194122314
preprocess_time: 1.248818
sepa_time: 0.0
node: 461
formulation: LEFPD