instance: r_40_0.4_297.txt
obj: 84.0
bound: 13.583333333333167
gap: 0.8382936507926547
time: 1715.883859872818
preprocess_time: 85.94552
node: 0
algo: EFPV