instance: r_40_0.3_219.txt
obj: 31.99999996726237
bound: 9.269897634983312
gap: 0.71031569860819
time: 1800.627692937851
preprocess_time: 0.06314
node: 778
algo: EFP0