instance: r_40_0.1_84.txt
obj: 6.0
bound: 4.999999999999989
gap: 0.16666666666389066
time: 140.7585949897766
preprocess_time: 0.033176
node: 3618
algo: ESF