instance: r_40_0.2_148.txt
obj: 22.0
bound: 18.0
gap: 0.18181818181818182
time: 3599.938446044922
preprocess_time: 0.066674
sepa_time: 0.0
node: 45533
formulation: EVFP