instance: r_40_0.3_219.txt
obj: 2.0
bound: 2.0
gap: 0.0
time: 31.14056897163391
preprocess_time: 0.04655
sepa_time: 0.0
node: 1
formulation: LEVFP