instance: r_40_0.2_148.txt
obj: 6.0
bound: 2.1504813137032848
gap: 0.641586447705426
time: 3604.7186510562897
preprocess_time: 0.047045
node: 25094
formulation: LEFPDB