instance: r_40_0.2_148.txt
obj: 3.0
bound: 3.0
gap: 0.0
time: 1784.7598531246185
preprocess_time: 0.038333
sepa_time: 0.0
node: 15738
formulation: EFP