instance: r_40_0.4_297.txt
obj: 84.0
bound: 13.583333333333167
gap: 0.8382936507926547
time: 1692.3421430587769
preprocess_time: 109.290073
node: 0
formulation: EFPV