instance: r_40_0.1_84.txt
obj: 82.0
bound: 1.0
gap: 0.9878048780487805
time: 7200.1970410346985
preprocess_time: 0.013023
sepa_time: 0.0
node: 1
formulation: EF