instance: r_40_0.4_297.txt
obj: 2.0
bound: 2.0
gap: 0.0
time: 267.78148794174194
preprocess_time: 1.293753
sepa_time: 0.0
node: 125
formulation: LEFPAD