instance: r_40_0.3_219.txt
obj: 29.0
bound: 7.962393375992303
gap: 0.7254347111701778
time: 1802.8709919452667
preprocess_time: 0.101842
node: 1392
algo: SF