instance: r_40_0.2_148.txt
obj: 3.0
bound: 3.0
gap: 0.0
time: 1536.7878079414368
preprocess_time: 0.043225
sepa_time: 0.0
node: 13772
formulation: EFP