instance: r_40_0.4_297.txt
org_node: 40
org_edge: 297
org_min_len: 0.25323666043392273
org_avg_len: 0.6292825978513679
org_max_len: 0.9985183215968443
dtf_node: 111
dtf_edge: 368
dtf_min_len: 0.045573610806228626
dtf_avg_len: 0.5078720966354789
dtf_max_len: 0.9985183215968443
sdb_node: 784
sdb_edge: 1041
sdb_min_len: 0.12661833021696137
sdb_avg_len: 0.17953595731206182
sdb_max_len: 0.20756480496805138
dlt: 0.2076632572909514
formulation: None