instance: r_40_0.1_84.txt
obj: 27.0
bound: 27.0
gap: 0.0
time: 0.10971498489379883
preprocess_time: 0.108885
node: 0
algo: SFD