instance: r_40_0.2_148.txt
obj: 3.0
bound: 3.0
gap: 0.0
time: 5034.1320950984955
preprocess_time: 0.034899
sepa_time: 1.0e-323
node: 30298
formulation: LEVFP