instance: r_40_0.2_148.txt
obj: 9.0
bound: 1.0000000000000004
gap: 0.8888888888790123
time: 1938.2038099765778
preprocess_time: 39.976564
node: 77
algo: EFPV