instance: r_40_0.2_148.txt
obj: 4.0
bound: 1.9999999999999993
gap: 0.4999999999875002
time: 1802.5482459068298
preprocess_time: 0.025083
node: 5895
algo: ESF