instance: r_40_0.4_297.txt
obj: 468.0
bound: 461.0
gap: 0.014957264957264958
time: 7198.94305896759
preprocess_time: 1.058667
sepa_time: 8.292996709533089e13
node: 4136005
formulation: LEFPAV