instance: r_40_0.1_84.txt
obj: 6.0
bound: 6.0
gap: 0.0
time: 57.3225998878479
preprocess_time: 1.333881
sepa_time: 0.0
node: 2838
formulation: LEFPD