instance: r_40_0.3_219.txt
obj: 349.0
bound: 342.0
gap: 0.02005730659025788
time: 3599.950418949127
preprocess_time: 0.052082
sepa_time: 0.0
node: 280317
formulation: LEFPV2