instance: r_40_0.4_297.txt
obj: 69.0
bound: 6.773684203284403
gap: 0.9018306637192088
time: 1800.1441540718079
preprocess_time: 0.137499
node: 406
algo: EVFPV