instance: r_40_0.3_219.txt
obj: 33.0
bound: 8.747594281158168
gap: 0.7349213854172224
time: 1800.4643731117249
preprocess_time: 0.11623
node: 914
algo: EVFP