instance: r_40_0.1_84.txt
obj: 6.0
bound: 5.0
gap: 0.16666666666388888
time: 104.65602612495422
preprocess_time: 0.013906
node: 6759
algo: F0