instance: r_40_0.3_219.txt
obj: 5.0
bound: 0.999999999999999
gap: 0.7999999999840002
time: 1800.614140033722
preprocess_time: 0.070975
node: 1789
formulation: LEVFP