instance: r_40_0.4_297.txt
obj: 2.0
bound: 2.0
gap: 0.0
time: 181.70127487182617
preprocess_time: 1.389788
sepa_time: 0.0
node: 365
formulation: LEFPAD