instance: r_40_0.4_297.txt
obj: 3.0
bound: 1.0000021420674279
gap: 0.6666659526219685
time: 3607.9750020504
preprocess_time: 0.059831
node: 22723
formulation: LEFPDB