instance: r_40_0.4_297.txt
obj: 27.0
bound: 13.0
gap: 0.5185185185185185
time: 3599.8949160575867
preprocess_time: 0.112891
node: 2960
formulation: LEFPI