instance: r_40_0.2_148.txt
obj: 138.0
bound: 138.0
gap: 0.0
time: 0.004974842071533203
preprocess_time: 1.34999
sepa_time: 0.0
node: 0
formulation: LEFPA