instance: r_40_0.3_219.txt
obj: 349.0
bound: 344.0
gap: 0.014326647564469915
time: 7198.7317979335785
preprocess_time: 1.270685
sepa_time: 0.0
node: 524515
formulation: LEFP