instance: r_40_0.2_148.txt
obj: 23.0
bound: 17.0
gap: 0.2608695652173913
time: 3599.9352850914
preprocess_time: 0.067739
node: 11922
formulation: LEFPD