instance: r_40_0.3_219.txt
obj: 4.0
bound: 1.0
gap: 0.74999999998125
time: 1800.635801076889
preprocess_time: 0.032182
node: 801
algo: RF