instance: r_40_0.1_84.txt
obj: 6.0
bound: 6.0
gap: 0.0
time: 13.663057088851929
preprocess_time: 0.024029
sepa_time: 6.9405171975744e-310
node: 663
formulation: LEVFP