instance: r_40_0.3_219.txt
obj: 4.0
bound: 1.1428571428571432
gap: 0.714285714267857
time: 3610.1143901348114
preprocess_time: 0.055295
node: 13391
formulation: LEFPDB