instance: r_40_0.3_219.txt
obj: 349.0
bound: 343.0
gap: 0.017191977077363897
time: 7198.343516111374
preprocess_time: 1.658807
sepa_time: 0.0
node: 694800
formulation: LEFPA