instance: r_40_0.1_84.txt
obj: 6.0
bound: 5.000000000000001
gap: 0.16666666666666652
time: 12.89728593826294
preprocess_time: 0.039287
node: 647
formulation: LEVFP