instance: r_40_0.1_84.txt
obj: 6.0
bound: 6.0
gap: 0.0
time: 11.40788984298706
preprocess_time: 1.317457
sepa_time: 0.0
node: 681
formulation: LEFPAI