instance: r_40_0.3_219.txt
obj: 349.0
bound: 342.0
gap: 0.02005730659025788
time: 3599.948299884796
preprocess_time: 0.054586
sepa_time: 0.0
node: 283707
formulation: LEFPV