instance: r_40_0.3_219.txt
obj: 2.0
bound: 1.0000000000000002
gap: 0.4999999999999999
time: 69.51359987258911
preprocess_time: 0.055213
sepa_time: 0.0
node: 1
formulation: EVFP