instance: r_40_0.1_84.txt
obj: 21.0
bound: 19.0
gap: 0.09523809523809523
time: 3599.9422409534454
preprocess_time: 0.061045
sepa_time: 0.0
node: 366274
formulation: LEFPV2