instance: r_40_0.4_297.txt
obj: 278.0
bound: 278.0
gap: 0.0
time: 0.04329490661621094
preprocess_time: 1.277976
sepa_time: 0.0
node: 1
formulation: LEFPAD