instance: r_40_0.1_84.txt
obj: 21.0
bound: 16.656096287264827
gap: 0.20685255774830896
time: 1801.9530770778656
preprocess_time: 0.049508
node: 43358
algo: ESF