instance: r_40_0.3_219.txt
obj: 1.0
bound: 0.0
gap: 0.9999999999
time: 17.84108591079712
preprocess_time: 0.058166
node: 0
algo: EVFPV