instance: r_40_0.2_148.txt
obj: 248.0
bound: 223.0
gap: 0.10080645161290322
time: 7199.87962603569
preprocess_time: 0.129374
sepa_time: 0.0
node: 1394509
formulation: EFP