instance: r_40_0.3_219.txt
obj: 31.0
bound: 8.293669944212468
gap: 0.7324622598617512
time: 1800.5308089256287
preprocess_time: 0.124881
node: 685
algo: SF