instance: r_40_0.3_219.txt
obj: 31.0
bound: 8.554779733552667
gap: 0.7240393634314494
time: 1800.7419049739838
preprocess_time: 0.069044
node: 671
algo: ERF