instance: r_40_0.3_219.txt
obj: 357.0
bound: 351.0
gap: 0.01680672268907563
time: 3599.9564139842987
preprocess_time: 0.047624
sepa_time: 0.0
node: 56731
formulation: LEFPD