instance: r_40_0.3_219.txt
obj: 349.00000000000006
bound: 344.0
gap: 0.014326647564470074
time: 7198.423456907272
preprocess_time: 1.577591
sepa_time: 0.0
node: 687618
formulation: LEFPAI