instance: r_40_0.4_297.txt
obj: 468.0
bound: 461.0
gap: 0.014957264957264958
time: 7199.020492076874
preprocess_time: 0.981151
sepa_time: 0.0
node: 2759317
formulation: LEFP