instance: r_40_0.2_148.txt
obj: 30.0
bound: 14.552089115453306
gap: 0.5149303628165067
time: 580.1774489879608
preprocess_time: 1220.044402
node: 1326
algo: EFPV2