instance: r_40_0.3_219.txt
org_node: 40
org_edge: 219
org_min_len: 0.2522867067292424
org_avg_len: 0.6331323715969808
org_max_len: 0.9989750688619838
dtf_node: 88
dtf_edge: 267
dtf_min_len: 0.043353233035921396
dtf_avg_len: 0.519310821646962
dtf_max_len: 0.9989750688619838
sdb_node: 599
sdb_edge: 778
sdb_min_len: 0.1261433533646212
sdb_avg_len: 0.1782210660407953
sdb_max_len: 0.20887847967984308
dlt: 0.20893368262700365
formulation: None