instance: r_40_0.1_84.txt
obj: 6.0
bound: 5.000000000000001
gap: 0.16666666666666652
time: 89.94846200942993
preprocess_time: 0.040173
node: 3616
formulation: EFP