instance: r_40_0.4_297.txt
obj: 60.0
bound: 6.7339449541284395
gap: 0.8877675840963797
time: 1800.0785489082336
preprocess_time: 0.116167
node: 742
algo: SF