instance: r_40_0.1_84.txt
obj: 6.0
bound: 6.0
gap: 0.0
time: 10.363686800003052
preprocess_time: 0.025458
sepa_time: 0.0
node: 624
formulation: EFP