instance: r_40_0.4_297.txt
obj: 33.0
bound: 6.999999999999998
gap: 0.7878787878764003
time: 1800.3169090747833
preprocess_time: 0.122343
node: 560
algo: EVFP0