instance: r_40_0.1_84.txt
obj: 146.0
bound: 146.0
gap: 0.0
time: 964.5036978721619
preprocess_time: 1.249612
sepa_time: 0.0
node: 142432
formulation: LEFPD