instance: r_40_0.2_148.txt
obj: 3.0
bound: 3.0
gap: 0.0
time: 2824.9342048168182
preprocess_time: 0.048575
sepa_time: 0.0
node: 42860
formulation: LEFPI