instance: r_40_0.4_297.txt
obj: 468.0
bound: 460.0
gap: 0.017094017094017096
time: 7198.69008398056
preprocess_time: 1.313584
sepa_time: 0.0
node: 463761
formulation: LEFPAD