instance: r_40_0.2_148.txt
obj: 29.0
bound: 10.483343833197935
gap: 0.6385053850599385
time: 3602.154147863388
preprocess_time: 0.069197
node: 42999
formulation: LEFPI