instance: r_40_0.3_219.txt
obj: 24.0
bound: 14.0
gap: 0.4166666666666667
time: 3599.999783039093
preprocess_time: 0.072741
node: 10202
formulation: LEFPI