instance: r_40_0.2_148.txt
obj: 3.0
bound: 3.0
gap: 0.0
time: 600.5606620311737
preprocess_time: 1.324333
sepa_time: 0.0
node: 4925
formulation: LEFPAD