instance: r_40_0.1_84.txt
obj: 6.0
bound: 5.0
gap: 0.16666666666388888
time: 266.73814392089844
preprocess_time: 0.022325
node: 6105
algo: EFPLg