instance: r_40_0.1_84.txt
obj: 27.999999999995527
bound: 14.999999999999982
gap: 0.4642857142839712
time: 3607.298372030258
preprocess_time: 0.039475
node: 665
formulation: EF