instance: r_40_0.3_219.txt
obj: 2.0
bound: 2.0
gap: 0.0
time: 73.39422583580017
preprocess_time: 0.046832
sepa_time: 0.0
node: 1
formulation: EVFP