instance: r_40_0.1_84.txt
obj: 5.999999999999966
bound: 4.999999999999934
gap: 0.16666666666389515
time: 470.0623891353607
preprocess_time: 0.033288
node: 27968
formulation: LEFPDB