instance: r_40_0.1_84.txt
obj: 0.0
bound: 0.0
gap: 0.0
time: 0.3182849884033203
preprocess_time: 0.031748
node: 0
algo: EVFP0