instance: r_40_0.3_219.txt
obj: 2.0
bound: 2.0
gap: 0.0
time: 26.405993938446045
preprocess_time: 0.041285
sepa_time: 6.9027914434813e-310
node: 1
formulation: LEVFP