instance: r_40_0.4_297.txt
obj: 32.000000429204185
bound: 7.45091837791037
gap: 0.7671588038109165
time: 1800.347072839737
preprocess_time: 0.093368
node: 61
algo: RF