instance: r_40_0.2_148.txt
obj: 28.0
bound: 11.759263508776229
gap: 0.5800263032559203
time: 1800.5523459911346
preprocess_time: 0.089776
node: 2269
algo: ERF