instance: r_40_0.2_148.txt
obj: 24.0
bound: 16.0
gap: 0.3333333333333333
time: 3599.939184188843
preprocess_time: 0.069705
node: 51579
formulation: LEFP