instance: r_40_0.1_84.txt
obj: 6.0
bound: 6.0
gap: 0.0
time: 63.28291583061218
preprocess_time: 0.030682
sepa_time: 0.0
node: 3172
formulation: EFP