instance: r_40_0.4_297.txt
obj: 468.0
bound: 461.0
gap: 0.014957264957264958
time: 3599.9677419662476
preprocess_time: 0.054619
sepa_time: 0.0
node: 836564
formulation: LEFPV