instance: r_40_0.3_219.txt
obj: 261.0
bound: 252.0
gap: 0.034482758620689655
time: 3599.939968109131
preprocess_time: 0.06469
sepa_time: 0.0
node: 51532
formulation: LEFPD