instance: r_40_0.4_297.txt
obj: 468.0
bound: 463.0
gap: 0.010683760683760684
time: 7198.662989854813
preprocess_time: 1.339665
sepa_time: 0.0
node: 149697
formulation: LEFPAD