instance: r_40_0.4_297.txt
obj: 3.0
bound: 0.9999999999999994
gap: 0.6666666666444446
time: 1801.293067932129
preprocess_time: 0.046827
node: 547
algo: F