instance: r_40_0.3_219.txt
obj: 23.0
bound: 15.0
gap: 0.34782608695652173
time: 3599.9445741176605
preprocess_time: 0.059238
node: 27549
formulation: EFP