instance: r_40_0.4_297.txt
obj: 278.0
bound: 278.0
gap: 0.0
time: 0.007896900177001953
preprocess_time: 1.045836
sepa_time: 0.0
node: 0
formulation: LEFPAV