instance: r_40_0.2_148.txt
obj: 27.0
bound: 14.671208517124315
gap: 0.45662190677148234
time: 1851.0716409683228
preprocess_time: 4.309616
node: 7112
algo: EFPV