instance: r_40_0.4_297.txt
obj: 4.0
bound: 0.9999999999999998
gap: 0.74999999998125
time: 1800.2266490459442
preprocess_time: 0.033043
node: 21
algo: EDF