instance: r_40_0.1_84.txt
org_node: 40
org_edge: 84
org_min_len: 0.2512812453807103
org_avg_len: 0.6068924513786582
org_max_len: 0.9739273588152333
dtf_node: 54
dtf_edge: 98
dtf_min_len: 0.05100693670026202
dtf_avg_len: 0.5201935297531357
dtf_max_len: 1.7728588366852929
sdb_node: 248
sdb_edge: 292
sdb_min_len: 0.12564062269035514
sdb_avg_len: 0.17458549971166892
sdb_max_len: 0.19979157783777768
dlt: 0.20027450895495721
formulation: None