instance: r_40_0.2_148.txt
obj: 246.0
bound: 226.0
gap: 0.08130081300813008
time: 7199.81249499321
preprocess_time: 0.196641
sepa_time: 0.0
node: 1377983
formulation: EFP