instance: r_40_0.2_148.txt
obj: 250.0
bound: 244.0
gap: 0.024
time: 3599.9523310661316
preprocess_time: 0.049616
sepa_time: 0.0
node: 150100
formulation: LEFPD