instance: r_40_0.1_84.txt
obj: 22.0
bound: 17.79712011581924
gap: 0.19103999473462074
time: 3612.1159019470215
preprocess_time: 0.052877
node: 456603
formulation: LEFPDB