instance: r_40_0.3_219.txt
obj: 33.99999995749298
bound: 9.52559219456176
gap: 0.7198355233369794
time: 1800.8854019641876
preprocess_time: 0.088716
node: 770
formulation: EFPI