instance: r_40_0.2_148.txt
obj: 3.0
bound: 3.0
gap: 0.0
time: 1633.2347159385681
preprocess_time: 1.371052
sepa_time: 0.0
node: 13772
formulation: LEFP