instance: r_40_0.1_84.txt
obj: 22.0
bound: 19.0
gap: 0.13636363636363635
time: 3599.9414160251617
preprocess_time: 0.061991
node: 70994
formulation: LEFPD