instance: r_40_0.1_84.txt
obj: 21.0
bound: 16.254664835746357
gap: 0.22596834115385933
time: 1801.546247959137
preprocess_time: 0.097426
node: 64723
algo: F