instance: r_40_0.4_297.txt
obj: 469.0
bound: 461.0
gap: 0.017057569296375266
time: 7198.628021001816
preprocess_time: 1.373842
sepa_time: 0.0
node: 4023906
formulation: LEFPA