instance: r_40_0.4_297.txt
obj: 37.0
bound: 7.477838396354897
gap: 0.7978962595558192
time: 1805.7528400421143
preprocess_time: 0.151249
node: 13
algo: F