instance: r_40_0.1_84.txt
obj: 22.0
bound: 16.77107269878362
gap: 0.23767851369057333
time: 1801.3962078094482
preprocess_time: 0.096987
node: 28098
formulation: EFPD