instance: r_40_0.4_297.txt
obj: 2.0
bound: 0.9999999999999997
gap: 0.4999999999750002
time: 942.0972249507904
preprocess_time: 0.168421
node: 629
algo: EVFPL