instance: r_40_0.1_84.txt
obj: 7.0
bound: 4.0
gap: 0.4285714285653061
time: 450.24844694137573
preprocess_time: 1379.266201
node: 341
algo: EFPV2