instance: r_40_0.2_148.txt
obj: 3.0
bound: 3.0
gap: 0.0
time: 1801.683720111847
preprocess_time: 0.038575
sepa_time: 0.0
node: 15738
formulation: EFP