instance: r_40_0.4_297.txt
obj: 467.0
bound: 461.0
gap: 0.01284796573875803
time: 3599.1163449287415
preprocess_time: 0.885395
sepa_time: 0.0
node: 1854083
formulation: LEFPV2