instance: r_40_0.1_84.txt
obj: 6.0
bound: 4.999999999999993
gap: 0.16666666666389007
time: 84.49676895141602
preprocess_time: 3.45954
node: 585
algo: EFPV