instance: r_40_0.1_84.txt
obj: 22.0
bound: 16.62341589461737
gap: 0.24439018660719053
time: 1801.3867931365967
preprocess_time: 0.060617
node: 59205
algo: RF