instance: r_40_0.3_219.txt
obj: 32.0
bound: 8.116746032682773
gap: 0.746351686476331
time: 1800.543555021286
preprocess_time: 0.086997
node: 872
formulation: EVFP