instance: r_40_0.2_148.txt
obj: 3.0
bound: 3.0
gap: 0.0
time: 1642.8779990673065
preprocess_time: 0.938399
sepa_time: 0.0
node: 15738
formulation: LEFP