instance: r_40_0.1_84.txt
obj: 147.0
bound: 136.0
gap: 0.07482993197278912
time: 7199.934445858002
preprocess_time: 0.071036
sepa_time: 0.0
node: 2350991
formulation: EFP