instance: r_40_0.4_297.txt
obj: 2.0
bound: 1.0000000000000002
gap: 0.4999999999999999
time: 64.58906292915344
preprocess_time: 1.403892
sepa_time: 0.0
node: 1
formulation: LEFPI