instance: r_40_0.3_219.txt
obj: 3.0
bound: 0.9999999999999999
gap: 0.6666666666444444
time: 1800.3562471866608
preprocess_time: 0.030292
node: 482
algo: EDF