instance: r_40_0.4_297.txt
obj: 278.0
bound: 278.0
gap: 0.0
time: 0.05649900436401367
preprocess_time: 1.289861
sepa_time: 0.0
node: 1
formulation: LEFPAI