instance: r_40_0.3_219.txt
obj: 31.00000003454446
bound: 9.044902994347927
gap: 0.7082289359890428
time: 1800.555526971817
preprocess_time: 0.07596
node: 572
algo: RF