instance: r_40_0.4_297.txt
obj: 24.0
bound: 15.0
gap: 0.375
time: 3599.9306819438934
preprocess_time: 0.071829
node: 18877
formulation: EFP