instance: r_40_0.2_148.txt
obj: 32.000000612749105
bound: 13.600327617925233
gap: 0.5749897700763096
time: 1800.2092988491058
preprocess_time: 0.084606
node: 2293
algo: EDF