instance: r_40_0.2_148.txt
obj: 3.0
bound: 3.0
gap: 0.0
time: 2078.0993230342865
preprocess_time: 1.133314
sepa_time: 0.0
node: 14755
formulation: LEFPAI