instance: r_40_0.4_297.txt
obj: 473.0
bound: 449.0
gap: 0.0507399577167019
time: 7199.283473968506
preprocess_time: 0.739132
sepa_time: 0.0
node: 531341
formulation: EFP