instance: r_40_0.4_297.txt
obj: 22.0
bound: 16.0
gap: 0.2727272727272727
time: 3600.0474910736084
preprocess_time: 0.093009
sepa_time: 1.0e-323
node: 10202
formulation: EVFP