instance: r_40_0.2_148.txt
obj: 29.0
bound: 10.195504580439456
gap: 0.6484308765343346
time: 1800.1656970977783
preprocess_time: 0.087876
node: 3322
algo: SF