instance: r_40_0.1_84.txt
obj: 6.0
bound: 5.000000000000001
gap: 0.16666666666388874
time: 19.096445083618164
preprocess_time: 0.042048
node: 516
algo: RF