instance: r_40_0.1_84.txt
obj: 146.0
bound: 146.0
gap: 0.0
time: 55.95687007904053
preprocess_time: 1.634469
sepa_time: 1.1147458768364363e10
node: 21185
formulation: LEFPAV