instance: r_40_0.3_219.txt
obj: 349.0
bound: 343.0
gap: 0.017191977077363897
time: 3599.9504101276398
preprocess_time: 0.052927
sepa_time: 0.0
node: 236060
formulation: LEFPV