instance: r_40_0.4_297.txt
obj: 473.0
bound: 447.0
gap: 0.05496828752642706
time: 3599.4638719558716
preprocess_time: 0.564185
sepa_time: 0.0
node: 168895
formulation: EFP