instance: r_40_0.3_219.txt
obj: 2.0
bound: 1.0000000000000002
gap: 0.4999999999999999
time: 72.6570417881012
preprocess_time: 0.049287
sepa_time: 2.0e-323
node: 1
formulation: EVFP