instance: r_40_0.3_219.txt
obj: 33.0
bound: 7.709563299748308
gap: 0.7663768697022744
time: 1871.5045030117035
preprocess_time: 17.563593
node: 48
algo: EFPV