instance: r_40_0.2_148.txt
obj: 3.0
bound: 3.0
gap: 0.0
time: 1846.1969411373138
preprocess_time: 1.412845
sepa_time: 0.0
node: 15738
formulation: LEFP