instance: r_40_0.1_84.txt
obj: 6.0
bound: 4.999999999999918
gap: 0.1666666666639025
time: 872.3863878250122
preprocess_time: 0.037667
node: 35981
formulation: LEFP