instance: r_40_0.4_297.txt
obj: 320.0
bound: 306.0
gap: 0.04375
time: 3599.7727389335632
preprocess_time: 0.348784
sepa_time: 0.0
node: 10202
formulation: EVFP