instance: r_40_0.1_84.txt
obj: 1.0
bound: 0.0
gap: 0.9999999999
time: 1.3414661884307861
preprocess_time: 0.083981
node: 30
algo: EVFPV