instance: r_40_0.4_297.txt
obj: 32.0
bound: 7.42828457030803
gap: 0.7678661071754744
time: 1800.216961145401
preprocess_time: 0.23965
node: 80
algo: EVFPL