instance: r_40_0.2_148.txt
obj: 3.0
bound: 3.0
gap: 0.0
time: 1582.52499294281
preprocess_time: 0.046769
sepa_time: 0.0
node: 13772
formulation: LEFPV2