instance: r_40_0.2_148.txt
obj: 247.0
bound: 222.0
gap: 0.10121457489878542
time: 3599.871698141098
preprocess_time: 0.138276
sepa_time: 0.0
node: 699837
formulation: EFP