instance: r_40_0.4_297.txt
obj: 2.0
bound: 2.0
gap: 0.0
time: 29.4050350189209
preprocess_time: 1.032348
sepa_time: 0.0
node: 1
formulation: LEFPV