instance: r_40_0.4_297.txt
obj: 26.0
bound: 14.0
gap: 0.46153846153846156
time: 3600.082645893097
preprocess_time: 0.105189
node: 978
formulation: LEVFP