instance: r_40_0.1_84.txt
obj: 20.999999777777923
bound: 16.005888378032985
gap: 0.23781483107470774
time: 1737.9773128032684
preprocess_time: 64.032357
node: 67052
algo: EFPV2