instance: r_40_0.1_84.txt
obj: 21.0
bound: 16.588618538833817
gap: 0.21006578386405603
time: 1800.6871809959412
preprocess_time: 0.082209
node: 42681
algo: SF