instance: r_40_0.1_84.txt
obj: 146.0
bound: 146.0
gap: 0.0
time: 54.558202028274536
preprocess_time: 1.301961
sepa_time: 0.0
node: 22659
formulation: LEFP