instance: r_40_0.4_297.txt
obj: 136.0
bound: 13.547249455337449
gap: 0.9003878716512685
time: 1801.221344947815
preprocess_time: 0.143029
node: 0
algo: ESFV