instance: r_40_0.4_297.txt
obj: 473.0
bound: 449.0
gap: 0.0507399577167019
time: 7199.603923082352
preprocess_time: 0.408569
sepa_time: 0.0
node: 576194
formulation: EFP