instance: r_40_0.3_219.txt
org_node: 40
org_edge: 219
org_min_len: 0.2522867067292424
org_avg_len: 0.6331323715969808
org_max_len: 0.9989750688619838
dtf_node: 149
dtf_edge: 328
dtf_min_len: 0.001796609078893563
dtf_avg_len: 0.4227316749382289
dtf_max_len: 0.6331317384646091
sdb_node: 149
sdb_edge: 328
sdb_min_len: 0.001796609078893563
sdb_avg_len: 0.4227316749382289
sdb_max_len: 0.6331317384646091
dlt: 0.6331323715969808
algo: None