instance: r_40_0.4_297.txt
obj: 4.0
bound: 1.0000000000000002
gap: 0.74999999998125
time: 1800.511757850647
preprocess_time: 0.057356
node: 1537
algo: ERF