instance: r_40_0.2_148.txt
obj: 1.0
bound: 0.0
gap: 0.9999999999
time: 3.529874086380005
preprocess_time: 0.044697
node: 0
algo: EVFP