instance: r_40_0.4_297.txt
obj: 278.0
bound: 278.0
gap: 0.0
time: 0.007901906967163086
preprocess_time: 1.257517
sepa_time: 0.0
node: 0
formulation: LEFPAV