instance: r_40_0.4_297.txt
obj: 321.0
bound: 13.512533983919864
gap: 0.9579048785544684
time: 3601.305993080139
preprocess_time: 0.1092
node: 6452
formulation: LEFPDB