instance: r_40_0.2_148.txt
obj: 3.0
bound: 3.0
gap: 0.0
time: 479.0556011199951
preprocess_time: 0.047604
sepa_time: 0.0
node: 3463
formulation: LEFPD