instance: r_40_0.4_297.txt
obj: 3.0
bound: 1.0000000000000024
gap: 0.6666666666444436
time: 3602.5150299072266
preprocess_time: 0.064825
node: 1721
formulation: LEFP