instance: r_40_0.1_84.txt
obj: 146.0
bound: 145.00000000000003
gap: 0.006849315068492956
time: 595.2170269489288
preprocess_time: 0.03789
sepa_time: 0.0
node: 231707
formulation: LEFP