instance: r_40_0.1_84.txt
obj: 6.0
bound: 4.999999999999993
gap: 0.16666666666389007
time: 88.64601016044617
preprocess_time: 3.977491
node: 585
formulation: EFPV