instance: r_40_0.2_148.txt
obj: 250.0
bound: 246.0
gap: 0.016
time: 7198.663691043854
preprocess_time: 1.338175
sepa_time: 0.0
node: 304513
formulation: LEFPD