instance: r_40_0.3_219.txt
obj: 2.0
bound: 2.0
gap: 0.0
time: 17.194279193878174
preprocess_time: 0.03696
sepa_time: 0.0
node: 1
formulation: EFP