instance: r_40_0.3_219.txt
obj: 31.000000952180795
bound: 9.351918271546912
gap: 0.6983252263107156
time: 1800.70232796669
preprocess_time: 0.127732
node: 580
formulation: EFP