instance: r_40_0.1_84.txt
obj: 6.0
bound: 6.0
gap: 0.0
time: 10.367128849029541
preprocess_time: 1.330012
sepa_time: 0.0
node: 170
formulation: LEFPA