instance: r_40_0.3_219.txt
obj: 2.0
bound: 2.0
gap: 0.0
time: 24.52826690673828
preprocess_time: 1.23945
sepa_time: 1.384368179556461e13
node: 1
formulation: LEFPV