instance: r_40_0.4_297.txt
obj: 4.0
bound: 0.9999999999999989
gap: 0.7499999999812502
time: 1801.3397278785706
preprocess_time: 0.054794
node: 1129
algo: RF