instance: r_40_0.1_84.txt
obj: 21.0
bound: 15.918053741478804
gap: 0.24199744088080935
time: 1800.721184015274
preprocess_time: 0.078129
node: 16236
algo: EDF