instance: r_40_0.2_148.txt
obj: 244.0
bound: 240.0
gap: 0.01639344262295082
time: 7199.014022827148
preprocess_time: 0.986962
sepa_time: 0.0
node: 1583686
formulation: LEFPV2