instance: r_40_0.3_219.txt
obj: 36.00000028972332
bound: 13.068199494458492
gap: 0.6369944614069161
time: 1780.812684059143
preprocess_time: 20.071313
node: 0
formulation: EFPV