instance: r_40_0.2_148.txt
obj: 4.0
bound: 1.9999999999999964
gap: 0.4999999999875009
time: 1800.7854390144348
preprocess_time: 0.041637
node: 3306
algo: EFP0