instance: r_40_0.1_84.txt
obj: 21.0
bound: 16.0224074335983
gap: 0.23702821744657132
time: 1801.7081639766693
preprocess_time: 0.062325
node: 49371
algo: EVFPL