instance: r_40_0.3_219.txt
obj: 2.0
bound: 2.0
gap: 0.0
time: 22.316819190979004
preprocess_time: 0.055997
sepa_time: 0.0
node: 1
formulation: LEFPV2