instance: r_40_0.3_219.txt
obj: 2.0
bound: 2.0
gap: 0.0
time: 21.241883039474487
preprocess_time: 1.274729
sepa_time: 0.0
node: 1
formulation: LEFPV2