instance: r_40_0.2_148.txt
obj: 23.0
bound: 14.669491525423728
gap: 0.3621960206321762
time: 1798.0602910518646
preprocess_time: 2.546034
node: 8042
algo: EFPV