instance: r_40_0.4_297.txt
obj: 26.0
bound: 14.0
gap: 0.46153846153846156
time: 3599.921050786972
preprocess_time: 0.108153
node: 4148
formulation: LEFP