instance: r_40_0.1_84.txt
obj: 148.0
bound: 135.0
gap: 0.08783783783783784
time: 7199.943358898163
preprocess_time: 0.059447
sepa_time: 0.0
node: 3169213
formulation: EFP