instance: r_40_0.3_219.txt
obj: 0.0
bound: 0.0
gap: 0.0
time: 9.101882934570312
preprocess_time: 0.024741
node: 0
algo: EVFP0