instance: r_40_0.4_297.txt
obj: 2.0
bound: 1.0000000000000007
gap: 0.49999999997499966
time: 1214.4260301589966
preprocess_time: 0.058473
node: 929
algo: EFP