instance: r_40_0.2_148.txt
obj: 244.0
bound: 240.0
gap: 0.01639344262295082
time: 7198.6748950481415
preprocess_time: 1.325672
sepa_time: 0.0
node: 1253757
formulation: LEFPAI