instance: r_40_0.2_148.txt
obj: 4.0
bound: 1.9999999999999993
gap: 0.4999999999875002
time: 1800.5975139141083
preprocess_time: 0.025428
node: 5176
algo: RF