instance: r_40_0.1_84.txt
obj: 146.0
bound: 145.00000000000003
gap: 0.006849315068492956
time: 86.80986785888672
preprocess_time: 0.048067
sepa_time: 0.0
node: 33206
formulation: LEFPV2