instance: r_40_0.1_84.txt
obj: 21.999999925900678
bound: 16.33382358488499
gap: 0.257553470912476
time: 1801.3455440998077
preprocess_time: 0.050868
node: 32903
algo: SF