instance: r_40_0.2_148.txt
obj: 3.0
bound: 3.0
gap: 0.0
time: 464.7298710346222
preprocess_time: 1.24366
sepa_time: 1.388882553538877e13
node: 5237
formulation: LEFPV