instance: r_40_0.1_84.txt
obj: 6.0
bound: 5.0
gap: 0.16666666666388888
time: 256.40595602989197
preprocess_time: 0.031695
node: 15488
formulation: LEVFP