instance: r_40_0.3_219.txt
obj: 349.0
bound: 343.0
gap: 0.017191977077363897
time: 7198.717777967453
preprocess_time: 1.289739
sepa_time: 0.0
node: 179340
formulation: LEFPD