instance: r_40_0.4_297.txt
obj: 0.0
bound: 0.0
gap: 0.0
time: 4.185657978057861
preprocess_time: 0.030466
node: 0
algo: EVFP0