instance: r_40_0.2_148.txt
obj: 244.0
bound: 240.0
gap: 0.01639344262295082
time: 7199.964612007141
preprocess_time: 0.037192
sepa_time: 0.0
node: 950122
formulation: LEVFP