instance: r_40_0.2_148.txt
obj: 4.0
bound: 3.0
gap: 0.25
time: 7198.629103183746
preprocess_time: 1.374062
sepa_time: 0.0
node: 49271
formulation: LEFPAI