instance: r_40_0.2_148.txt
obj: 4.0
bound: 1.8458048412363688
gap: 0.5385487896774441
time: 1801.8105590343475
preprocess_time: 0.042622
node: 12260
algo: F