instance: r_40_0.1_84.txt
obj: 22.0
bound: 16.059018554175257
gap: 0.2700446111726245
time: 1801.5573348999023
preprocess_time: 0.054545
node: 35398
algo: EVFP0