instance: r_40_0.1_84.txt
obj: 8.0
bound: 4.0
gap: 0.49999999999375
time: 1801.8498611450195
preprocess_time: 0.023821
node: 0
formulation: EF