instance: r_40_0.1_84.txt
org_node: 40
org_edge: 84
org_min_len: 0.2512812453807103
org_avg_len: 0.6068924513786582
org_max_len: 0.9739273588152333
dtf_node: 76
dtf_edge: 120
dtf_min_len: 0.00035439756176147696
dtf_avg_len: 0.4248247159650607
dtf_max_len: 1.7728588366852929
sdb_node: 78
sdb_edge: 122
sdb_min_len: 0.00035439756176147696
sdb_avg_len: 0.41786037635907614
sdb_max_len: 0.6068918444862068
dlt: 0.6068924513786582
algo: None