instance: r_40_0.1_84.txt
obj: 21.0
bound: 16.266357926876527
gap: 0.22541152729052058
time: 1929.3054327964783
preprocess_time: 31.849197
node: 58247
algo: EFPV2