instance: r_40_0.2_148.txt
obj: 3.0
bound: 3.0
gap: 0.0
time: 368.4826889038086
preprocess_time: 1.748103
sepa_time: 0.0
node: 2959
formulation: LEFPAD