instance: r_40_0.2_148.txt
obj: 27.0
bound: 12.035967097381793
gap: 0.5542234408356588
time: 1800.5624680519104
preprocess_time: 0.054161
node: 3698
formulation: EFPI