instance: r_40_0.2_148.txt
obj: 27.0
bound: 11.01812968359016
gap: 0.5919211228278017
time: 1802.4987268447876
preprocess_time: 0.132574
node: 8871
algo: RF