instance: r_40_0.3_219.txt
obj: 349.0
bound: 343.0
gap: 0.017191977077363897
time: 7198.994287014008
preprocess_time: 1.007448
sepa_time: 0.0
node: 218976
formulation: LEFPAD