instance: r_40_0.3_219.txt
obj: 31.000000385332992
bound: 9.668359872524253
gap: 0.6881174273414704
time: 1809.4267039299011
preprocess_time: 0.082595
node: 599
algo: F0