instance: r_40_0.3_219.txt
obj: 352.0
bound: 329.0
gap: 0.06534090909090909
time: 7199.714946985245
preprocess_time: 0.30183
sepa_time: 0.0
node: 593824
formulation: EFP