instance: r_40_0.3_219.txt
obj: 34.0
bound: 6.9959929298806
gap: 0.7942355020599993
time: 3608.548171043396
preprocess_time: 0.086279
node: 6161
formulation: LEFPI