instance: r_40_0.3_219.txt
obj: 2.0
bound: 2.0
gap: 0.0
time: 42.315327882766724
preprocess_time: 1.086976
sepa_time: 1.383988022981626e13
node: 1
formulation: LEFPAV