instance: r_40_0.1_84.txt
obj: 146.0
bound: 146.0
gap: 0.0
time: 67.71069288253784
preprocess_time: 1.247754
sepa_time: 0.0
node: 20913
formulation: LEFPV