instance: r_40_0.1_84.txt
obj: 6.0
bound: 5.000000000000001
gap: 0.16666666666388874
time: 63.479398012161255
preprocess_time: 0.030467
node: 1389
algo: ERF