instance: r_40_0.1_84.txt
obj: 21.0
bound: 19.0
gap: 0.09523809523809523
time: 3599.9413030147552
preprocess_time: 0.061867
node: 98838
formulation: LEVFP