instance: r_40_0.2_148.txt
obj: 4.0
bound: 2.9999999999999987
gap: 0.24999999999375033
time: 7.17676305770874
preprocess_time: 0.045923
node: 466
algo: SFD