instance: r_40_0.1_84.txt
obj: 1.0
bound: 0.0
gap: 0.9999999999
time: 0.2548689842224121
preprocess_time: 0.081459
node: 0
algo: EVFP