instance: r_40_0.2_148.txt
obj: 244.0
bound: 238.0
gap: 0.02459016393442623
time: 3599.9502770900726
preprocess_time: 0.051182
sepa_time: 0.0
node: 685001
formulation: LEFPV