instance: r_40_0.1_84.txt
obj: 146.0
bound: 145.00000000000003
gap: 0.006849315068492956
time: 60.159810066223145
preprocess_time: 1.237167
sepa_time: 0.0
node: 18993
formulation: LEFP