instance: r_40_0.3_219.txt
obj: 27.0
bound: 25.999999999999996
gap: 0.0370370370369
time: 3.083333969116211
preprocess_time: 0.146175
node: 368
algo: SFD