instance: r_40_0.2_148.txt
obj: 3.0
bound: 3.0
gap: 0.0
time: 499.8574230670929
preprocess_time: 0.045649
node: 3463
formulation: LEFPD