instance: r_40_0.3_219.txt
obj: 2.0
bound: 1.0000000000000002
gap: 0.4999999999999999
time: 20.638885021209717
preprocess_time: 0.061717
sepa_time: 0.0
node: 1
formulation: LEFPI