instance: r_40_0.1_84.txt
obj: 6.0
bound: 5.0
gap: 0.16666666666388888
time: 120.71761202812195
preprocess_time: 0.043689
node: 5516
algo: F