instance: r_40_0.4_297.txt
obj: 2.0
bound: 2.0
gap: 0.0
time: 235.15809178352356
preprocess_time: 0.050609
node: 461
formulation: LEFPD