instance: r_40_0.3_219.txt
obj: 30.0
bound: 9.32231274422722
gap: 0.6892562418567952
time: 1800.6993470191956
preprocess_time: 0.104517
node: 618
algo: ESF