instance: r_40_0.3_219.txt
obj: 3.0
bound: 1.0000000000000002
gap: 0.6666666666444444
time: 1801.0037770271301
preprocess_time: 0.066485
node: 795
formulation: EFPI