instance: r_40_0.2_148.txt
obj: 30.0
bound: 11.782330057512771
gap: 0.6072556647475501
time: 1881.0740778446198
preprocess_time: 4.541901
node: 685
algo: EFPV