instance: r_40_0.1_84.txt
obj: 6.0
bound: 5.000000000000001
gap: 0.16666666666666652
time: 67.18647003173828
preprocess_time: 0.033729
sepa_time: 0.0
node: 2701
formulation: LEFPV2