instance: r_40_0.2_148.txt
obj: 244.0
bound: 238.0
gap: 0.02459016393442623
time: 3599.95232796669
preprocess_time: 0.049767
sepa_time: 0.0
node: 575912
formulation: LEFP