instance: r_40_0.3_219.txt
obj: 2.0
bound: 1.0000000000000078
gap: 0.4999999999749961
time: 1981.0404930114746
preprocess_time: 0.054182
node: 4264
formulation: EFP