instance: r_40_0.2_148.txt
obj: 27.0
bound: 12.037620420748592
gap: 0.5541622066368886
time: 1800.2375209331512
preprocess_time: 0.056868
node: 4161
algo: EFPLg