instance: r_40_0.1_84.txt
obj: 7.0
bound: 4.021496743060646
gap: 0.425500465270972
time: 3604.625988960266
preprocess_time: 0.020472
node: 429
formulation: EF