instance: r_40_0.1_84.txt
obj: 6.0
bound: 4.999999999999999
gap: 0.16666666666388905
time: 208.3903410434723
preprocess_time: 0.035855
node: 4465
algo: EVFPL