instance: r_40_0.1_84.txt
obj: 83.0
bound: 83.0
gap: 0.0
time: 0.010518074035644531
preprocess_time: 1.287209
sepa_time: 0.0
node: 1
formulation: LEFPAI