instance: r_40_0.2_148.txt
obj: 26.0
bound: 14.711684709777755
gap: 0.4341659726991857
time: 3603.080671072006
preprocess_time: 0.06784
node: 39750
formulation: LEFPD