instance: r_40_0.2_148.txt
obj: 34.0
bound: 10.824234126605518
gap: 0.6816401727448916
time: 228.3122251033783
preprocess_time: 1589.604899
node: 58
algo: EFPV2