instance: r_40_0.2_148.txt
obj: 246.0
bound: 226.0
gap: 0.08130081300813008
time: 7199.879379034042
preprocess_time: 0.129718
sepa_time: 0.0
node: 767042
formulation: EFP