instance: r_40_0.1_84.txt
obj: 21.0
bound: 17.282828098729347
gap: 0.17700818577395014
time: 1801.3234379291534
preprocess_time: 0.387019
node: 83698
algo: EFPV