instance: r_40_0.1_84.txt
obj: 146.0
bound: 145.00000000000003
gap: 0.006849315068492956
time: 38.60955500602722
preprocess_time: 1.233029
sepa_time: 0.0
node: 15105
formulation: LEFPI