instance: r_40_0.3_219.txt
obj: 2.0
bound: 1.0000000000000002
gap: 0.4999999999999999
time: 17.897118091583252
preprocess_time: 0.045192
node: 1
formulation: LEFPI