instance: r_40_0.1_84.txt
obj: 146.0
bound: 146.0
gap: 0.0
time: 44.859018087387085
preprocess_time: 1.231689
sepa_time: 0.0
node: 17578
formulation: LEFP