instance: r_40_0.2_148.txt
obj: 27.0
bound: 11.930560557939854
gap: 0.5581273867409012
time: 1800.4566931724548
preprocess_time: 0.086661
node: 3072
algo: ESF