instance: r_40_0.4_297.txt
obj: 31.0
bound: 7.000000000000002
gap: 0.7741935483845994
time: 1800.2378559112549
preprocess_time: 0.083029
node: 584
algo: ESF