instance: r_40_0.4_297.txt
obj: 2.0
bound: 2.0
gap: 0.0
time: 28.608395099639893
preprocess_time: 0.048189
node: 1
formulation: EFP