instance: r_40_0.2_148.txt
obj: 244.0
bound: 239.0
gap: 0.020491803278688523
time: 7198.24404501915
preprocess_time: 1.75779
sepa_time: 0.0
node: 367528
formulation: LEFPAD