instance: r_40_0.2_148.txt
obj: 0.0
bound: 0.0
gap: 0.0
time: 1.9828579425811768
preprocess_time: 0.093955
node: 0
algo: EVFP