instance: r_40_0.1_84.txt
obj: 148.0
bound: 136.0
gap: 0.08108108108108109
time: 3599.69131398201
preprocess_time: 0.314331
sepa_time: 0.0
node: 1278881
formulation: EFP