instance: r_40_0.3_219.txt
obj: 2.0
bound: 1.0
gap: 0.499999999975
time: 8.225982904434204
preprocess_time: 0.054531
node: 237
algo: SFD