instance: r_40_0.3_219.txt
obj: 34.0
bound: 7.028075689577306
gap: 0.7932918914806871
time: 3632.297833919525
preprocess_time: 0.087542
node: 6521
formulation: LEFP