instance: r_40_0.3_219.txt
obj: 2.0
bound: 0.9999999999999999
gap: 0.499999999975
time: 1617.1195290088654
preprocess_time: 0.055938
node: 1732
algo: EVFPV