instance: r_40_0.2_148.txt
obj: 3.0
bound: 3.0
gap: 0.0
time: 499.1684889793396
preprocess_time: 1.321645
sepa_time: 0.0
node: 3463
formulation: LEFPD