instance: r_40_0.1_84.txt
obj: 6.0
bound: 6.0
gap: 0.0
time: 106.43145108222961
preprocess_time: 1.227618
sepa_time: 0.0
node: 5846
formulation: LEFP