instance: r_40_0.3_219.txt
obj: 348.99999999560276
bound: 344.0
gap: 0.014326647552050892
time: 7198.991856098175
preprocess_time: 1.009732
sepa_time: 4.477967763727709e14
node: 581589
formulation: LEFPAV