instance: r_40_0.3_219.txt
obj: 2.0
bound: 2.0
gap: 0.0
time: 40.05566906929016
preprocess_time: 1.344155
sepa_time: 1.3842082220898256e13
node: 1
formulation: LEFPAV