instance: r_40_0.1_84.txt
obj: 21.0
bound: 16.670488771798475
gap: 0.20616720134194805
time: 3602.941342115402
preprocess_time: 0.046462
node: 107528
formulation: LEVFP