instance: r_40_0.1_84.txt
obj: 6.0
bound: 5.000000000000001
gap: 0.16666666666666652
time: 41.78043794631958
preprocess_time: 1.288415
sepa_time: 0.0
node: 1437
formulation: LEFPD