instance: r_40_0.1_84.txt
obj: 20.99999966435
bound: 20.0
gap: 0.04761903239682514
time: 362.72182393074036
preprocess_time: 0.061241
sepa_time: 0.0
node: 11883
formulation: EVFP