instance: r_40_0.3_219.txt
obj: 2.0
bound: 0.9999999999999999
gap: 0.499999999975
time: 421.161190032959
preprocess_time: 0.049669
node: 540
algo: ESF