instance: r_40_0.1_84.txt
obj: 83.0
bound: 83.0
gap: 0.0
time: 0.006494045257568359
preprocess_time: 1.341782
sepa_time: 0.0
node: 1
formulation: LEFPAV