instance: r_40_0.4_297.txt
obj: 4.0
bound: 0.9999999999999989
gap: 0.7499999999812502
time: 1800.2410712242126
preprocess_time: 0.034727
node: 1065
algo: RF