instance: r_40_0.2_148.txt
obj: 25.0
bound: 15.274989779492248
gap: 0.3890004088187541
time: 1800.4645540714264
preprocess_time: 0.091472
node: 4700
algo: EFPD