instance: r_40_0.4_297.txt
obj: 2.0
bound: 2.0
gap: 0.0
time: 33.047075033187866
preprocess_time: 0.049255
sepa_time: 0.0
node: 1
formulation: EFP