instance: r_40_0.2_148.txt
obj: 3.0
bound: 3.0
gap: 0.0
time: 1932.6408050060272
preprocess_time: 0.985516
sepa_time: 0.0
node: 14755
formulation: LEFPAI