instance: r_40_0.4_297.txt
obj: 76.0
bound: 6.666666666666666
gap: 0.9122807017531855
time: 1800.3688111305237
preprocess_time: 0.08584
node: 50
algo: SF