instance: r_40_0.4_297.txt
obj: 320.0
bound: 312.0
gap: 0.025
time: 3599.9263229370117
preprocess_time: 0.080205
sepa_time: 0.0
node: 127961
formulation: LEFPV2