instance: r_40_0.3_219.txt
obj: 2.0
bound: 0.999999999999999
gap: 0.49999999997500044
time: 1548.5632810592651
preprocess_time: 0.033135
node: 3398
algo: EVFPL