instance: r_40_0.3_219.txt
obj: 24.0
bound: 14.0
gap: 0.4166666666666667
time: 3599.931839942932
preprocess_time: 0.072707
node: 9858
formulation: LEFPD