instance: r_40_0.3_219.txt
obj: 2.0
bound: 1.0000000000000002
gap: 0.4999999999749999
time: 187.9025011062622
preprocess_time: 0.054699
node: 0
algo: EFPD