instance: r_40_0.4_297.txt
obj: 2.0
bound: 1.0000000000000007
gap: 0.49999999997499966
time: 1355.9698519706726
preprocess_time: 0.102613
node: 929
formulation: EFP