instance: r_40_0.1_84.txt
obj: 6.0
bound: 6.0
gap: 0.0
time: 6.761337995529175
preprocess_time: 1.000196
sepa_time: 3.691040448170561e13
node: 255
formulation: LEFPAV