instance: r_40_0.2_148.txt
obj: 4.0
bound: 2.028508200989341
gap: 0.4928729497403429
time: 1800.9120030403137
preprocess_time: 0.024273
node: 2979
algo: ESFV