instance: r_40_0.4_297.txt
obj: 52.0
bound: 5.083686583303214
gap: 0.9022367964732031
time: 3601.867709875107
preprocess_time: 0.111513
node: 1289
formulation: LEFPI