instance: r_40_0.4_297.txt
obj: 36.0
bound: 13.270833333333352
gap: 0.6313657407389864
time: 1753.771800994873
preprocess_time: 51.714524
node: 0
algo: EFPV