instance: r_40_0.1_84.txt
obj: 6.0
bound: 6.0
gap: 0.0
time: 4.828925132751465
preprocess_time: 0.033996
sepa_time: 6.9167218364907e-310
node: 82
formulation: EVFP