instance: r_40_0.3_219.txt
obj: 30.999999991127098
bound: 9.119352887084638
gap: 0.7058273261366005
time: 3601.7819809913635
preprocess_time: 0.085568
node: 3460
formulation: LEVFP