instance: r_40_0.1_84.txt
obj: 6.0
bound: 4.9999999999999964
gap: 0.1666666666638895
time: 61.78499388694763
preprocess_time: 0.041441
node: 3292
algo: SF