instance: r_40_0.1_84.txt
obj: 20.999999968921017
bound: 16.29886265856482
gap: 0.22386368177577468
time: 1801.3919100761414
preprocess_time: 0.061995
node: 54020
algo: F0