instance: r_40_0.3_219.txt
obj: 31.000000000451273
bound: 8.014350368714483
gap: 0.7414725687525174
time: 1800.3088109493256
preprocess_time: 0.127143
node: 601
algo: EVFPV