instance: r_40_0.1_84.txt
obj: 146.0
bound: 146.0
gap: 0.0
time: 59.78534483909607
preprocess_time: 0.033751
sepa_time: 3.2e-322
node: 18777
formulation: LEVFP