instance: r_40_0.2_148.txt
obj: 28.0
bound: 11.913930787642798
gap: 0.5745024718678483
time: 1800.5831999778748
preprocess_time: 0.081591
node: 1620
algo: EFP0