instance: r_40_0.1_84.txt
obj: 6.0
bound: 5.0
gap: 0.16666666666388888
time: 584.967001914978
preprocess_time: 0.045441
node: 2576
formulation: EFPD