instance: r_40_0.2_148.txt
obj: 28.0
bound: 11.279425030023223
gap: 0.5971633917827522
time: 1800.5357480049133
preprocess_time: 0.09237
node: 6690
algo: ERF