instance: r_40_0.3_219.txt
obj: 22.0
bound: 17.0
gap: 0.22727272727272727
time: 3599.9260909557343
preprocess_time: 0.076835
sepa_time: 6.95045306349733e-310
node: 14577
formulation: EVFP