instance: r_40_0.1_84.txt
obj: 22.0
bound: 17.59464398642346
gap: 0.20024345516165984
time: 3603.513277053833
preprocess_time: 0.047507
node: 204642
formulation: LEFPD