instance: r_40_0.2_148.txt
obj: 4.0
bound: 2.0
gap: 0.4999999999875
time: 1800.453327178955
preprocess_time: 0.045328
node: 6191
algo: RF