instance: r_40_0.4_297.txt
obj: 3.0
bound: 1.0
gap: 0.6666666666444444
time: 1800.2607400417328
preprocess_time: 0.036535
node: 800
algo: EFPD