instance: r_40_0.1_84.txt
obj: 21.0
bound: 17.012187780201664
gap: 0.1898958199894927
time: 1802.0606479644775
preprocess_time: 0.079338
node: 91724
algo: ESFV