instance: r_40_0.2_148.txt
obj: 23.0
bound: 18.0
gap: 0.21739130434782608
time: 3599.939013004303
preprocess_time: 0.066626
node: 107453
formulation: EFP