instance: r_40_0.2_148.txt
org_node: 40
org_edge: 148
org_min_len: 0.251589958237037
org_avg_len: 0.6135317218527531
org_max_len: 0.9866416686465209
dtf_node: 40
dtf_edge: 148
dtf_min_len: 0.251589958237037
dtf_avg_len: 0.6135317218527531
dtf_max_len: 0.9866416686465209
sdb_node: 40
sdb_edge: 148
sdb_min_len: 0.251589958237037
sdb_avg_len: 0.6135317218527531
sdb_max_len: 0.9866416686465209
dlt: 1.2270634437055061
algo: None