instance: r_40_0.3_219.txt
obj: 2.0
bound: 2.0
gap: 0.0
time: 136.0857229232788
preprocess_time: 1.383712
sepa_time: 0.0
node: 126
formulation: LEFPAD