instance: r_40_0.1_84.txt
obj: 146.0
bound: 145.00000000000003
gap: 0.006849315068492956
time: 57.97399187088013
preprocess_time: 0.03644
sepa_time: 6.9192407022776e-310
node: 18063
formulation: LEVFP