instance: r_40_0.1_84.txt
obj: 21.0
bound: 16.746184978154254
gap: 0.2025626200869281
time: 1803.2383098602295
preprocess_time: 0.049964
node: 113272
algo: ERF