instance: r_40_0.3_219.txt
obj: 2.0
bound: 2.0
gap: 0.0
time: 19.556807041168213
preprocess_time: 0.04486
node: 1
formulation: LEFPV