instance: r_40_0.2_148.txt
obj: 3.0
bound: 3.0
gap: 0.0
time: 982.6919949054718
preprocess_time: 1.769401
sepa_time: 0.0
node: 10188
formulation: LEFPA