instance: r_40_0.1_84.txt
obj: 6.0
bound: 5.000000000000001
gap: 0.16666666666666652
time: 87.34476399421692
preprocess_time: 0.044891
node: 3616
formulation: LEFP