instance: r_40_0.2_148.txt
obj: 27.0
bound: 10.42243164358777
gap: 0.613984013198179
time: 3602.9214079380035
preprocess_time: 0.068672
node: 35479
formulation: LEFP