instance: r_40_0.3_219.txt
obj: 2.0
bound: 2.0
gap: 0.0
time: 162.39607000350952
preprocess_time: 1.339603
sepa_time: 0.0
node: 131
formulation: LEFPAD