instance: r_40_0.3_219.txt
obj: 31.0
bound: 13.109836166495638
gap: 0.5771020591434404
time: 3602.5846021175385
preprocess_time: 0.08665
node: 5275
formulation: LEFPD