instance: r_40_0.1_84.txt
obj: 6.0
bound: 5.0
gap: 0.16666666666388888
time: 753.8143248558044
preprocess_time: 0.023384
node: 2576
algo: EFPD