instance: r_40_0.2_148.txt
obj: 3.0
bound: 3.0
gap: 0.0
time: 1492.1479768753052
preprocess_time: 0.993193
sepa_time: 0.0
node: 13772
formulation: LEFPV