instance: r_40_0.4_297.txt
obj: 467.0
bound: 461.0
gap: 0.01284796573875803
time: 3598.707592010498
preprocess_time: 1.295635
sepa_time: 0.0
node: 1695206
formulation: LEFPV