instance: r_40_0.3_219.txt
obj: 349.0
bound: 336.0
gap: 0.03724928366762178
time: 3599.7065069675446
preprocess_time: 0.313547
sepa_time: 0.0
node: 10911
formulation: EVFP