instance: r_40_0.1_84.txt
obj: 6.0
bound: 4.999999999999979
gap: 0.16666666666389243
time: 96.83985710144043
preprocess_time: 1.764127
node: 889
algo: EFPV