instance: r_40_0.2_148.txt
obj: 250.0
bound: 245.0
gap: 0.02
time: 3599.9453179836273
preprocess_time: 0.057183
sepa_time: 0.0
node: 149505
formulation: LEFPD