instance: r_40_0.2_148.txt
obj: 244.0
bound: 234.0
gap: 0.040983606557377046
time: 3599.8699510097504
preprocess_time: 0.132733
sepa_time: 0.0
node: 25129
formulation: EVFP