instance: r_40_0.3_219.txt
obj: 349.0
bound: 344.0
gap: 0.014326647564469915
time: 7199.964257001877
preprocess_time: 0.038486
sepa_time: 1.5e-323
node: 549705
formulation: LEVFP