instance: r_40_0.3_219.txt
obj: 42.00000002319457
bound: 11.848051010249208
gap: 0.7179035475290978
time: 1800.638710975647
preprocess_time: 0.08773
node: 383
formulation: EFPD