instance: r_40_0.1_84.txt
obj: 21.0
bound: 20.0
gap: 0.047619047619047616
time: 3599.942118167877
preprocess_time: 0.060299
node: 375117
formulation: EFP