instance: r_40_0.2_148.txt
obj: 23.0
bound: 16.0
gap: 0.30434782608695654
time: 3599.939145088196
preprocess_time: 0.067684
node: 11994
formulation: LEVFP