instance: r_40_0.3_219.txt
obj: 30.000000077318848
bound: 8.931343043547995
gap: 0.7022885659800161
time: 1800.5088868141174
preprocess_time: 0.141156
node: 495
algo: EVFPL