instance: r_40_0.4_297.txt
obj: 44.0
bound: 7.000000000000002
gap: 0.8409090909071797
time: 1869.4737310409546
preprocess_time: 86.268165
node: 6
algo: EFPV