instance: r_40_0.2_148.txt
obj: 2.9999991509891504
bound: 2.9999991509891504
gap: 0.0
time: 737.9704060554504
preprocess_time: 1.000872
sepa_time: 1.3844065254538467e13
node: 6891
formulation: LEFPAV