instance: r_40_0.1_84.txt
obj: 20.999999777777923
bound: 15.952166840282054
gap: 0.24037299956609617
time: 1775.3025300502777
preprocess_time: 27.275015
node: 60706
formulation: EFPV2