instance: r_40_0.1_84.txt
obj: 6.0
bound: 5.000000000000001
gap: 0.16666666666666652
time: 91.89936685562134
preprocess_time: 0.044908
sepa_time: 0.0
node: 3616
formulation: EFP