instance: r_40_0.2_148.txt
obj: 3.0
bound: 3.0
gap: 0.0
time: 2785.6920998096466
preprocess_time: 0.049862
node: 42860
formulation: LEFPI