instance: r_40_0.1_84.txt
obj: 23.0
bound: 15.994226860520326
gap: 0.30459883214996586
time: 1801.5460319519043
preprocess_time: 0.03625
node: 25239
formulation: EVFP