instance: r_40_0.1_84.txt
obj: 6.0
bound: 5.000000000000001
gap: 0.16666666666666652
time: 26.062636852264404
preprocess_time: 0.919983
sepa_time: 0.0
node: 1343
formulation: LEFPV2