instance: r_40_0.3_219.txt
obj: 2.0
bound: 1.0000000000000002
gap: 0.4999999999999999
time: 21.295785188674927
preprocess_time: 0.04438
node: 1
formulation: LEVFP