instance: r_40_0.1_84.txt
obj: 7.0
bound: 4.999999999999987
gap: 0.28571428571020596
time: 1886.1799550056458
preprocess_time: 1.909732
node: 2260
algo: EFPV