instance: r_40_0.2_148.txt
obj: 1.0
bound: 0.0
gap: 0.9999999999
time: 4.808308124542236
preprocess_time: 0.178522
node: 0
algo: EVFPV