instance: r_40_0.2_148.txt
obj: 3.0
bound: 3.0
gap: 0.0
time: 497.5016419887543
preprocess_time: 1.263124
sepa_time: 0.0
node: 3463
formulation: LEFPD