instance: r_40_0.2_148.txt
obj: 27.0
bound: 10.950223416589951
gap: 0.5944361697537263
time: 1800.6803832054138
preprocess_time: 0.10687
node: 7544
algo: RF