instance: r_40_0.2_148.txt
obj: 5.0
bound: 1.2666291944130281
gap: 0.746674161102461
time: 1800.355241060257
preprocess_time: 0.02695
node: 492
algo: EFPD