instance: r_40_0.1_84.txt
obj: 6.0
bound: 5.000000000000001
gap: 0.16666666666388874
time: 40.67106080055237
preprocess_time: 0.038044
node: 2025
formulation: EFP