instance: r_40_0.1_84.txt
obj: 146.0
bound: 145.00000000000003
gap: 0.006849315068492956
time: 87.07427310943604
preprocess_time: 0.046186
sepa_time: 0.0
node: 33206
formulation: LEFPV