instance: r_40_0.3_219.txt
org_node: 40
org_edge: 219
org_min_len: 0.2522867067292424
org_avg_len: 0.6331323715969808
org_max_len: 0.9989750688619838
dtf_node: 62
dtf_edge: 241
dtf_min_len: 0.09400377211309013
dtf_avg_len: 0.5753360555175886
dtf_max_len: 0.9989750688619838
sdb_node: 800
sdb_edge: 979
sdb_min_len: 0.10623676209847317
sdb_avg_len: 0.14163022408553513
sdb_max_len: 0.15815626065464064
dlt: 0.1582830928992452
formulation: None