instance: r_40_0.4_297.txt
obj: 2.0
bound: 2.0
gap: 0.0
time: 85.03842210769653
preprocess_time: 1.353378
sepa_time: 0.0
node: 1
formulation: LEFPAI