instance: r_40_0.4_297.txt
obj: 26.0
bound: 14.0
gap: 0.46153846153846156
time: 3599.9095120429993
preprocess_time: 0.096021
node: 4431
formulation: LEFPV