instance: r_40_0.4_297.txt
obj: 3.0
bound: 1.000000000000002
gap: 0.6666666666444437
time: 1800.3839387893677
preprocess_time: 0.047604
node: 1247
algo: EFP0