instance: r_40_0.1_84.txt
obj: 6.0
bound: 5.0
gap: 0.16666666666388888
time: 79.0903000831604
preprocess_time: 0.037408
node: 1165
algo: EVFP