instance: r_40_0.1_84.txt
obj: 6.0
bound: 4.999999999999999
gap: 0.16666666666388905
time: 172.01205706596375
preprocess_time: 0.033681
node: 2805
algo: EVFP0