instance: r_40_0.2_148.txt
obj: 4.0
bound: 2.0000000000000004
gap: 0.4999999999874999
time: 3602.351317882538
preprocess_time: 0.04553
node: 13875
formulation: LEVFP