instance: r_40_0.1_84.txt
obj: 22.0
bound: 16.77107269878362
gap: 0.23767851369057333
time: 1801.3477070331573
preprocess_time: 0.089179
node: 26446
algo: EFPD