instance: r_40_0.4_297.txt
obj: 1.0
bound: 0.0
gap: 0.9999999999
time: 86.4672200679779
preprocess_time: 0.213599
node: 0
algo: EVFPV