instance: r_40_0.2_148.txt
obj: 27.0
bound: 10.457631215793
gap: 0.6126803253387308
time: 3602.6941130161285
preprocess_time: 0.069617
node: 37357
formulation: EFP