instance: r_40_0.1_84.txt
obj: 6.0
bound: 5.000000000000003
gap: 0.16666666666388844
time: 57.13568902015686
preprocess_time: 0.034533
node: 1881
algo: EFP0