instance: r_40_0.3_219.txt
obj: 2.0
bound: 2.0
gap: 0.0
time: 111.92913007736206
preprocess_time: 1.101702
sepa_time: 0.0
node: 126
formulation: LEFPAD