instance: r_40_0.2_148.txt
obj: 5.0
bound: 1.9999999999999925
gap: 0.5999999999880015
time: 1800.9834549427032
preprocess_time: 0.045137
node: 6250
formulation: EVFP