instance: r_40_0.3_219.txt
obj: 2.0
bound: 2.0
gap: 0.0
time: 23.25995182991028
preprocess_time: 1.293459
sepa_time: 0.0
node: 1
formulation: LEFPA