instance: r_40_0.1_84.txt
obj: 107.0
bound: 104.0
gap: 0.028037383177570093
time: 3599.9436359405518
preprocess_time: 0.057793
sepa_time: 0.0
node: 856534
formulation: LEVFP