instance: r_40_0.3_219.txt
obj: 24.0
bound: 14.0
gap: 0.4166666666666667
time: 3600.122797012329
preprocess_time: 0.067835
node: 10213
formulation: LEFP