instance: r_40_0.2_148.txt
obj: 173.0
bound: 168.0
gap: 0.028901734104046242
time: 3599.954691886902
preprocess_time: 0.048197
sepa_time: 0.0
node: 556312
formulation: LEFPV