instance: r_40_0.2_148.txt
obj: 4.0
bound: 1.292088713940119
gap: 0.6769778214980458
time: 1800.690311908722
preprocess_time: 0.120717
node: 6055
algo: EVFP0