instance: r_40_0.1_84.txt
obj: 6.0
bound: 5.000000000000001
gap: 0.16666666666666652
time: 73.04330587387085
preprocess_time: 0.040498
node: 2722
formulation: LEFPI