instance: r_40_0.2_148.txt
obj: 244.0
bound: 240.0
gap: 0.01639344262295082
time: 3598.6363599300385
preprocess_time: 1.364418
sepa_time: 0.0
node: 693474
formulation: LEFPI