instance: r_40_0.3_219.txt
obj: 2.0
bound: 1.0000000000000078
gap: 0.4999999999749961
time: 2093.86709189415
preprocess_time: 0.056283
node: 4264
formulation: LEFP