instance: r_40_0.2_148.txt
obj: 244.0
bound: 240.0
gap: 0.01639344262295082
time: 7198.993973970413
preprocess_time: 1.007186
sepa_time: 4.702409847853396e14
node: 1394810
formulation: LEFPAV