instance: r_40_0.1_84.txt
obj: 6.0
bound: 4.999999999999999
gap: 0.16666666666388905
time: 151.95506691932678
preprocess_time: 0.028742
node: 2035
algo: RF