instance: r_40_0.4_297.txt
obj: 2.0
bound: 1.0000000000000004
gap: 0.4999999999999998
time: 138.31541204452515
preprocess_time: 0.060093
sepa_time: 0.0
node: 1
formulation: EVFP