instance: r_40_0.4_297.txt
obj: 2.0
bound: 2.0
gap: 0.0
time: 205.13876104354858
preprocess_time: 0.045931
sepa_time: 0.0
node: 461
formulation: LEFPD