instance: r_40_0.4_297.txt
obj: 38.0
bound: 7.281799507263674
gap: 0.8083736971751444
time: 1800.3829550743103
preprocess_time: 0.147771
node: 48
formulation: EVFP