instance: r_40_0.4_297.txt
obj: 468.0
bound: 461.0
gap: 0.014957264957264958
time: 3598.689785003662
preprocess_time: 1.312815
sepa_time: 0.0
node: 1701250
formulation: LEFP