instance: r_40_0.4_297.txt
obj: 2.0
bound: 2.0
gap: 0.0
time: 234.99674582481384
preprocess_time: 1.268751
sepa_time: 0.0
node: 461
formulation: LEFPD