instance: r_40_0.1_84.txt
obj: 6.0
bound: 4.999999999999998
gap: 0.16666666666388918
time: 88.50681185722351
preprocess_time: 0.027736
node: 1049
algo: ERF