instance: r_40_0.1_84.txt
obj: 6.0
bound: 6.0
gap: 0.0
time: 97.56268095970154
preprocess_time: 1.725489
sepa_time: 0.0
node: 4318
formulation: LEFPAI