instance: r_40_0.1_84.txt
obj: 7.0
bound: 4.0456521739130435
gap: 0.4220496894349645
time: 156.17645502090454
preprocess_time: 1643.942351
node: 70
algo: EFPV2