instance: r_40_0.2_148.txt
obj: 22.0
bound: 16.0
gap: 0.2727272727272727
time: 3599.935220003128
preprocess_time: 0.071081
sepa_time: 0.0
node: 51862
formulation: LEFPV2