instance: r_40_0.1_84.txt
obj: 107.0
bound: 103.0
gap: 0.037383177570093455
time: 3599.9428079128265
preprocess_time: 0.058688
sepa_time: 0.0
node: 1141041
formulation: LEFP