instance: r_40_0.3_219.txt
obj: 2.0
bound: 1.0000000000000924
gap: 0.4999999999749538
time: 469.1889910697937
preprocess_time: 0.057026
node: 564
formulation: LEFPI