instance: r_40_0.4_297.txt
obj: 467.0
bound: 462.0
gap: 0.010706638115631691
time: 7198.709765911102
preprocess_time: 1.290902
sepa_time: 0.0
node: 3560121
formulation: LEFPI