instance: r_40_0.2_148.txt
obj: 244.0
bound: 234.0
gap: 0.040983606557377046
time: 3599.8925619125366
preprocess_time: 0.125155
sepa_time: 3.0e-323
node: 24449
formulation: EVFP