instance: r_40_0.3_219.txt
obj: 349.0
bound: 344.0
gap: 0.014326647564469915
time: 7199.038676023483
preprocess_time: 0.964807
sepa_time: 0.0
node: 717407
formulation: LEFPI