instance: r_40_0.3_219.txt
obj: 349.0000000000001
bound: 344.0
gap: 0.014326647564470236
time: 7198.661583900452
preprocess_time: 1.339637
sepa_time: 0.0
node: 586006
formulation: LEFPAI