instance: r_40_0.4_297.txt
obj: 2.0
bound: 0.9999999999999997
gap: 0.4999999999750002
time: 1210.863384962082
preprocess_time: 0.074423
node: 629
formulation: LEVFP