instance: r_40_0.2_148.txt
obj: 3.0
bound: 3.0
gap: 0.0
time: 2924.1504600048065
preprocess_time: 1.360594
sepa_time: 0.0
node: 42860
formulation: LEFPI