instance: r_40_0.4_297.txt
obj: 481.0
bound: 474.0
gap: 0.014553014553014554
time: 3599.9533240795135
preprocess_time: 0.051674
sepa_time: 0.0
node: 63619
formulation: LEFPD