instance: r_40_0.1_84.txt
obj: 82.0
bound: 1.0
gap: 0.9878048780487805
time: 3600.3008000850677
preprocess_time: 0.027924
sepa_time: 0.0
node: 1
formulation: EF