instance: r_40_0.3_219.txt
obj: 4.0
bound: 0.9999999999999999
gap: 0.74999999998125
time: 1811.3786599636078
preprocess_time: 0.04885
node: 52
algo: EFPD