instance: r_40_0.4_297.txt
obj: 468.0
bound: 464.0
gap: 0.008547008547008548
time: 7199.96248292923
preprocess_time: 0.040849
sepa_time: 6.9247596389818e-310
node: 386022
formulation: LEVFP