instance: r_40_0.2_148.txt
org_node: 40
org_edge: 148
org_min_len: 0.251589958237037
org_avg_len: 0.6135317218527531
org_max_len: 0.9866416686465209
dtf_node: 50
dtf_edge: 158
dtf_min_len: 0.0982071811567792
dtf_avg_len: 0.5747006002165027
dtf_max_len: 0.9866416686465209
sdb_node: 556
sdb_edge: 664
sdb_min_len: 0.10527021126304496
sdb_avg_len: 0.13675104643705954
sdb_max_len: 0.15282704257112967
dlt: 0.15338293046318827
formulation: None