instance: r_40_0.3_219.txt
obj: 1.0
bound: 0.0
gap: 0.9999999999
time: 4.64806604385376
preprocess_time: 0.169307
node: 0
algo: EVFP0