instance: r_40_0.3_219.txt
obj: 30.000000077318848
bound: 8.931343043547995
gap: 0.7022885659800161
time: 1800.7978339195251
preprocess_time: 0.130059
node: 490
formulation: LEVFP