instance: r_40_0.3_219.txt
obj: 349.0
bound: 344.0
gap: 0.014326647564469915
time: 7198.763160943985
preprocess_time: 1.239206
sepa_time: 3.7844489427255756e14
node: 695706
formulation: LEFPV