instance: r_40_0.4_297.txt
obj: 0.0
bound: 0.0
gap: 0.0
time: 7.888150930404663
preprocess_time: 0.063374
node: 0
algo: EVFP