instance: r_40_0.1_84.txt
obj: 21.0
bound: 19.0
gap: 0.09523809523809523
time: 3599.937097787857
preprocess_time: 0.063824
node: 346165
formulation: LEFPI