instance: r_40_0.2_148.txt
obj: 174.0
bound: 168.0
gap: 0.034482758620689655
time: 3599.95330786705
preprocess_time: 0.048519
sepa_time: 0.0
node: 645588
formulation: LEFPI