instance: r_40_0.4_297.txt
obj: 38.0
bound: 7.53679964645053
gap: 0.8016631671965606
time: 1800.4611320495605
preprocess_time: 0.076889
node: 90
algo: EFP0