instance: r_40_0.1_84.txt
obj: 6.0
bound: 5.0
gap: 0.16666666666388888
time: 221.71373295783997
preprocess_time: 0.038827
node: 6105
formulation: EFPI