instance: r_40_0.4_297.txt
obj: 468.0
bound: 464.0
gap: 0.008547008547008548
time: 7199.971247911453
preprocess_time: 0.030949
sepa_time: 0.0
node: 418985
formulation: LEVFP