instance: r_40_0.4_297.txt
obj: 2.0
bound: 2.0
gap: 0.0
time: 33.09017896652222
preprocess_time: 1.378336
sepa_time: 1.3844844383083336e13
node: 1
formulation: LEFPAV