instance: r_40_0.1_84.txt
org_node: 40
org_edge: 84
org_min_len: 0.2512812453807103
org_avg_len: 0.6068924513786582
org_max_len: 0.9739273588152333
dtf_node: 40
dtf_edge: 84
dtf_min_len: 0.2512812453807103
dtf_avg_len: 0.6068924513786582
dtf_max_len: 0.9739273588152333
sdb_node: 40
sdb_edge: 84
sdb_min_len: 0.2512812453807103
sdb_avg_len: 0.6068924513786582
sdb_max_len: 0.9739273588152333
dlt: 1.2137849027573164
formulation: None