instance: r_40_0.3_219.txt
obj: 30.000000042045173
bound: 8.962231009690914
gap: 0.701258966759986
time: 1800.6890950202942
preprocess_time: 0.122056
node: 1089
algo: F