instance: r_40_0.3_219.txt
obj: 2.0
bound: 1.000000000000044
gap: 0.499999999974978
time: 705.6943049430847
preprocess_time: 0.045608
node: 1041
algo: ERF