instance: r_40_0.2_148.txt
obj: 4.0
bound: 2.0000000000000044
gap: 0.4999999999874989
time: 1800.7297699451447
preprocess_time: 0.054388
node: 5573
formulation: LEVFP