instance: r_40_0.4_297.txt
obj: 3.0
bound: 0.9999999999999998
gap: 0.6666666666444444
time: 3602.901479959488
preprocess_time: 0.05974
node: 1080
formulation: LEFPD