instance: r_40_0.2_148.txt
obj: 4.0
bound: 2.1219069268081197
gap: 0.46952326828623203
time: 3601.2446508407593
preprocess_time: 0.047364
node: 6923
formulation: LEFPD