instance: r_40_0.4_297.txt
obj: 2.0
bound: 2.0
gap: 0.0
time: 139.68393802642822
preprocess_time: 0.054113
sepa_time: 0.0
node: 1
formulation: EFP