instance: r_40_0.1_84.txt
obj: 148.0
bound: 135.0
gap: 0.08783783783783784
time: 7199.932686805725
preprocess_time: 0.072073
sepa_time: 0.0
node: 2845331
formulation: EFP