instance: r_40_0.2_148.txt
obj: 3.0
bound: 3.0
gap: 0.0
time: 1580.4591059684753
preprocess_time: 0.046197
node: 13772
formulation: LEFPV