instance: r_40_0.4_297.txt
obj: 2.0
bound: 2.0
gap: 0.0
time: 245.662339925766
preprocess_time: 1.385338
sepa_time: 0.0
node: 461
formulation: LEFPD