instance: r_40_0.2_148.txt
obj: 29.0
bound: 11.686497521990184
gap: 0.5970173268258661
time: 1800.7931869029999
preprocess_time: 0.073682
node: 2632
formulation: EFP