instance: r_40_0.4_297.txt
obj: 3.0
bound: 0.9999999999999997
gap: 0.6666666666444446
time: 1800.3628869056702
preprocess_time: 0.069163
node: 646
formulation: EVFP