instance: r_40_0.3_219.txt
obj: 349.0
bound: 344.0
gap: 0.014326647564469915
time: 7199.9614470005035
preprocess_time: 0.041016
sepa_time: 6.0e-323
node: 517678
formulation: LEVFP