instance: r_40_0.3_219.txt
obj: 31.0
bound: 8.992150791738428
gap: 0.709930619619051
time: 1806.3714771270752
preprocess_time: 0.155337
node: 890
algo: RF