instance: r_40_0.3_219.txt
obj: 30.0
bound: 14.6056203677124
gap: 0.5131459877412096
time: 1800.3400411605835
preprocess_time: 0.109568
node: 518
algo: EFPD