instance: r_40_0.3_219.txt
obj: 2.0
bound: 2.0
gap: 0.0
time: 164.4909439086914
preprocess_time: 1.35803
sepa_time: 0.0
node: 161
formulation: LEFPD