instance: r_40_0.1_84.txt
obj: 20.999999777777923
bound: 16.04509026161056
gap: 0.23594807469412565
time: 1743.0757179260254
preprocess_time: 58.794183
node: 74906
algo: EFPV2