instance: r_40_0.3_219.txt
obj: 2.0
bound: 1.0000000000000004
gap: 0.4999999999749998
time: 916.0351490974426
preprocess_time: 0.105847
node: 849
algo: EFP