instance: r_40_0.3_219.txt
obj: 28.99999987663265
bound: 9.356843293112451
gap: 0.6773502298970816
time: 1800.695662021637
preprocess_time: 0.103223
node: 722
algo: ERF