instance: r_40_0.1_84.txt
obj: 83.0
bound: 83.0
gap: 0.0
time: 0.016588926315307617
preprocess_time: 1.323341
sepa_time: 0.0
node: 1
formulation: LEFPAD