instance: r_40_0.3_219.txt
obj: 4.0
bound: 0.9999999999999996
gap: 0.7499999999812501
time: 1800.4475328922272
preprocess_time: 0.048103
node: 889
algo: RF