instance: r_40_0.1_84.txt
obj: 22.0
bound: 17.807744606628713
gap: 0.19055706333419234
time: 3616.771013021469
preprocess_time: 0.047876
node: 304264
formulation: LEFP