instance: r_40_0.4_297.txt
obj: 3.0
bound: 1.0000000000000007
gap: 0.6666666666444442
time: 1800.500410079956
preprocess_time: 0.054228
node: 595
algo: SF