instance: r_40_0.4_297.txt
obj: 470.0
bound: 447.0
gap: 0.04893617021276596
time: 3599.3492138385773
preprocess_time: 0.674906
sepa_time: 0.0
node: 177894
formulation: EFP