instance: r_40_0.2_148.txt
obj: 28.000000000351832
bound: 15.134806966231691
gap: 0.45947117978259067
time: 3603.014018058777
preprocess_time: 0.070542
node: 87207
formulation: LEFPDB