instance: r_40_0.3_219.txt
obj: 252.0
bound: 232.0
gap: 0.07936507936507936
time: 3599.593409061432
preprocess_time: 0.419878
sepa_time: 0.0
node: 355022
formulation: EFP