instance: r_40_0.4_297.txt
obj: 468.0
bound: 461.0
gap: 0.014957264957264958
time: 7198.655315160751
preprocess_time: 1.34749
sepa_time: 0.0
node: 3497622
formulation: LEFPA