instance: r_40_0.1_84.txt
obj: 21.0
bound: 16.60813138604336
gap: 0.20913660066360598
time: 1802.4408588409424
preprocess_time: 0.037092
node: 67476
formulation: EFP