instance: r_40_0.3_219.txt
obj: 349.0
bound: 336.0
gap: 0.03724928366762178
time: 3599.6697919368744
preprocess_time: 0.343147
sepa_time: 0.0
node: 11285
formulation: EVFP