instance: r_40_0.3_219.txt
obj: 353.0
bound: 329.0
gap: 0.0679886685552408
time: 3599.6842679977417
preprocess_time: 0.336844
sepa_time: 0.0
node: 302880
formulation: EFP