instance: r_40_0.3_219.txt
obj: 2.0
bound: 2.0
gap: 0.0
time: 136.5724868774414
preprocess_time: 0.044042
node: 161
formulation: LEFPD