instance: r_40_0.2_148.txt
obj: 4.0
bound: 3.0
gap: 0.25
time: 3599.9576008319855
preprocess_time: 0.045164
node: 16944
formulation: LEVFP