instance: r_40_0.3_219.txt
obj: 2.0
bound: 2.0
gap: 0.0
time: 1264.7774238586426
preprocess_time: 0.045779
node: 160
algo: ESFV