instance: r_40_0.2_148.txt
obj: 3.0
bound: 3.0
gap: 0.0
time: 1056.8799180984497
preprocess_time: 1.78197
sepa_time: 0.0
node: 10256
formulation: LEFPA