instance: r_40_0.1_84.txt
obj: 6.0
bound: 6.0
gap: 0.0
time: 7.192533016204834
preprocess_time: 1.671455
sepa_time: 0.0
node: 339
formulation: LEFPAI