instance: r_40_0.1_84.txt
obj: 7.0
bound: 6.0
gap: 0.14285714285510204
time: 0.36352992057800293
preprocess_time: 0.042029
node: 9
algo: SFD