instance: r_40_0.2_148.txt
obj: 244.0
bound: 239.0
gap: 0.020491803278688523
time: 3599.9532220363617
preprocess_time: 0.048055
sepa_time: 0.0
node: 520716
formulation: LEFPI