instance: r_40_0.1_84.txt
obj: 22.0
bound: 16.131883258433362
gap: 0.26673257916090753
time: 1881.5689680576324
preprocess_time: 0.764441
node: 14895
algo: EFPV