instance: r_40_0.2_148.txt
obj: 26.0
bound: 10.837508864744567
gap: 0.5831727359691199
time: 1800.5257771015167
preprocess_time: 0.063394
node: 5015
algo: RF