instance: r_40_0.3_219.txt
obj: 358.0
bound: 351.0
gap: 0.019553072625698324
time: 3598.5939490795135
preprocess_time: 1.410832
sepa_time: 0.0
node: 66225
formulation: LEFPD