instance: r_40_0.3_219.txt
obj: 0.0
bound: 0.0
gap: 0.0
time: 3.0844569206237793
preprocess_time: 0.126697
node: 0
algo: EVFP