instance: r_40_0.3_219.txt
obj: 251.0
bound: 238.0
gap: 0.05179282868525897
time: 3599.609673023224
preprocess_time: 0.405334
sepa_time: 0.0
node: 122609
formulation: EVFP