instance: r_40_0.2_148.txt
obj: 244.0
bound: 240.0
gap: 0.01639344262295082
time: 7199.963758945465
preprocess_time: 0.037873
sepa_time: 3.1e-322
node: 954568
formulation: LEVFP