instance: r_40_0.2_148.txt
obj: 244.0
bound: 240.0
gap: 0.01639344262295082
time: 3599.9517228603363
preprocess_time: 0.05062
sepa_time: 0.0
node: 474788
formulation: LEVFP