instance: r_40_0.2_148.txt
obj: 3.0
bound: 3.0
gap: 0.0
time: 1586.775771856308
preprocess_time: 1.277051
sepa_time: 0.0
node: 13772
formulation: LEFPV