instance: r_40_0.1_84.txt
obj: 146.0
bound: 146.0
gap: 0.0
time: 631.8591270446777
preprocess_time: 1.299007
sepa_time: 0.0
node: 112158
formulation: LEFPAD