instance: r_40_0.4_297.txt
obj: 7.0
bound: 1.0
gap: 0.8571428571306122
time: 1386.9787728786469
preprocess_time: 673.601717
node: 12
algo: EFPV