instance: r_40_0.1_84.txt
obj: 23.0
bound: 19.0
gap: 0.17391304347826086
time: 3600.934508085251
preprocess_time: 0.053051
node: 9119
formulation: EF