instance: r_40_0.3_219.txt
obj: 3.0
bound: 0.9999999999999997
gap: 0.6666666666444446
time: 3601.887214899063
preprocess_time: 0.054342
node: 1485
formulation: LEFPD