instance: r_40_0.2_148.txt
obj: 29.0
bound: 28.0
gap: 0.03448275862057075
time: 0.48351502418518066
preprocess_time: 0.09084
node: 230
algo: SFD