instance: r_40_0.2_148.txt
obj: 23.0
bound: 16.0
gap: 0.30434782608695654
time: 3599.935823917389
preprocess_time: 0.070418
node: 47046
formulation: LEFPI