instance: r_40_0.2_148.txt
obj: 30.00000028705847
bound: 14.396458136658712
gap: 0.5201180667014483
time: 178.7836480140686
preprocess_time: 1621.292658
node: 8
algo: EFPV2