instance: r_40_0.4_297.txt
obj: 3.0
bound: 1.0000000000000018
gap: 0.6666666666444439
time: 1800.357304096222
preprocess_time: 0.036004
node: 667
algo: EFPLg