instance: r_40_0.3_219.txt
obj: 349.0
bound: 344.0
gap: 0.014326647564469915
time: 3599.9529440402985
preprocess_time: 0.050084
sepa_time: 1.0e-323
node: 270758
formulation: LEVFP