instance: r_40_0.3_219.txt
obj: 353.0
bound: 324.0
gap: 0.0821529745042493
time: 7199.713555812836
preprocess_time: 0.302076
sepa_time: 0.0
node: 837330
formulation: EFP