instance: r_40_0.3_219.txt
obj: 35.0
bound: 13.34027229676403
gap: 0.618849362947831
time: 1821.0545659065247
preprocess_time: 27.059514
node: 0
algo: EFPV