instance: r_40_0.2_148.txt
obj: 3.0
bound: 3.0
gap: 0.0
time: 1590.3236730098724
preprocess_time: 0.04593
node: 13772
formulation: EFP