instance: r_40_0.4_297.txt
org_node: 40
org_edge: 297
org_min_len: 0.25323666043392273
org_avg_len: 0.6292825978513679
org_max_len: 0.9985183215968443
dtf_node: 191
dtf_edge: 448
dtf_min_len: 0.0015759095101348652
dtf_avg_len: 0.41718065080771444
dtf_max_len: 0.62928196856877
sdb_node: 191
sdb_edge: 448
sdb_min_len: 0.0015759095101348652
sdb_avg_len: 0.41718065080771444
sdb_max_len: 0.62928196856877
dlt: 0.6292825978513679
algo: None