instance: r_40_0.4_297.txt
obj: 29.0
bound: 27.999999999999996
gap: 0.034482758620570875
time: 22.187391996383667
preprocess_time: 0.128027
node: 614
algo: SFD