instance: r_40_0.4_297.txt
obj: 467.0
bound: 461.0
gap: 0.01284796573875803
time: 7198.777760982513
preprocess_time: 1.225717
sepa_time: 0.0
node: 3440137
formulation: LEFP