instance: r_40_0.4_297.txt
obj: 3.0
bound: 0.9999999999999997
gap: 0.6666666666444446
time: 1800.140920162201
preprocess_time: 0.03818
node: 647
algo: EVFP