instance: r_40_0.4_297.txt
obj: 2.0
bound: 2.0
gap: 0.0
time: 28.647618055343628
preprocess_time: 1.248394
sepa_time: 1.383974657043369e13
node: 1
formulation: LEFPAV