instance: r_40_0.4_297.txt
obj: 2.0
bound: 0.9999999999999999
gap: 0.499999999975
time: 2160.432737827301
preprocess_time: 0.058824
node: 619
formulation: LEVFP