instance: r_40_0.4_297.txt
obj: 42.0
bound: 12.437479445192114
gap: 0.7038695370175595
time: 3603.553589820862
preprocess_time: 0.108737
node: 1060
formulation: LEFPD