instance: r_40_0.4_297.txt
obj: 473.0
bound: 449.0
gap: 0.0507399577167019
time: 7199.263556957245
preprocess_time: 0.760292
sepa_time: 0.0
node: 440969
formulation: EFP