instance: r_40_0.1_84.txt
obj: 145.9999990803709
bound: 145.9999990803709
gap: 0.0
time: 94.06164288520813
preprocess_time: 1.424326
sepa_time: 0.0
node: 30799
formulation: LEFPAI