instance: r_40_0.4_297.txt
obj: 35.0
bound: 7.126047129810054
gap: 0.796398653431723
time: 1800.6131598949432
preprocess_time: 0.083334
node: 636
algo: ERF