instance: r_40_0.3_219.txt
obj: 349.0
bound: 342.0
gap: 0.02005730659025788
time: 7198.404886960983
preprocess_time: 1.598297
sepa_time: 0.0
node: 172379
formulation: LEFPAD