instance: r_40_0.3_219.txt
obj: 2.0
bound: 0.9999999999999997
gap: 0.4999999999750002
time: 958.3240489959717
preprocess_time: 0.044904
node: 1071
algo: EFP0