instance: r_40_0.3_219.txt
obj: 6.0
bound: 0.9999999999999999
gap: 0.8333333333194445
time: 1668.5403981208801
preprocess_time: 261.252456
node: 23
algo: EFPV