instance: r_40_0.3_219.txt
obj: 2.0
bound: 1.0000000000000002
gap: 0.4999999999999999
time: 26.97427010536194
preprocess_time: 0.059268
sepa_time: 0.0
node: 1
formulation: LEVFP