instance: r_40_0.3_219.txt
obj: 23.99999999800517
bound: 14.0
gap: 0.4166666666181812
time: 3599.9683690071106
preprocess_time: 0.088826
sepa_time: 0.0
node: 10254
formulation: LEFPV2