instance: r_40_0.3_219.txt
obj: 348.0
bound: 344.0
gap: 0.011494252873563218
time: 7198.3336679935455
preprocess_time: 1.668906
sepa_time: 3.274211772241228e14
node: 619904
formulation: LEFPAV