instance: r_40_0.3_219.txt
obj: 2.0
bound: 1.0000000000000002
gap: 0.4999999999749999
time: 1013.7336091995239
preprocess_time: 0.050278
node: 230
algo: ERF