instance: r_40_0.4_297.txt
obj: 2.0
bound: 2.0
gap: 0.0
time: 31.234076023101807
preprocess_time: 0.048025
node: 1
formulation: LEFPV