instance: r_40_0.1_84.txt
obj: 148.0
bound: 142.0
gap: 0.04054054054054054
time: 3599.934863805771
preprocess_time: 0.071043
sepa_time: 0.0
node: 126183
formulation: EVFP