instance: r_40_0.1_84.txt
obj: 6.0
bound: 4.999999999999905
gap: 0.16666666666390473
time: 2567.297024011612
preprocess_time: 0.144003
node: 55355
formulation: LEFPI