instance: r_40_0.4_297.txt
obj: 2.0
bound: 2.0
gap: 0.0
time: 31.4205379486084
preprocess_time: 1.302142
sepa_time: 0.0
node: 1
formulation: LEFP