instance: r_40_0.3_219.txt
obj: 2.0
bound: 2.0
gap: 0.0
time: 35.508867025375366
preprocess_time: 1.104778
sepa_time: 1.3842082220897668e13
node: 1
formulation: LEFPAV