instance: r_40_0.1_84.txt
obj: 22.0
bound: 16.461081450805942
gap: 0.25176902496222187
time: 1801.477690935135
preprocess_time: 0.120293
node: 50818
algo: RF