instance: r_40_0.4_297.txt
obj: 3.0
bound: 1.04
gap: 0.6533333333115555
time: 1803.026521205902
preprocess_time: 0.060459
node: 2
algo: ESFV