instance: r_40_0.2_148.txt
obj: 4.0
bound: 3.0
gap: 0.25
time: 3599.968596935272
preprocess_time: 0.040555
sepa_time: 1.0
node: 15487
formulation: LEVFP