instance: r_40_0.1_84.txt
obj: 146.0
bound: 145.00000000000003
gap: 0.006849315068492956
time: 58.19916820526123
preprocess_time: 0.03682
sepa_time: 6.9295361966703e-310
node: 18063
formulation: LEVFP