instance: r_40_0.4_297.txt
obj: 2.0
bound: 2.0
gap: 0.0
time: 7.681162118911743
preprocess_time: 0.057342
node: 299
algo: SFD