instance: r_40_0.2_148.txt
obj: 4.0
bound: 2.0000000000000004
gap: 0.4999999999874999
time: 1800.735122203827
preprocess_time: 0.02512
node: 6166
algo: ERF