instance: r_40_0.1_84.txt
obj: 22.0
bound: 16.076606778651175
gap: 0.26924514642372277
time: 1801.4661839008331
preprocess_time: 0.053837
node: 27209
algo: EVFP