instance: r_40_0.1_84.txt
obj: 6.0
bound: 4.99999999999996
gap: 0.16666666666389554
time: 1692.2461459636688
preprocess_time: 0.03771
node: 15987
formulation: LEFPD