instance: r_40_0.2_148.txt
obj: 27.0
bound: 11.148006212783669
gap: 0.5871108810058379
time: 1800.5535809993744
preprocess_time: 0.1188
node: 13077
algo: F