instance: r_40_0.4_297.txt
obj: 32.0
bound: 7.850207533473382
gap: 0.7546810145765984
time: 1800.5350849628448
preprocess_time: 0.115625
node: 478
algo: F0