instance: r_40_0.2_148.txt
obj: 4.0
bound: 3.0
gap: 0.25
time: 3599.9607679843903
preprocess_time: 0.040852
sepa_time: 3.0e-323
node: 18172
formulation: LEVFP