instance: r_40_0.2_148.txt
obj: 29.0
bound: 11.686497521990184
gap: 0.5970173268258661
time: 1800.4514758586884
preprocess_time: 0.056293
node: 2631
algo: EFP