instance: r_40_0.2_148.txt
obj: 244.0
bound: 240.0
gap: 0.01639344262295082
time: 7198.741697072983
preprocess_time: 1.259882
sepa_time: 0.0
node: 1392650
formulation: LEFP