instance: r_40_0.4_297.txt
obj: 320.0
bound: 313.0
gap: 0.021875
time: 3599.9375700950623
preprocess_time: 0.068193
sepa_time: 2.08e-322
node: 73004
formulation: LEVFP