instance: r_40_0.2_148.txt
obj: 4.0
bound: 1.9999999999999991
gap: 0.4999999999875002
time: 1801.2446010112762
preprocess_time: 0.049513
node: 12720
formulation: EFP