instance: r_40_0.3_219.txt
obj: 2.0
bound: 1.0000000000000002
gap: 0.4999999999999999
time: 58.54981994628906
preprocess_time: 0.042505
sepa_time: 6.94881498397587e-310
node: 1
formulation: EVFP