instance: r_40_0.3_219.txt
obj: 197.0
bound: 197.0
gap: 0.0
time: 0.0399169921875
preprocess_time: 1.74479
sepa_time: 0.0
node: 1
formulation: LEFPAI