instance: r_40_0.1_84.txt
obj: 6.0
bound: 6.0
gap: 0.0
time: 10.331125974655151
preprocess_time: 0.026937
sepa_time: 0.0
node: 624
formulation: EFP