instance: r_40_0.2_148.txt
obj: 27.0
bound: 15.149560517471185
gap: 0.4389051660179602
time: 1800.368304014206
preprocess_time: 0.070315
node: 2847
formulation: EFPD