instance: r_40_0.1_84.txt
obj: 146.0
bound: 146.0
gap: 0.0
time: 55.17595386505127
preprocess_time: 1.244172
sepa_time: 2.3048682225772594e13
node: 20870
formulation: LEFPV