instance: r_40_0.2_148.txt
obj: 244.0
bound: 240.0
gap: 0.01639344262295082
time: 7198.584735155106
preprocess_time: 1.416992
sepa_time: 0.0
node: 1244826
formulation: LEFP