instance: r_40_0.2_148.txt
obj: 3.0
bound: 3.0
gap: 0.0
time: 1576.4646899700165
preprocess_time: 0.047184
node: 13772
formulation: LEFP