instance: r_40_0.2_148.txt
obj: 4.0
bound: 1.7930375457390115
gap: 0.5517406135514537
time: 1801.1902389526367
preprocess_time: 0.040311
node: 6984
algo: ERF