instance: r_40_0.1_84.txt
obj: 22.0
bound: 16.6045963898814
gap: 0.24524561864063976
time: 1801.5515937805176
preprocess_time: 0.051933
node: 68466
algo: EFP