instance: r_40_0.3_219.txt
obj: 2.0
bound: 0.9999999999999961
gap: 0.499999999975002
time: 1642.4163780212402
preprocess_time: 0.04788
node: 1065
algo: F