instance: r_40_0.2_148.txt
obj: 26.0
bound: 12.318037901211316
gap: 0.5262293114898485
time: 1800.2648839950562
preprocess_time: 0.103466
node: 5160
algo: F0