instance: r_40_0.2_148.txt
obj: 5.0
bound: 1.5501101521274658
gap: 0.6899779695607072
time: 1800.670147895813
preprocess_time: 0.032469
node: 1006
formulation: EFPD