instance: r_40_0.4_297.txt
obj: 2.0
bound: 1.0000000000000002
gap: 0.4999999999999999
time: 29.85846710205078
preprocess_time: 0.069845
sepa_time: 0.0
node: 1
formulation: LEVFP