instance: r_40_0.3_219.txt
obj: 2.0
bound: 0.9999999999999991
gap: 0.49999999997500044
time: 1016.2070829868317
preprocess_time: 0.054915
node: 1328
formulation: LEVFP