instance: r_40_0.2_148.txt
obj: 138.0
bound: 138.0
gap: 0.0
time: 0.005012035369873047
preprocess_time: 1.804732
sepa_time: 0.0
node: 0
formulation: LEFPA