instance: r_40_0.4_297.txt
obj: 468.0
bound: 461.0
gap: 0.014957264957264958
time: 7198.6460020542145
preprocess_time: 1.354948
sepa_time: 0.0
node: 3026463
formulation: LEFPAI