instance: r_40_0.1_84.txt
obj: 21.0
bound: 15.886528983269766
gap: 0.24349861984313734
time: 1801.7782201766968
preprocess_time: 0.059876
node: 44931
formulation: LEVFP