instance: r_40_0.3_219.txt
obj: 349.0
bound: 341.0
gap: 0.022922636103151862
time: 3599.952894926071
preprocess_time: 0.049836
sepa_time: 0.0
node: 325052
formulation: LEFP