instance: r_40_0.1_84.txt
obj: 6.0
bound: 5.0
gap: 0.16666666666388888
time: 94.82907009124756
preprocess_time: 0.020265
node: 1938
algo: ESFV