instance: r_40_0.2_148.txt
obj: 0.0
bound: 0.0
gap: 0.0
time: 2.7248570919036865
preprocess_time: 0.021243
node: 0
algo: EVFP0