instance: r_40_0.1_84.txt
obj: 6.0
bound: 5.0
gap: 0.16666666666388888
time: 64.47293615341187
preprocess_time: 0.039479
node: 1165
formulation: EVFP