instance: r_40_0.1_84.txt
obj: 146.0
bound: 146.0
gap: 0.0
time: 49.04622411727905
preprocess_time: 0.936765
sepa_time: 0.0
node: 22659
formulation: LEFP