instance: r_40_0.2_148.txt
obj: 26.999999770721388
bound: 10.827029762064358
gap: 0.5989988942938803
time: 1800.8395688533783
preprocess_time: 0.109315
node: 7155
formulation: EVFP