instance: r_40_0.4_297.txt
obj: 470.0
bound: 453.0
gap: 0.036170212765957444
time: 3599.505968093872
preprocess_time: 0.513229
sepa_time: 4.243991582e-314
node: 15769
formulation: EVFP