instance: r_40_0.4_297.txt
obj: 4.0
bound: 0.9999999999999997
gap: 0.7499999999812501
time: 1800.167815208435
preprocess_time: 0.155966
node: 50
algo: EFPD