instance: r_40_0.2_148.txt
obj: 3.0
bound: 3.0
gap: 0.0
time: 3115.6608090400696
preprocess_time: 0.958716
sepa_time: 0.0
node: 25318
formulation: LEFP