instance: r_40_0.4_297.txt
obj: 3.0
bound: 1.0000000000000024
gap: 0.6666666666444436
time: 3604.037479877472
preprocess_time: 0.059069
node: 1875
formulation: EFP