instance: r_40_0.2_148.txt
obj: 27.999999750000015
bound: 14.683000065655033
gap: 0.4756071358285428
time: 1800.7530870437622
preprocess_time: 0.087136
node: 6376
algo: ESFV