instance: r_40_0.4_297.txt
obj: 2.0
bound: 0.9999999999999998
gap: 0.4999999999750001
time: 2854.860764026642
preprocess_time: 0.060806
node: 2005
formulation: LEFPI