instance: r_40_0.3_219.txt
obj: 2.0
bound: 2.0
gap: 0.0
time: 21.596209049224854
preprocess_time: 1.308828
sepa_time: 0.0
node: 1
formulation: LEFP