instance: r_40_0.2_148.txt
obj: 183.0
bound: 175.0
gap: 0.04371584699453552
time: 3599.955195903778
preprocess_time: 0.04775
sepa_time: 0.0
node: 112835
formulation: LEFPD