instance: r_40_0.2_148.txt
obj: 5.0
bound: 1.620738215726631
gap: 0.6758523568411567
time: 1800.4173228740692
preprocess_time: 0.0441
node: 1062
algo: EFPD