instance: r_40_0.2_148.txt
obj: 4.0
bound: 1.5065236942401443
gap: 0.6233690764243798
time: 1800.4847040176392
preprocess_time: 0.045451
node: 9586
algo: SF