instance: r_40_0.3_219.txt
obj: 3.0
bound: 1.0
gap: 0.6666666666444444
time: 1800.465031862259
preprocess_time: 0.033888
node: 2364
algo: EVFP