instance: r_40_0.4_297.txt
obj: 470.0
bound: 453.0
gap: 0.036170212765957444
time: 3599.453147172928
preprocess_time: 0.565725
sepa_time: 4.66e-321
node: 15857
formulation: EVFP