instance: r_40_0.1_84.txt
obj: 21.0
bound: 16.464439973043614
gap: 0.2159790489016566
time: 1802.1905019283295
preprocess_time: 0.05444
node: 51322
formulation: EFPI