instance: r_40_0.3_219.txt
obj: 2.0
bound: 2.0
gap: 0.0
time: 164.1569459438324
preprocess_time: 1.369562
sepa_time: 0.0
node: 161
formulation: LEFPD