instance: r_40_0.1_84.txt
obj: 22.0
bound: 14.69590864463801
gap: 0.33200415251494503
time: 1800.9884870052338
preprocess_time: 0.053129
node: 41088
algo: EVFPV