instance: r_40_0.2_148.txt
obj: 246.0
bound: 226.0
gap: 0.08130081300813008
time: 7199.886993169785
preprocess_time: 0.12438
sepa_time: 0.0
node: 1214045
formulation: EFP