instance: r_40_0.4_297.txt
obj: 2.0
bound: 1.0000000000000002
gap: 0.4999999999999999
time: 29.085793018341064
preprocess_time: 0.050896
sepa_time: 4.0e-323
node: 1
formulation: LEVFP