instance: r_40_0.4_297.txt
obj: 29.999999999999996
bound: 7.45091837791037
gap: 0.751636054067149
time: 1800.1651508808136
preprocess_time: 0.154196
node: 110
algo: RF