instance: r_40_0.1_84.txt
obj: 6.0
bound: 5.000000000000001
gap: 0.16666666666666652
time: 93.65097093582153
preprocess_time: 0.035444
sepa_time: 0.0
node: 4460
formulation: LEFPD