instance: r_40_0.4_297.txt
obj: 2.0
bound: 1.0
gap: 0.499999999975
time: 1212.5799460411072
preprocess_time: 0.014534
node: 569
algo: F0