instance: r_40_0.3_219.txt
obj: 358.0
bound: 350.0
gap: 0.0223463687150838
time: 3599.954931974411
preprocess_time: 0.051193
sepa_time: 0.0
node: 60911
formulation: LEFPD