instance: r_40_0.4_297.txt
obj: 31.000000178718373
bound: 8.124438921173006
gap: 0.7379213266319832
time: 3601.7334821224213
preprocess_time: 0.104872
node: 513
formulation: LEVFP