instance: r_40_0.1_84.txt
obj: 146.0
bound: 146.0
gap: 0.0
time: 50.14035105705261
preprocess_time: 1.369044
sepa_time: 0.0
node: 16393
formulation: LEFPA