instance: r_40_0.3_219.txt
obj: 349.0
bound: 344.0
gap: 0.014326647564469915
time: 7199.97274184227
preprocess_time: 0.029591
sepa_time: 0.0
node: 539784
formulation: LEVFP