instance: r_40_0.4_297.txt
obj: 467.99999999421823
bound: 461.0
gap: 0.01495726494509553
time: 7198.690690994263
preprocess_time: 1.309926
sepa_time: 0.0
node: 3509730
formulation: LEFPAI