instance: r_25_0.2_58.txt
obj: 98.0
bound: 97.0000021243437
gap: 0.010204059955676584
time: 459.36452198028564
preprocess_time: 0.035127
sepa_time: 1.5e-323
node: 236708
formulation: LEVFP