instance: r_25_0.1_36.txt
obj: 66.0
bound: 66.0
gap: 0.0
time: 1.446855068206787
preprocess_time: 0.034446
sepa_time: 6.9178663367277e-310
node: 2142
formulation: LEVFP