instance: r_25_0.1_36.txt
obj: 67.0
bound: 59.0
gap: 0.11940298507462686
time: 7217.203177928925
preprocess_time: 0.053816
sepa_time: 0.0
node: 44337
formulation: EF