instance: r_25_0.4_112.txt
obj: 182.0
bound: 181.00000214143677
gap: 0.005494493728369415
time: 1795.5260050296783
preprocess_time: 1.300451
sepa_time: 0.0
node: 677610
formulation: LEFP