instance: r_25_0.4_112.txt
obj: 182.0
bound: 181.00000204804184
gap: 0.005494494241528375
time: 4648.127279043198
preprocess_time: 1.286844
sepa_time: 1.9844583711106472e14
node: 1658489
formulation: LEFPV