instance: r_25_0.3_98.txt
obj: 2.0
bound: 2.0
gap: 0.0
time: 10.493163108825684
preprocess_time: 0.031203
sepa_time: 6.91159231974357e-310
node: 190
formulation: EVFP