instance: r_25_0.3_98.txt
obj: 164.0
bound: 163.00000231988884
gap: 0.006097546829946124
time: 1092.8594160079956
preprocess_time: 1.300617
sepa_time: 1.8446742596242027e13
node: 400205
formulation: LEFPV2