instance: r_25_0.2_58.txt
obj: 4.0
bound: 4.0
gap: 0.0
time: 106.16953492164612
preprocess_time: 0.028733
sepa_time: 6.9492960003591e-310
node: 5275
formulation: LEVFP