instance: r_25_0.2_58.txt
obj: 4.0
bound: 4.0
gap: 0.0
time: 46.77521800994873
preprocess_time: 0.944116
sepa_time: 0.0
node: 4716
formulation: LEFP