instance: r_25_0.4_112.txt
obj: 2.0
bound: 2.0
gap: 0.0
time: 2.651005983352661
preprocess_time: 0.033386
sepa_time: 4.06e-321
node: 1
formulation: EVFP