instance: r_25_0.4_112.txt
obj: 182.0
bound: 181.0000023356686
gap: 0.005494492661161554
time: 1525.3570029735565
preprocess_time: 1.232935
sepa_time: 1.3849497477634918e13
node: 629835
formulation: LEFPV2