instance: r_25_0.2_58.txt
org_node: 25
org_edge: 58
org_min_len: 0.27748102256876905
org_avg_len: 0.6831242881041618
org_max_len: 0.9946460943203358
dtf_node: 27
dtf_edge: 60
dtf_min_len: 0.10670012132380063
dtf_avg_len: 0.6603534785006896
dtf_max_len: 0.9946460943203358
sdb_node: 226
sdb_edge: 259
sdb_min_len: 0.11411265498696509
sdb_avg_len: 0.15297763980710954
sdb_max_len: 0.17066690094007234
dlt: 0.17078107202604045
formulation: None