instance: r_25_0.3_98.txt
obj: 2.0
bound: 2.0
gap: 0.0
time: 28.630903959274292
preprocess_time: 1.295929
sepa_time: 0.0
node: 665
formulation: LEFPI