instance: r_25_0.1_36.txt
obj: 4.0
bound: 4.0
gap: 0.0
time: 2.151397943496704
preprocess_time: 1.236992
sepa_time: 0.0
node: 524
formulation: LEFPD