instance: r_25_0.1_36.txt
obj: 5.0
bound: 5.0
gap: 0.0
time: 295.8328609466553
preprocess_time: 0.013392
sepa_time: 6.92532914076333e-310
node: 11197
formulation: EF