instance: r_25_0.1_36.txt
obj: 66.0
bound: 66.0
gap: 0.0
time: 2.6522350311279297
preprocess_time: 1.281995
sepa_time: 2.7716467492113223e13
node: 2785
formulation: LEFPV2