instance: r_25_0.3_98.txt
obj: 164.0
bound: 163.000002135307
gap: 0.006097547955445124
time: 979.6686041355133
preprocess_time: 1.288406
sepa_time: 0.0
node: 369448
formulation: LEFP