instance: r_25_0.1_36.txt
obj: 66.0
bound: 65.0
gap: 0.015151515151515152
time: 7199.95929312706
preprocess_time: 0.043232
sepa_time: 0.0
node: 226818
formulation: EVFP