instance: r_25_0.4_112.txt
obj: 184.0
bound: 171.00000000000006
gap: 0.07065217391304317
time: 7199.915380954742
preprocess_time: 0.092375
sepa_time: 0.0
node: 1992231
formulation: EFP