instance: r_25_0.3_98.txt
obj: 165.0
bound: 158.0
gap: 0.04242424242424243
time: 7199.928341150284
preprocess_time: 0.079539
sepa_time: 0.0
node: 233234
formulation: EVFP