instance: r_25_0.1_36.txt
obj: 4.0
bound: 4.0
gap: 0.0
time: 2.705789089202881
preprocess_time: 1.224738
sepa_time: 1.84619108101188e13
node: 594
formulation: LEFPV2