instance: r_25_0.2_58.txt
obj: 4.0
bound: 4.0
gap: 0.0
time: 45.914506912231445
preprocess_time: 1.290565
sepa_time: 0.0
node: 4269
formulation: LEFPI