instance: r_25_0.3_98.txt
obj: 2.0
bound: 2.0
gap: 0.0
time: 51.74724197387695
preprocess_time: 1.227776
sepa_time: 2.770236770289792e13
node: 731
formulation: LEFPV2