instance: r_30_0.1_54.txt
obj: 5.0
bound: 5.0
gap: 0.0
time: 17.238774061203003
preprocess_time: 0.023864
sepa_time: 0.0
node: 2501
formulation: EVFP