instance: r_30_0.1_54.txt
obj: 5.0
bound: 5.0
gap: 0.0
time: 7.988764047622681
preprocess_time: 0.028357
sepa_time: 0.0
node: 2430
formulation: EFP