instance: r_30_0.1_54.txt
obj: 97.0
bound: 96.00000266922882
gap: 0.010309250832692575
time: 117.69631290435791
preprocess_time: 1.29205
sepa_time: 0.0
node: 122901
formulation: LEFP