instance: r_30_0.3_131.txt
obj: 3.0
bound: 3.0
gap: 0.0
time: 394.6617240905762
preprocess_time: 1.296358
sepa_time: 0.0
node: 4118
formulation: LEFPI