instance: r_30_0.3_131.txt
org_node: 30
org_edge: 131
org_min_len: 0.25167359103214426
org_avg_len: 0.6043883218165743
org_max_len: 0.996803218117645
dtf_node: 30
dtf_edge: 131
dtf_min_len: 0.25167359103214426
dtf_avg_len: 0.6043883218165743
dtf_max_len: 0.996803218117645
sdb_node: 30
sdb_edge: 131
sdb_min_len: 0.25167359103214426
sdb_avg_len: 0.6043883218165743
sdb_max_len: 0.996803218117645
dlt: 1.2087766436331486
formulation: None