instance: r_30_0.4_188.txt
obj: 299.0
bound: 292.0
gap: 0.023411371237458192
time: 7198.761262893677
preprocess_time: 1.240668
sepa_time: 2.7658189939867523e13
node: 6469408
formulation: LEFPV2