instance: r_30_0.4_188.txt
obj: 299.0
bound: 287.0
gap: 0.04013377926421405
time: 7199.717912197113
preprocess_time: 0.298037
sepa_time: 6.91302972588567e-310
node: 124524
formulation: EVFP