instance: r_30_0.4_188.txt
obj: 2.0
bound: 2.0
gap: 0.0
time: 18.70633316040039
preprocess_time: 0.040917
sepa_time: 2.03e-322
node: 1
formulation: LEVFP