instance: r_30_0.4_188.txt
obj: 2.0
bound: 2.0
gap: 0.0
time: 88.50335001945496
preprocess_time: 0.037759
sepa_time: 0.0
node: 13
formulation: EFP