instance: r_30_0.4_188.txt
obj: 2.0
bound: 2.0
gap: 0.0
time: 40.3679301738739
preprocess_time: 0.039469
sepa_time: 5.0e-324
node: 1
formulation: EVFP