instance: r_30_0.1_54.txt
obj: 97.0
bound: 89.0
gap: 0.08247422680412371
time: 7199.94685292244
preprocess_time: 0.056214
sepa_time: 0.0
node: 2948507
formulation: EFP