instance: r_30_0.1_54.txt
obj: 5.0
bound: 5.0
gap: 0.0
time: 10.352635145187378
preprocess_time: 0.938709
sepa_time: 4.148494141672994e13
node: 2994
formulation: LEFPV2