instance: r_30_0.2_75.txt
obj: 4.0
bound: 4.0
gap: 0.0
time: 114.53033995628357
preprocess_time: 0.029071
sepa_time: 6.91543603381417e-310
node: 2367
formulation: EVFP