instance: r_30_0.3_131.txt
obj: 3.0
bound: 3.0
gap: 0.0
time: 205.46744012832642
preprocess_time: 1.230316
sepa_time: 1.3868633687254744e13
node: 3901
formulation: LEFPV2