instance: r_30_0.1_54.txt
obj: 97.0
bound: 96.00000467306758
gap: 0.01030923017456104
time: 576.0347149372101
preprocess_time: 0.955201
sepa_time: 0.0
node: 260459
formulation: LEFPD