instance: r_30_0.3_131.txt
obj: 3.0
bound: 3.0
gap: 0.0
time: 201.1051959991455
preprocess_time: 1.287341
sepa_time: 1.386863368724278e13
node: 4012
formulation: LEFPV