instance: r_30_0.1_54.txt
obj: 5.0
bound: 5.0
gap: 0.0
time: 19.437402963638306
preprocess_time: 1.207306
sepa_time: 0.0
node: 2853
formulation: LEFPI