instance: r_30_0.3_131.txt
obj: 3.0
bound: 3.0
gap: 0.0
time: 1272.6667139530182
preprocess_time: 0.033529
sepa_time: 0.0
node: 12461
formulation: LEVFP