instance: r_30_0.2_75.txt
obj: 126.0
bound: 125.00000203634585
gap: 0.007936491775032957
time: 4586.878352165222
preprocess_time: 0.036802
sepa_time: 1.0e-323
node: 936859
formulation: LEVFP