instance: r_30_0.2_75.txt
obj: 126.0
bound: 125.0000029887862
gap: 0.007936484215982484
time: 2387.9606840610504
preprocess_time: 1.246369
sepa_time: 1.8479813230240992e13
node: 707528
formulation: LEFPV2