instance: r_30_0.2_75.txt
obj: 4.0
bound: 4.0
gap: 0.0
time: 59.60856008529663
preprocess_time: 0.029849
sepa_time: 0.0
node: 1886
formulation: EFP