instance: r_30_0.3_131.txt
org_node: 30
org_edge: 131
org_min_len: 0.25167359103214426
org_avg_len: 0.6043883218165743
org_max_len: 0.996803218117645
dtf_node: 40
dtf_edge: 141
dtf_min_len: 0.10057666167508114
dtf_avg_len: 0.5615239018295833
dtf_max_len: 0.996803218117645
sdb_node: 486
sdb_edge: 587
sdb_min_len: 0.10221399566721036
sdb_avg_len: 0.13488052837814515
sdb_max_len: 0.1508727522732519
dlt: 0.15109708045414358
formulation: None