instance: r_30_0.3_131.txt
obj: 3.0
bound: 3.0
gap: 0.0
time: 3585.294075012207
preprocess_time: 0.033749
sepa_time: 6.4e-323
node: 19395
formulation: EVFP