instance: r_30_0.3_131.txt
obj: 208.0
bound: 205.0
gap: 0.014423076923076924
time: 7198.712651014328
preprocess_time: 1.288891
sepa_time: 2.2597559727239856e14
node: 1525378
formulation: LEFPV