instance: r_30_0.3_131.txt
obj: 208.0
bound: 205.0
gap: 0.014423076923076924
time: 7198.75425696373
preprocess_time: 1.247509
sepa_time: 0.0
node: 386274
formulation: LEFPD