instance: r_30_0.2_75.txt
obj: 126.0
bound: 124.0
gap: 0.015873015873015872
time: 7199.060460090637
preprocess_time: 0.940547
sepa_time: 0.0
node: 930409
formulation: LEFPD