instance: r_30_0.4_188.txt
obj: 2.0
bound: 2.0
gap: 0.0
time: 114.02316308021545
preprocess_time: 1.236044
sepa_time: 1.3840474872387312e13
node: 1
formulation: LEFPV2