instance: r_30_0.4_188.txt
obj: 298.0
bound: 294.0
gap: 0.013422818791946308
time: 7198.745177984238
preprocess_time: 1.257868
sepa_time: 0.0
node: 246019
formulation: LEFPD