instance: r_30_0.4_188.txt
obj: 302.0
bound: 281.0
gap: 0.0695364238410596
time: 7199.748980998993
preprocess_time: 0.267567
sepa_time: 0.0
node: 905179
formulation: EFP