instance: r_30_0.1_54.txt
obj: 97.0
bound: 96.00000250501427
gap: 0.01030925252562613
time: 153.75180292129517
preprocess_time: 1.31344
sepa_time: 0.0
node: 170030
formulation: LEFPI