instance: r_30_0.1_54.txt
obj: 5.0
bound: 5.0
gap: 0.0
time: 27.932477951049805
preprocess_time: 0.95083
sepa_time: 0.0
node: 3087
formulation: LEFPD