instance: r_40_0.2_148.txt
obj: 3.0
bound: 3.0
gap: 0.0
time: 4925.538551092148
preprocess_time: 0.039923
sepa_time: 6.8981018227823e-310
node: 30298
formulation: LEVFP