instance: r_40_0.2_148.txt
obj: 244.0
bound: 240.0
gap: 0.01639344262295082
time: 7198.923467159271
preprocess_time: 1.076978
sepa_time: 0.0
node: 1384452
formulation: LEFPI