instance: r_40_0.4_297.txt
obj: 2.0
bound: 2.0
gap: 0.0
time: 32.67424988746643
preprocess_time: 1.324135
sepa_time: 0.0
node: 1
formulation: LEFP