instance: r_40_0.2_148.txt
obj: 3.0
bound: 3.0
gap: 0.0
time: 1579.7975730895996
preprocess_time: 0.036691
sepa_time: 0.0
node: 13772
formulation: EFP