instance: r_40_0.2_148.txt
obj: 3.0
bound: 3.0
gap: 0.0
time: 476.4117259979248
preprocess_time: 1.233603
sepa_time: 0.0
node: 3463
formulation: LEFPD