instance: r_40_0.4_297.txt
obj: 468.0
bound: 464.0
gap: 0.008547008547008548
time: 7199.957474946976
preprocess_time: 0.045619
sepa_time: 6.90464194063714e-310
node: 384787
formulation: LEVFP