instance: r_40_0.4_297.txt
obj: 469.0
bound: 453.0
gap: 0.03411513859275053
time: 7199.301899909973
preprocess_time: 0.736416
sepa_time: 4.243991582e-314
node: 71911
formulation: EVFP