instance: r_40_0.1_84.txt
obj: 6.0
bound: 6.0
gap: 0.0
time: 55.54815983772278
preprocess_time: 1.22505
sepa_time: 0.0
node: 2838
formulation: LEFPD