instance: r_40_0.4_297.txt
obj: 467.0
bound: 461.0
gap: 0.01284796573875803
time: 7198.643763065338
preprocess_time: 1.359097
sepa_time: 6.2250128675273695e13
node: 2422600
formulation: LEFPV