instance: r_40_0.1_84.txt
obj: 146.0
bound: 146.0
gap: 0.0
time: 60.366801023483276
preprocess_time: 0.040073
sepa_time: 6.94762524205914e-310
node: 18777
formulation: LEVFP