instance: r_40_0.2_148.txt
obj: 3.0
bound: 3.0
gap: 0.0
time: 2704.698757171631
preprocess_time: 1.336975
sepa_time: 0.0
node: 42860
formulation: LEFPI