instance: r_40_0.3_219.txt
obj: 349.0
bound: 344.0
gap: 0.014326647564469915
time: 7198.7416179180145
preprocess_time: 1.260837
sepa_time: 3.4735936469015473e13
node: 714224
formulation: LEFPV2