instance: r_40_0.3_219.txt
obj: 351.0
bound: 326.0
gap: 0.07122507122507123
time: 7199.760754108429
preprocess_time: 0.250569
sepa_time: 0.0
node: 784504
formulation: EFP