instance: r_40_0.2_148.txt
obj: 244.0
bound: 240.0
gap: 0.01639344262295082
time: 7198.755834817886
preprocess_time: 1.246004
sepa_time: 2.4906639433256734e14
node: 1423982
formulation: LEFPV