instance: r_40_0.4_297.txt
obj: 467.0
bound: 463.0
gap: 0.008565310492505354
time: 7198.75777387619
preprocess_time: 1.245717
sepa_time: 0.0
node: 147074
formulation: LEFPD