instance: r_40_0.1_84.txt
obj: 146.0
bound: 146.0
gap: 0.0
time: 68.54713201522827
preprocess_time: 1.33511
sepa_time: 0.0
node: 20913
formulation: LEFP