instance: r_40_0.3_219.txt
org_node: 40
org_edge: 219
org_min_len: 0.2522867067292424
org_avg_len: 0.6331323715969808
org_max_len: 0.9989750688619838
dtf_node: 40
dtf_edge: 219
dtf_min_len: 0.2522867067292424
dtf_avg_len: 0.6331323715969808
dtf_max_len: 0.9989750688619838
sdb_node: 40
sdb_edge: 219
sdb_min_len: 0.2522867067292424
sdb_avg_len: 0.6331323715969808
sdb_max_len: 0.9989750688619838
dlt: 1.2662647431939615
formulation: None