instance: r_40_0.1_84.txt
obj: 6.0
bound: 6.0
gap: 0.0
time: 75.87245202064514
preprocess_time: 1.291481
sepa_time: 0.0
node: 5943
formulation: LEFPI