instance: r_40_0.1_84.txt
obj: 148.0
bound: 142.0
gap: 0.04054054054054054
time: 7199.935229063034
preprocess_time: 0.070496
sepa_time: 6.942783314485e-310
node: 251484
formulation: EVFP