instance: r_40_0.2_148.txt
obj: 244.0
bound: 234.0
gap: 0.040983606557377046
time: 7199.887006998062
preprocess_time: 0.124962
sepa_time: 2.0e-323
node: 63775
formulation: EVFP