instance: r_40_0.2_148.txt
obj: 3.0
bound: 3.0
gap: 0.0
time: 2676.411201953888
preprocess_time: 1.291731
sepa_time: 1.3888825535412703e13
node: 31466
formulation: LEFPV2