instance: r_40_0.1_84.txt
obj: 146.0
bound: 145.00002099288898
gap: 0.006849171281582346
time: 53.95259404182434
preprocess_time: 1.388763
sepa_time: 0.0
node: 21112
formulation: LEFPI