instance: K200.con.red
obj: 438.0
bound: 426.0
gap: 0.0273972602739726
time: 7198.6947519779205
preprocess_time: 1.308963
sepa_time: 3.7807863427060206e14
node: 809967
formulation: LEFPV