instance: K200.con.red
obj: 438.0
bound: 426.0
gap: 0.0273972602739726
time: 7198.740573883057
preprocess_time: 1.263128
sepa_time: 1.3884352249639906e13
node: 676076
formulation: LEFPV2