instance: K200.con.red
obj: 440.99999950389224
bound: 412.0
gap: 0.06575963613722473
time: 7199.493839979172
preprocess_time: 0.512754
sepa_time: 0.0
node: 28136
formulation: EVFP