instance: K200.con.red
obj: 438.0
bound: 426.0
gap: 0.0273972602739726
time: 7199.958124160767
preprocess_time: 0.045726
sepa_time: 6.9329218365252e-310
node: 403882
formulation: LEVFP