instance: K200.con.red
obj: 12.0
bound: 10.0
gap: 0.16666666666666666
time: 7198.74730014801
preprocess_time: 1.268534
sepa_time: 1.705817961446878e14
node: 48394
formulation: LEFPV