instance: K400.10.con.red
obj: 40.0
bound: 25.0
gap: 0.375
time: 7199.89869093895
preprocess_time: 0.114519
sepa_time: 0.0
node: 10396
formulation: EFP