instance: K400.2.red
obj: 38.0
bound: 25.0
gap: 0.34210526315789475
time: 7199.5622000694275
preprocess_time: 1.020393
sepa_time: 0.0
node: 10277
formulation: LEFP