instance: K400.8.con.red
obj: 46.0
bound: 29.0
gap: 0.3695652173913043
time: 7199.9251980781555
preprocess_time: 0.115922
sepa_time: 0.0
node: 1362
formulation: EVFP