instance: K400.9.con.red
obj: 1391.999999542422
bound: 1362.0
gap: 0.021551723816295738
time: 7198.979332923889
preprocess_time: 1.022523
sepa_time: 0.0
node: 354327
formulation: LEFPI