instance: K400.8.con.red
obj: 1649.0
bound: 1537.0
gap: 0.06791995148574893
time: 7194.996109008789
preprocess_time: 5.154781
sepa_time: 9.0e-323
node: 3452
formulation: EVFP