instance: K400.2.red
obj: 38.0
bound: 25.0
gap: 0.34210526315789475
time: 7199.094260215759
preprocess_time: 1.028561
sepa_time: 2.3086823239175506e14
node: 10272
formulation: LEFPV