instance: K400.4.red
obj: 36.0
bound: 25.0
gap: 0.3055555555555556
time: 7198.700613975525
preprocess_time: 1.34671
sepa_time: 6.855261124806858e13
node: 8857
formulation: LEFPV2