instance: K400.8.con.red
obj: 1638.0
bound: 1598.0
gap: 0.02442002442002442
time: 7198.563131093979
preprocess_time: 1.447658
sepa_time: 3.695090438264037e13
node: 203777
formulation: LEFPV2