instance: K400.4.red
obj: 1275.0
bound: 1140.0
gap: 0.10588235294117647
time: 7197.436662197113
preprocess_time: 2.580028
sepa_time: 0.0
node: 29981
formulation: EFP