instance: K400.4.red
obj: 1265.0
bound: 1233.0
gap: 0.025296442687747035
time: 7199.935546159744
preprocess_time: 0.069941
sepa_time: 0.0
node: 157818
formulation: LEVFP