instance: K400.3.con.red
obj: 43.0
bound: 31.0
gap: 0.27906976744186046
time: 7199.81927895546
preprocess_time: 1.109378
sepa_time: 0.0
node: 10292
formulation: LEFP