instance: K400.9.con.red
obj: 1395.0
bound: 1361.0
gap: 0.024372759856630826
time: 7199.046822071075
preprocess_time: 0.959531
sepa_time: 0.0
node: 489475
formulation: LEFP