instance: K400.1.con.red
obj: 1396.0
bound: 1334.0
gap: 0.044412607449856735
time: 7198.6176681518555
preprocess_time: 1.39969
sepa_time: 0.0
node: 675496
formulation: LEFPD