instance: K400.5.con.red
obj: 1328.0
bound: 1295.0
gap: 0.024849397590361446
time: 7198.621179103851
preprocess_time: 1.390677
sepa_time: 4.793122644968719e14
node: 635574
formulation: LEFPV