instance: K400.3.con.red
obj: 44.0
bound: 31.0
gap: 0.29545454545454547
time: 7199.907066106796
preprocess_time: 0.098997
sepa_time: 0.0
node: 10339
formulation: EFP