instance: K400.1.con.red
obj: 57.0
bound: 40.0
gap: 0.2982456140350877
time: 7199.907504081726
preprocess_time: 0.111719
sepa_time: 0.0
node: 10861
formulation: EFP