instance: K400.4.red
obj: 38.0
bound: 24.0
gap: 0.3684210526315789
time: 7198.592360973358
preprocess_time: 1.41638
sepa_time: 3.135001164946167e14
node: 10212
formulation: LEFPV