instance: K400.6.con.red
obj: 47.0
bound: 33.0
gap: 0.2978723404255319
time: 7199.934721946716
preprocess_time: 0.119841
sepa_time: 3.0e-323
node: 1613
formulation: EVFP