instance: K400.2.red
obj: 1577.0
bound: 1535.0
gap: 0.02663284717818643
time: 7199.002519130707
preprocess_time: 1.006492
sepa_time: 5.392083627258141e14
node: 388320
formulation: LEFPV