instance: K400.3.con.red
obj: 1338.0
bound: 1302.0
gap: 0.026905829596412557
time: 7199.065894842148
preprocess_time: 0.936402
sepa_time: 0.0
node: 357466
formulation: LEFPI