instance: K400.6.con.red
obj: 1720.0
bound: 1678.0
gap: 0.02441860465116279
time: 7198.593598842621
preprocess_time: 1.408956
sepa_time: 0.0
node: 279239
formulation: LEFPI