instance: K400.10.con.red
obj: 1522.0
bound: 1482.0
gap: 0.026281208935611037
time: 7199.051853895187
preprocess_time: 0.950385
sepa_time: 0.0
node: 282777
formulation: LEFPI