instance: K400.2.red
obj: 1578.0
bound: 1527.0
gap: 0.03231939163498099
time: 7198.959614992142
preprocess_time: 1.050159
sepa_time: 0.0
node: 82862
formulation: LEFPD