instance: K400.3.con.red
obj: 1338.0
bound: 1303.0
gap: 0.026158445440956652
time: 7199.063486099243
preprocess_time: 0.942305
sepa_time: 0.0
node: 479974
formulation: LEFP