instance: K400.8.con.red
obj: 44.0
bound: 25.0
gap: 0.4318181818181818
time: 7198.56100487709
preprocess_time: 1.450801
sepa_time: 5.538446106449629e13
node: 6111
formulation: LEFPV2