instance: K400.red
obj: 43.0
bound: 29.0
gap: 0.32558139534883723
time: 7198.957040071487
preprocess_time: 1.056137
sepa_time: 0.0
node: 10412
formulation: LEFPI