instance: K400.4.red
obj: 1265.0
bound: 1232.0
gap: 0.02608695652173913
time: 7199.042277097702
preprocess_time: 0.95877
sepa_time: 0.0
node: 184693
formulation: LEFPI