instance: K400.4.red
obj: 38.0
bound: 25.0
gap: 0.34210526315789475
time: 7199.910560846329
preprocess_time: 0.107609
sepa_time: 6.9251664031838e-310
node: 1231
formulation: LEVFP