instance: K400.10.con.red
obj: 41.0
bound: 26.0
gap: 0.36585365853658536
time: 7198.9916961193085
preprocess_time: 1.043567
sepa_time: 2.48879339770877e14
node: 2605
formulation: LEFPV