instance: K400.red
obj: 1523.0
bound: 1485.0
gap: 0.02495075508864084
time: 7199.0598430633545
preprocess_time: 0.94741
sepa_time: 0.0
node: 394839
formulation: LEFP