instance: K400.3.con.red
obj: 43.0
bound: 31.0
gap: 0.27906976744186046
time: 7199.96077299118
preprocess_time: 0.099748
sepa_time: 0.0
node: 3094
formulation: LEVFP