instance: K400.2.red
obj: 1575.0
bound: 1534.0
gap: 0.02603174603174603
time: 7198.587371826172
preprocess_time: 1.425304
sepa_time: 9.204359536050369e13
node: 361219
formulation: LEFPV2