instance: K400.3.con.red
org_node: 210
org_edge: 806
org_min_len: 0.008385894495412844
org_avg_len: 0.16797894684172976
org_max_len: 1.0
dtf_node: 249
dtf_edge: 845
dtf_min_len: 0.0004577710206115082
dtf_avg_len: 0.16022607237211134
dtf_max_len: 1.0
sdb_node: 273
sdb_edge: 869
sdb_min_len: 0.008385894495412844
sdb_avg_len: 0.15580095644929132
sdb_max_len: 0.33584193425076453
dlt: 0.3359578936834595
formulation: None