instance: K400.4.red
obj: 1263.0
bound: 1231.0
gap: 0.025336500395882817
time: 7198.628031015396
preprocess_time: 1.38401
sepa_time: 4.6060874031440306e14
node: 223945
formulation: LEFPV