instance: K400.6.con.red
obj: 47.0
bound: 32.0
gap: 0.3191489361702128
time: 7200.396661996841
preprocess_time: 0.114138
sepa_time: 1.033e-321
node: 947
formulation: LEVFP