instance: K400.3.con.red
obj: 1341.0
bound: 1294.0
gap: 0.035048471290082026
time: 7198.616374015808
preprocess_time: 1.396538
sepa_time: 0.0
node: 117729
formulation: LEFPD