instance: K400.7.con.red
obj: 1419.0
bound: 1387.0
gap: 0.02255109231853418
time: 7199.884272813797
preprocess_time: 0.126871
sepa_time: 5.0e-324
node: 154928
formulation: LEVFP