instance: K400.10.con.red
obj: 39.999999168329765
bound: 25.0
gap: 0.3749999870051523
time: 7198.66196513176
preprocess_time: 1.360905
sepa_time: 0.0
node: 4574
formulation: LEFPD