instance: K400.7.con.red
obj: 41.0
bound: 29.0
gap: 0.2926829268292683
time: 7200.63463807106
preprocess_time: 0.122636
sepa_time: 0.0
node: 10303
formulation: EFP