instance: K400.9.con.red
obj: 1406.0
bound: 1257.0
gap: 0.10597439544807966
time: 7196.984717845917
preprocess_time: 3.052609
sepa_time: 0.0
node: 30846
formulation: EFP