instance: K400.6.con.red
obj: 1716.0
bound: 1671.0
gap: 0.026223776223776224
time: 7198.595096826553
preprocess_time: 1.41965
sepa_time: 0.0
node: 87284
formulation: LEFPD