instance: K400.9.con.red
org_node: 211
org_edge: 862
org_min_len: 0.00034869935141920635
org_avg_len: 0.17476269431493838
org_max_len: 1.0
dtf_node: 284
dtf_edge: 935
dtf_min_len: 0.00034869935141920635
dtf_avg_len: 0.16111812032029635
dtf_max_len: 1.0
sdb_node: 312
sdb_edge: 963
sdb_min_len: 0.00034869935141920635
sdb_avg_len: 0.15643348130786805
sdb_max_len: 0.34849013180835486
dlt: 0.34952538862987675
formulation: None