instance: K400.red
obj: 43.0
bound: 28.0
gap: 0.3488372093023256
time: 7198.676010131836
preprocess_time: 1.351566
sepa_time: 2.115661690959917e14
node: 10297
formulation: LEFPV