instance: K400.5.con.red
obj: 45.0
bound: 28.0
gap: 0.37777777777777777
time: 7199.983087062836
preprocess_time: 1.021485
sepa_time: 0.0
node: 10306
formulation: LEFPI