instance: K400.red
obj: 44.0
bound: 30.0
gap: 0.3181818181818182
time: 7199.895071983337
preprocess_time: 0.111593
sepa_time: 0.0
node: 2857
formulation: EVFP