instance: K400.2.red
obj: 39.0
bound: 25.0
gap: 0.358974358974359
time: 7201.207853078842
preprocess_time: 0.123312
sepa_time: 0.0
node: 10214
formulation: EFP