instance: K400.4.red
obj: 1263.0
bound: 1226.0
gap: 0.02929532858273951
time: 7198.6936140060425
preprocess_time: 1.319079
sepa_time: 0.0
node: 61275
formulation: LEFPD