instance: K400.3.con.red
obj: 1348.0
bound: 1198.0
gap: 0.11127596439169139
time: 7197.304719924927
preprocess_time: 2.730834
sepa_time: 0.0
node: 41159
formulation: EFP