instance: K400.2.red
obj: 39.0
bound: 25.0
gap: 0.358974358974359
time: 7198.978971004486
preprocess_time: 1.033337
sepa_time: 0.0
node: 4159
formulation: LEFPD