instance: K400.5.con.red
obj: 1329.0
bound: 1297.0
gap: 0.024078254326561323
time: 7199.885781049728
preprocess_time: 0.124242
sepa_time: 1.01855798000167e-310
node: 342901
formulation: LEVFP