instance: K400.red
obj: 1522.0
bound: 1484.0
gap: 0.024967148488830485
time: 7198.601728916168
preprocess_time: 1.410115
sepa_time: 5.098702957524132e13
node: 365894
formulation: LEFPV2