instance: K400.6.con.red
obj: 1716.0
bound: 1679.0
gap: 0.02156177156177156
time: 7198.650064945221
preprocess_time: 1.365896
sepa_time: 1.0149580231858802e14
node: 343687
formulation: LEFPV2