instance: K400.9.con.red
obj: 44.0
bound: 32.0
gap: 0.2727272727272727
time: 7198.577883005142
preprocess_time: 1.433382
sepa_time: 1.6141973247249034e14
node: 10361
formulation: LEFPV