instance: K400.4.red
obj: 38.9999992578299
bound: 25.0
gap: 0.3589743467756391
time: 7198.917948961258
preprocess_time: 1.090848
sepa_time: 0.0
node: 10362
formulation: LEFPI