instance: K400.4.red
obj: 37.0
bound: 25.0
gap: 0.32432432432432434
time: 7202.2284779548645
preprocess_time: 0.101543
sepa_time: 0.0
node: 10262
formulation: EFP