instance: K400.1.con.red
obj: 57.0
bound: 46.0
gap: 0.19298245614035087
time: 7199.45236992836
preprocess_time: 1.349428
sepa_time: 4.161370101881445e13
node: 10424
formulation: LEFPV2