instance: K400.9.con.red
obj: 43.999999294662686
bound: 32.0
gap: 0.2727272610688045
time: 7199.903541088104
preprocess_time: 0.10695
sepa_time: 0.0
node: 977
formulation: LEVFP