instance: K400.7.con.red
obj: 41.0
bound: 28.0
gap: 0.3170731707317073
time: 7199.9974908828735
preprocess_time: 1.358515
sepa_time: 3.0423870848937644e14
node: 10259
formulation: LEFPV