instance: K400.6.con.red
org_node: 241
org_edge: 1035
org_min_len: 0.014855072463768116
org_avg_len: 0.17931249629737323
org_max_len: 1.0
dtf_node: 301
dtf_edge: 1095
dtf_min_len: 0.0005169490848726532
dtf_avg_len: 0.16948715403450373
dtf_max_len: 1.0
sdb_node: 321
sdb_edge: 1115
sdb_min_len: 0.014855072463768116
sdb_avg_len: 0.16644702571101486
sdb_max_len: 0.3516583054626533
dlt: 0.35862499259474645
formulation: None