instance: K400.6.con.red
obj: 48.0
bound: 32.0
gap: 0.3333333333333333
time: 7198.530570983887
preprocess_time: 1.491235
sepa_time: 4.378429438375787e14
node: 9170
formulation: LEFPV