instance: K400.red
obj: 1525.0
bound: 1485.0
gap: 0.02622950819672131
time: 7199.924069881439
preprocess_time: 0.082297
sepa_time: 0.13611660809580048
node: 217675
formulation: LEVFP