instance: K400.8.con.red
obj: 1636.999999943522
bound: 1598.0
gap: 0.023824068384158525
time: 7198.541651964188
preprocess_time: 1.462492
sepa_time: 0.0
node: 177803
formulation: LEFPI