instance: K400.8.con.red
obj: 45.0
bound: 26.0
gap: 0.4222222222222222
time: 7198.550786018372
preprocess_time: 1.460546
sepa_time: 3.685448906011296e14
node: 9143
formulation: LEFPV