instance: K100.7.red
obj: 4.0
bound: 4.0
gap: 0.0
time: 15.016080141067505
preprocess_time: 0.051862
sepa_time: 0.0
node: 59
formulation: EFP