instance: K100.con.red
obj: 169.0
bound: 169.0
gap: 0.0
time: 0.007541179656982422
preprocess_time: 1.354565
sepa_time: 0.0
node: 0
formulation: LEFPA