instance: K100.10.red
obj: 5.0
bound: 3.999999999999941
gap: 0.1999999999960118
time: 328.18245005607605
preprocess_time: 0.079385
node: 5556
algo: SF