instance: K100.6.red
obj: 108.0
bound: 103.0
gap: 0.046296296296296294
time: 3599.9390590190887
preprocess_time: 0.065369
sepa_time: 0.0
node: 170154
formulation: EVFP