instance: K100.6.red
obj: 79.0
bound: 78.00000000000001
gap: 0.012658227848101085
time: 149.1659071445465
preprocess_time: 0.059168
sepa_time: 0.0
node: 80062
formulation: LEFPI