instance: K100.9.red
obj: 3.0
bound: 3.0
gap: 0.0
time: 2.102224111557007
preprocess_time: 1.00207
sepa_time: 5.063333309564655e13
node: 1
formulation: LEFPAV