instance: K100.7.red
obj: 4.0
bound: 4.0
gap: 0.0
time: 2.6216259002685547
preprocess_time: 1.085481
sepa_time: 0.0
node: 1
formulation: LEFPA