instance: K100.5.con.red
obj: 7.0
bound: 5.999999999999991
gap: 0.14285714285510331
time: 732.8388969898224
preprocess_time: 0.085891
node: 8130
algo: EFP0