instance: K100.con.red
obj: 10.0
bound: 5.567270797188531
gap: 0.44327292027671417
time: 1800.1831851005554
preprocess_time: 0.080337
node: 2986
algo: EFPD