instance: K100.1.red
obj: 10.0
bound: 9.0
gap: 0.1
time: 7199.097855806351
preprocess_time: 0.909422
sepa_time: 0.0
node: 118881
formulation: LEFPV2