instance: K100.10.red
obj: 19.0
bound: 15.999999999999956
gap: 0.15789473684127658
time: 1801.5833559036255
preprocess_time: 0.043987
node: 41794
algo: ESFV