instance: K100.3.con.red
obj: 24.0
bound: 17.499999999999996
gap: 0.27083333333220505
time: 1801.1977889537811
preprocess_time: 0.095175
node: 8879
algo: EVFPL