instance: K100.3.con.red
obj: 7.0
bound: 5.9999999999999964
gap: 0.14285714285510254
time: 840.6595079898834
preprocess_time: 0.071065
node: 2355
algo: SF