instance: K100.6.red
obj: 108.0
bound: 107.00000523600079
gap: 0.009259210777770477
time: 277.1986129283905
preprocess_time: 1.352064
sepa_time: 0.0
node: 143008
formulation: LEFPV2