instance: K100.9.red
obj: 3.0
bound: 2.0
gap: 0.3333333333222222
time: 6.183182954788208
preprocess_time: 0.057503
node: 70
formulation: LEVFP