instance: K100.1.red
obj: 10.0
bound: 9.00000935502356
gap: 0.09999906449764406
time: 5560.934686899185
preprocess_time: 0.913144
sepa_time: 0.0
node: 33250
formulation: LEFPD