instance: K100.9.red
obj: 17.0
bound: 16.000000000000004
gap: 0.0588235294117645
time: 326.7406370639801
preprocess_time: 0.058298
node: 13484
formulation: LEFPD