instance: K100.con.red
obj: 8.0
bound: 8.0
gap: 0.0
time: 6913.521011829376
preprocess_time: 0.041153
sepa_time: 0.0
node: 117270
formulation: LEVFP