instance: K100.7.red
obj: 23.0
bound: 14.096138737122056
gap: 0.38712440273214055
time: 1802.0100588798523
preprocess_time: 0.058376
node: 21028
formulation: EFP