instance: K100.3.con.red
obj: 201.0
bound: 179.0
gap: 0.10945273631840796
time: 7199.934886932373
preprocess_time: 0.069831
sepa_time: 0.0
node: 1776788
formulation: EFP