instance: K100.10.red
obj: 20.0
bound: 15.333333333333327
gap: 0.23333333333216702
time: 1800.4431459903717
preprocess_time: 0.110441
node: 31566
algo: F