instance: K100.7.red
obj: 110.0
bound: 107.0
gap: 0.02727272727272727
time: 3599.9420099258423
preprocess_time: 0.060076
sepa_time: 0.0
node: 755407
formulation: LEFPV