instance: K100.9.red
obj: 0.0
bound: 0.0
gap: 0.0
time: 0.1507551670074463
preprocess_time: 0.052276
node: 0
algo: EVFP