instance: K100.4.con.red
obj: 191.0
bound: 190.0
gap: 0.005235602094240838
time: 3599.9563789367676
preprocess_time: 0.045333
sepa_time: 0.0
node: 409474
formulation: LEFPD