instance: K100.con.red
obj: 1.0
bound: 0.0
gap: 0.9999999999
time: 39.65398287773132
preprocess_time: 0.102746
node: 1140
algo: EVFPV