instance: K100.8.con.red
obj: 9.0
bound: 8.000000000000002
gap: 0.11111111111111091
time: 500.4612410068512
preprocess_time: 0.063614
sepa_time: 0.0
node: 10456
formulation: LEFPV2