instance: K100.9.red
obj: 15.0
bound: 13.999999999999956
gap: 0.06666666666622519
time: 2499.6690740585327
preprocess_time: 0.059087
node: 91078
formulation: EFP