instance: K100.1.red
obj: 36.0
bound: 28.99998101788042
gap: 0.19444497172500377
time: 1800.5547621250153
preprocess_time: 0.087286
node: 9320
algo: RF