instance: K100.3.con.red
obj: 7.0
bound: 5.999999999999997
gap: 0.14285714285510243
time: 190.27126097679138
preprocess_time: 0.053473
node: 821
algo: ESF