instance: K100.1.red
obj: 213.0
bound: 206.0
gap: 0.03286384976525822
time: 3599.952885866165
preprocess_time: 0.047901
sepa_time: 0.0
node: 373489
formulation: LEFPI