instance: K100.1.red
obj: 40.0
bound: 31.50000000000002
gap: 0.2124999999994682
time: 1964.4290030002594
preprocess_time: 0.079847
node: 2289
algo: EFPD