instance: K100.4.con.red
obj: 185.0
bound: 184.0
gap: 0.005405405405405406
time: 3599.955826997757
preprocess_time: 0.044911
sepa_time: 0.0
node: 824340
formulation: LEFPI