instance: K100.5.con.red
obj: 23.0
bound: 19.0
gap: 0.17391304347826086
time: 3599.954605102539
preprocess_time: 0.048719
sepa_time: 0.0
node: 122042
formulation: LEFPV2