instance: K100.6.red
obj: 112.0
bound: 112.0
gap: 0.0
time: 333.25446605682373
preprocess_time: 0.944008
sepa_time: 0.0
node: 80078
formulation: LEFPD