instance: K100.con.red
obj: 8.999999941050845
bound: 5.7306598226921786
gap: 0.3632600155262457
time: 3620.029735803604
preprocess_time: 0.065649
node: 23859
formulation: LEVFP