instance: K100.6.red
obj: 108.0
bound: 108.0
gap: 0.0
time: 319.8204870223999
preprocess_time: 0.047158
sepa_time: 0.0
node: 138860
formulation: LEVFP