instance: K100.9.red
obj: 118.0
bound: 117.00000000000001
gap: 0.008474576271186321
time: 3231.1372649669647
preprocess_time: 0.058482
sepa_time: 0.0
node: 1747894
formulation: LEFPI