instance: K100.4.con.red
obj: 188.0
bound: 168.0
gap: 0.10638297872340426
time: 7199.87845492363
preprocess_time: 0.126236
sepa_time: 0.0
node: 2071432
formulation: EFP