instance: K100.6.red
obj: 109.0
bound: 99.0
gap: 0.09174311926605505
time: 7199.963968992233
preprocess_time: 0.039509
sepa_time: 0.0
node: 2698387
formulation: EFP