instance: K100.5.con.red
obj: 7.0
bound: 5.700454586091426
gap: 0.1856493448414299
time: 1800.2982439994812
preprocess_time: 0.046016
node: 3699
algo: EDF