instance: K100.3.con.red
obj: 25.0
bound: 14.81463127504899
gap: 0.4074147489964108
time: 1800.4219551086426
preprocess_time: 0.071258
node: 4263
algo: EFPLg