instance: K100.5.con.red
obj: 197.0
bound: 186.0
gap: 0.05583756345177665
time: 3599.928487062454
preprocess_time: 0.076952
sepa_time: 5.0e-324
node: 66813
formulation: EVFP