instance: K100.2.red
obj: 18.0
bound: 13.916810854865112
gap: 0.22684384139512245
time: 1801.3088510036469
preprocess_time: 0.073337
node: 24034
algo: ESF