instance: K100.con.red
obj: 9.0
bound: 5.462254435646691
gap: 0.39308284047933345
time: 1801.1950109004974
preprocess_time: 0.06228
node: 8836
formulation: EVFP