instance: K100.4.con.red
obj: 4.0
bound: 4.0
gap: 0.0
time: 10.09812307357788
preprocess_time: 0.045962
sepa_time: 0.0
node: 679
formulation: LEFPV2