instance: K100.6.red
obj: 4.0
bound: 3.0000000000000013
gap: 0.24999999999999967
time: 2.7893121242523193
preprocess_time: 0.058673
sepa_time: 0.0
node: 111
formulation: EVFP