instance: K100.9.red
obj: 3.0
bound: 2.0000000000000004
gap: 0.3333333333333332
time: 1.2156648635864258
preprocess_time: 0.059628
node: 1
formulation: LEFP