instance: K100.4.con.red
obj: 191.0
bound: 191.0
gap: 0.0
time: 6958.002159833908
preprocess_time: 0.942658
sepa_time: 0.0
node: 866363
formulation: LEFPD