instance: K100.8.con.red
obj: 239.0
bound: 236.0
gap: 0.012552301255230125
time: 7199.952347040176
preprocess_time: 0.050267
sepa_time: 0.0
node: 1642080
formulation: LEVFP