instance: K100.2.red
obj: 4.0
bound: 4.0
gap: 0.0
time: 6.2708399295806885
preprocess_time: 1.021019
sepa_time: 7.837447236596569e13
node: 595
formulation: LEFPAV