instance: K100.5.con.red
obj: 7.0
bound: 5.999999999999994
gap: 0.14285714285510293
time: 259.74243783950806
preprocess_time: 0.061924
node: 2503
algo: RF