instance: K100.6.red
obj: 108.0
bound: 107.000005677785
gap: 0.009259206687175947
time: 267.6085150241852
preprocess_time: 0.960662
sepa_time: 0.0
node: 174916
formulation: LEFP