instance: K100.1.red
obj: 11.0
bound: 6.2491371377129195
gap: 0.4318966238403537
time: 1800.658049106598
preprocess_time: 0.063298
node: 515
formulation: EFPD