instance: K100.con.red
obj: 313.0
bound: 309.0
gap: 0.012779552715654952
time: 7198.814702033997
preprocess_time: 1.187752
sepa_time: 0.0
node: 1664230
formulation: LEFPA