instance: K100.9.red
obj: 3.0
bound: 3.0
gap: 0.0
time: 30.710216999053955
preprocess_time: 0.04362
node: 250
algo: EDF