instance: K100.6.red
obj: 16.0
bound: 10.999999999999973
gap: 0.31249999999804856
time: 3602.380119085312
preprocess_time: 0.047299
node: 4389
formulation: EF