instance: K100.6.red
obj: 4.0
bound: 4.0
gap: 0.0
time: 3.3835740089416504
preprocess_time: 0.95394
sepa_time: 0.0
node: 415
formulation: LEFP