instance: K100.2.red
obj: 4.0
bound: 4.0
gap: 0.0
time: 630.790237903595
preprocess_time: 0.040384
node: 1754
algo: EDF