instance: K100.7.red
obj: 23.0
bound: 17.999999999999986
gap: 0.21739130434688153
time: 1801.6701579093933
preprocess_time: 0.079548
node: 48525
algo: ESFV