instance: K100.con.red
obj: 31.0
bound: 25.0
gap: 0.1935483870967742
time: 3599.9499559402466
preprocess_time: 0.053824
sepa_time: 0.0
node: 27287
formulation: EVFP