instance: K100.8.con.red
obj: 8.0
bound: 8.0
gap: 0.0
time: 113.75899696350098
preprocess_time: 1.346315
sepa_time: 0.0
node: 769
formulation: LEFPAD