instance: K100.6.red
obj: 4.0
bound: 2.999999999999999
gap: 0.24999999999375022
time: 4.945479154586792
preprocess_time: 0.079424
node: 414
algo: EFP