instance: K100.3.con.red
obj: 200.0
bound: 197.0
gap: 0.015
time: 3599.9572689533234
preprocess_time: 0.045095
sepa_time: 0.0
node: 1060148
formulation: LEFPV2