instance: K100.3.con.red
obj: 22.0
bound: 20.0
gap: 0.09090909090909091
time: 3599.954877138138
preprocess_time: 0.049695
node: 112800
formulation: LEFPV