instance: K100.6.red
obj: 15.0
bound: 11.5
gap: 0.23333333333177778
time: 1801.4901609420776
preprocess_time: 0.080778
node: 51704
algo: SF