instance: K100.2.red
obj: 18.0
bound: 13.97654747266455
gap: 0.22352514040628324
time: 1801.9494478702545
preprocess_time: 0.05948
node: 34724
algo: ERF