instance: K100.10.red
obj: 5.0
bound: 4.000000000000001
gap: 0.19999999999999982
time: 62.76020312309265
preprocess_time: 0.046204
node: 1704
formulation: LEFP