instance: K100.9.red
obj: 3.0
bound: 2.0000000000000004
gap: 0.3333333333333332
time: 0.9756548404693604
preprocess_time: 0.893064
sepa_time: 0.0
node: 1
formulation: LEFP