instance: K100.1.red
obj: 36.0
bound: 34.0
gap: 0.05555555555555555
time: 3599.955074071884
preprocess_time: 0.049312
sepa_time: 0.0
node: 201138
formulation: LEFPV2