instance: K100.8.con.red
obj: 239.0
bound: 236.0
gap: 0.012552301255230125
time: 3599.9557230472565
preprocess_time: 0.045688
sepa_time: 0.0
node: 892135
formulation: LEVFP