instance: K100.9.red
obj: 118.0
bound: 117.00000000000001
gap: 0.008474576271186321
time: 930.7292170524597
preprocess_time: 0.058649
sepa_time: 0.0
node: 491890
formulation: LEVFP