instance: K100.4.con.red
obj: 187.0
bound: 177.0
gap: 0.053475935828877004
time: 3599.9220249652863
preprocess_time: 0.082967
sepa_time: 0.0
node: 59457
formulation: EVFP