instance: K100.10.red
obj: 5.0
bound: 3.9999999999999996
gap: 0.1999999999960001
time: 2520.7097499370575
preprocess_time: 0.034803
node: 0
formulation: EF