instance: K100.2.red
obj: 137.0
bound: 137.0
gap: 0.0
time: 206.73317193984985
preprocess_time: 0.96047
sepa_time: 0.0
node: 100137
formulation: LEFP