instance: K100.5.con.red
obj: 7.0
bound: 5.999999999999999
gap: 0.14285714285510218
time: 1395.3263268470764
preprocess_time: 0.088383
node: 21016
algo: SF