instance: K100.2.red
obj: 18.0
bound: 13.804895877983034
gap: 0.2330613401107589
time: 1801.4939379692078
preprocess_time: 0.03845
node: 23711
formulation: EFPI