instance: K100.4.con.red
obj: 24.0
bound: 17.055975483696393
gap: 0.2893343548447781
time: 1801.4544470310211
preprocess_time: 0.104218
node: 28157
algo: EVFPL