instance: K100.6.red
obj: 4.0
bound: 4.0
gap: 0.0
time: 3.058279037475586
preprocess_time: 1.296594
sepa_time: 0.0
node: 434
formulation: LEFPA