instance: K100.5.con.red
obj: 24.0
bound: 21.26135291795527
gap: 0.11411029508472158
time: 3601.9471139907837
preprocess_time: 0.0634
node: 16083
formulation: LEFPD