instance: K100.5.con.red
obj: 7.0
bound: 6.000000000000001
gap: 0.14285714285714274
time: 27.037222862243652
preprocess_time: 0.039369
sepa_time: 0.0
node: 994
formulation: EFP