instance: K100.8.con.red
obj: 11.0
bound: 6.53214342116643
gap: 0.40616877989026845
time: 1800.8258700370789
preprocess_time: 0.086877
node: 15248
algo: EFP