instance: K100.1.red
obj: 213.0
bound: 206.0
gap: 0.03286384976525822
time: 3599.9560630321503
preprocess_time: 0.047398
sepa_time: 0.0
node: 521762
formulation: LEFPV