instance: K100.4.con.red
obj: 0.0
bound: 0.0
gap: 0.0
time: 0.9959449768066406
preprocess_time: 0.173929
node: 0
algo: EVFP