instance: K100.con.red
obj: 0.0
bound: 0.0
gap: 0.0
time: 0.6856119632720947
preprocess_time: 0.08031
node: 0
algo: EVFP0