instance: K100.3.con.red
obj: 208.0
bound: 206.0
gap: 0.009615384615384616
time: 7198.754673957825
preprocess_time: 1.248232
sepa_time: 0.0
node: 1425159
formulation: LEFPD