instance: K100.2.red
obj: 4.0
bound: 4.0
gap: 0.0
time: 18.48108196258545
preprocess_time: 0.90856
sepa_time: 0.0
node: 760
formulation: LEFP