instance: K100.5.con.red
obj: 23.0
bound: 19.0
gap: 0.17391304347826086
time: 3599.9542100429535
preprocess_time: 0.050417
node: 115058
formulation: LEFPV