instance: K100.3.con.red
obj: 200.0
bound: 199.0
gap: 0.005
time: 3599.9567840099335
preprocess_time: 0.044693
sepa_time: 0.0
node: 1047082
formulation: LEVFP