instance: K100.6.red
obj: 54.0
bound: 54.0
gap: 0.0
time: 0.011835098266601562
preprocess_time: 1.042713
sepa_time: 0.0
node: 1
formulation: LEFPAD