instance: K100.8.con.red
obj: 9.0
bound: 9.0
gap: 0.0
time: 996.6223759651184
preprocess_time: 1.00826
sepa_time: 0.0
node: 13000
formulation: LEFPA