instance: K100.10.red
org_node: 27
org_edge: 78
org_min_len: 0.03149536520090038
org_avg_len: 0.35755803781007145
org_max_len: 1.0
dtf_node: 51
dtf_edge: 102
dtf_min_len: 0.02219453966608198
dtf_avg_len: 0.27342673479593704
dtf_max_len: 1.0
sdb_node: 67
sdb_edge: 118
sdb_min_len: 0.008870389482639851
sdb_avg_len: 0.23635192329818286
sdb_max_len: 0.3575576802520336
dlt: 0.35755803781007145
algo: None