instance: K100.8.con.red
obj: 11.0
bound: 6.130015452488984
gap: 0.4427258679515221
time: 1800.5004320144653
preprocess_time: 0.063482
node: 7357
algo: EVFPL