instance: K100.1.red
obj: 38.0
bound: 29.446923597025016
gap: 0.22508095797243358
time: 3603.69100689888
preprocess_time: 0.052044
node: 41055
formulation: EFP