instance: K100.7.red
obj: 4.0
bound: 2.9999999999999583
gap: 0.24999999999376044
time: 57.8735990524292
preprocess_time: 0.059851
node: 1005
formulation: LEVFP