instance: K100.1.red
obj: 10.0
bound: 8.999999999999925
gap: 0.09999999999900747
time: 1367.2909758090973
preprocess_time: 0.050767
node: 14742
formulation: LEFP