instance: K100.8.con.red
obj: 9.000000000000002
bound: 7.060081657115032
gap: 0.21554648254037942
time: 3603.392942905426
preprocess_time: 0.064991
node: 34778
formulation: EFP