instance: K100.1.red
obj: 10.0
bound: 9.0
gap: 0.1
time: 7198.81431388855
preprocess_time: 1.193712
sepa_time: 0.0
node: 74953
formulation: LEFPAD