instance: K100.1.red
obj: 10.0
bound: 6.873268295101427
gap: 0.31267317048673055
time: 3602.9065041542053
preprocess_time: 0.051113
node: 30630
formulation: EFP