instance: K100.6.red
obj: 112.0
bound: 111.0
gap: 0.008928571428571428
time: 3599.956055879593
preprocess_time: 0.044729
sepa_time: 0.0
node: 680260
formulation: LEFPD