instance: K100.1.red
obj: 10.0
bound: 9.0
gap: 0.1
time: 7199.02098608017
preprocess_time: 0.98492
sepa_time: 0.0
node: 125492
formulation: LEFPA