instance: K100.4.con.red
obj: 23.0
bound: 14.586772192790747
gap: 0.3657925133553337
time: 1800.9690248966217
preprocess_time: 0.088631
node: 10368
algo: ERF