instance: K100.1.red
obj: 11.0
bound: 6.336892599790994
gap: 0.42391885456060124
time: 1800.9878568649292
preprocess_time: 0.043202
node: 5605
formulation: LEVFP