instance: K100.5.con.red
obj: 103.0
bound: 103.0
gap: 0.0
time: 0.03225898742675781
preprocess_time: 1.270862
sepa_time: 0.0
node: 1
formulation: LEFPAD