instance: K100.9.red
obj: 3.0
bound: 3.0
gap: 0.0
time: 5.880663871765137
preprocess_time: 3.669298
node: 61
algo: EFPV