instance: K100.10.red
obj: 0.0
bound: 0.0
gap: 0.0
time: 0.5303289890289307
preprocess_time: 0.062271
node: 0
algo: EVFPV