instance: K100.3.con.red
obj: 22.0
bound: 20.0
gap: 0.09090909090909091
time: 3599.952078104019
preprocess_time: 0.051762
node: 153504
formulation: EFP