instance: K100.3.con.red
obj: 25.0
bound: 14.956225561837991
gap: 0.4017509775248734
time: 1800.871654033661
preprocess_time: 0.068382
node: 6827
formulation: EFPI