instance: K100.8.con.red
obj: 10.0
bound: 6.042625356401005
gap: 0.39573746435594215
time: 1800.5452098846436
preprocess_time: 0.0811
node: 17099
algo: SF