instance: K100.8.con.red
obj: 8.0
bound: 8.0
gap: 0.0
time: 75.33999705314636
preprocess_time: 1.310561
sepa_time: 1.4694311239315172e14
node: 1254
formulation: LEFPAV