instance: K100.7.red
obj: 154.0
bound: 150.0
gap: 0.025974025974025976
time: 3599.9430210590363
preprocess_time: 0.058978
sepa_time: 0.0
node: 924284
formulation: LEFPV2