instance: K100.7.red
obj: 154.0
bound: 152.0
gap: 0.012987012987012988
time: 7199.964605093002
preprocess_time: 0.036623
sepa_time: 5.0e-324
node: 1787585
formulation: LEVFP