instance: K100.1.red
obj: 298.0
bound: 292.0
gap: 0.020134228187919462
time: 3599.9562339782715
preprocess_time: 0.045436
sepa_time: 0.0
node: 768433
formulation: LEFPV2