instance: K100.4.con.red
obj: 4.0
bound: 4.0
gap: 0.0
time: 85.13739490509033
preprocess_time: 0.054481
node: 1048
formulation: LEFPD