instance: K100.8.con.red
obj: 9.0
bound: 9.0
gap: 0.0
time: 1932.755138874054
preprocess_time: 0.98007
sepa_time: 0.0
node: 41269
formulation: LEFPAD