instance: K100.6.red
obj: 4.0
bound: 2.999999999999999
gap: 0.24999999999375022
time: 40.18864917755127
preprocess_time: 0.057732
node: 1257
formulation: LEVFP