instance: K100.9.red
obj: 118.0
bound: 110.00000000000004
gap: 0.06779661016949116
time: 7199.929085969925
preprocess_time: 0.07536
sepa_time: 0.0
node: 2111832
formulation: EFP