instance: K100.con.red
obj: 49.0
bound: 14.858863611041965
gap: 0.6967578854875175
time: 1886.4215619564056
preprocess_time: 5.835353
node: 428
algo: EFPV