instance: K100.3.con.red
obj: 10.0
bound: 9.0
gap: 0.099999999999
time: 0.8624770641326904
preprocess_time: 0.067548
node: 0
formulation: LEFPDB