instance: K100.4.con.red
obj: 4.0
bound: 4.0
gap: 0.0
time: 94.52244186401367
preprocess_time: 0.079829
node: 1032
algo: ESFV