instance: K100.4.con.red
obj: 4.0
bound: 4.0
gap: 0.0
time: 92.70947480201721
preprocess_time: 0.097808
node: 1539
algo: RF