instance: K100.7.red
obj: 4.0
bound: 3.000000000000001
gap: 0.24999999999999978
time: 2.7747490406036377
preprocess_time: 0.060705
node: 1
formulation: LEFP