instance: K100.9.red
obj: 16.0
bound: 12.843712322100753
gap: 0.19726797986747002
time: 1800.6704578399658
preprocess_time: 0.085427
node: 33591
algo: EVFP