instance: K100.1.red
obj: 11.0
bound: 6.032617525109077
gap: 0.4515802249859786
time: 1805.9981288909912
preprocess_time: 0.092617
node: 522
algo: EFPD