instance: K100.1.red
obj: 11.0
bound: 6.169518561484918
gap: 0.4391346762246517
time: 1780.5170929431915
preprocess_time: 20.580233
node: 1904
algo: EFPV