instance: K100.2.red
obj: 18.0
bound: 14.570955985773445
gap: 0.1905024452337503
time: 1800.8174121379852
preprocess_time: 0.057432
node: 8674
formulation: EFPD