instance: K100.5.con.red
obj: 128.0
bound: 1.0
gap: 0.9921875
time: 3605.755923986435
preprocess_time: 0.03793
sepa_time: 0.0
node: 1
formulation: EF