instance: K100.con.red
obj: 8.0
bound: 7.000000000000001
gap: 0.12499999999999989
time: 1028.2781748771667
preprocess_time: 0.909129
sepa_time: 0.0
node: 21858
formulation: LEFP