instance: K100.5.con.red
obj: 7.0
bound: 5.999999999999994
gap: 0.14285714285510293
time: 538.8877890110016
preprocess_time: 0.037296
node: 11103
formulation: EFPI