instance: K100.2.red
obj: 4.0
bound: 4.0
gap: 0.0
time: 1.5815439224243164
preprocess_time: 0.045287
sepa_time: 6.9420830588398e-310
node: 1
formulation: EVFP