instance: K100.8.con.red
obj: 184.0
bound: 176.0
gap: 0.043478260869565216
time: 3599.955337047577
preprocess_time: 0.048284
sepa_time: 0.0
node: 212474
formulation: LEFPD