instance: K100.7.red
obj: 4.0
bound: 4.0
gap: 0.0
time: 10.481240034103394
preprocess_time: 1.655342
sepa_time: 0.0
node: 139
formulation: LEFPAD