instance: K100.1.red
obj: 297.0
bound: 293.0
gap: 0.013468013468013467
time: 7199.0867121219635
preprocess_time: 0.915033
sepa_time: 0.0
node: 1276241
formulation: LEFPV