instance: K100.8.con.red
obj: 239.0
bound: 236.0
gap: 0.012552301255230125
time: 7198.967571973801
preprocess_time: 1.034329
sepa_time: 2.1522872622599166e14
node: 2177547
formulation: LEFPAV