instance: K100.2.red
obj: 137.0
bound: 137.0
gap: 0.0
time: 281.1740701198578
preprocess_time: 0.911483
sepa_time: 1.938816430113402e14
node: 130366
formulation: LEFPV