instance: K100.6.red
obj: 4.0
bound: 3.000000000000001
gap: 0.24999999999999978
time: 10.63326096534729
preprocess_time: 1.224512
sepa_time: 0.0
node: 921
formulation: LEFPD