instance: K100.6.red
obj: 4.0
bound: 2.999999999999999
gap: 0.24999999999375022
time: 5.394466161727905
preprocess_time: 0.056965
node: 414
formulation: EFP