instance: K100.10.red
org_node: 27
org_edge: 78
org_min_len: 0.03149536520090038
org_avg_len: 0.35755803781007145
org_max_len: 1.0
dtf_node: 54
dtf_edge: 105
dtf_min_len: 0.005966902047553263
dtf_avg_len: 0.2656145423731962
dtf_max_len: 1.0
sdb_node: 226
sdb_edge: 277
sdb_min_len: 0.03149536520090038
sdb_avg_len: 0.10068421281294425
sdb_max_len: 0.11710432032652483
dlt: 0.11799415247732359
formulation: None