instance: K100.10.red
obj: 20.0
bound: 14.797839506172838
gap: 0.26010802469005756
time: 1801.1264290809631
preprocess_time: 0.063816
node: 28425
algo: EVFPV