instance: K100.9.red
obj: 3.0
bound: 3.0
gap: 0.0
time: 4.334089994430542
preprocess_time: 1.255046
sepa_time: 0.0
node: 53
formulation: LEFPAD