instance: K100.5.con.red
obj: 7.0
bound: 5.999999999999994
gap: 0.14285714285510293
time: 637.8343119621277
preprocess_time: 0.064086
node: 11103
algo: EFPLg