instance: K100.2.red
obj: 137.0
bound: 137.0
gap: 0.0
time: 1144.7713339328766
preprocess_time: 0.989465
sepa_time: 0.0
node: 241122
formulation: LEFPAD