instance: K100.1.red
obj: 40.0
bound: 28.781538448590926
gap: 0.2804615387845257
time: 1787.2654700279236
preprocess_time: 13.961821
node: 2210
algo: EFPV