instance: K100.10.red
obj: 5.0
bound: 5.0
gap: 0.0
time: 57.84265613555908
preprocess_time: 0.95479
sepa_time: 0.0
node: 925
formulation: LEFP