instance: K100.4.con.red
obj: 27.0
bound: 15.070249195879574
gap: 0.44184262237319416
time: 1800.3780798912048
preprocess_time: 0.147124
node: 1335
algo: EFPD