instance: K100.2.red
obj: 4.0
bound: 4.0
gap: 0.0
time: 44.37709999084473
preprocess_time: 0.057671
node: 1050
algo: ERF