instance: K100.9.red
obj: 3.0
bound: 2.0
gap: 0.3333333333222222
time: 13.240493059158325
preprocess_time: 0.052398
node: 561
algo: EFP0