instance: K100.4.con.red
obj: 4.0
bound: 4.0
gap: 0.0
time: 4.106882810592651
preprocess_time: 0.038202
sepa_time: 0.0
node: 285
formulation: EFP