instance: K100.10.red
obj: 5.0
bound: 5.0
gap: 0.0
time: 36.624534130096436
preprocess_time: 1.009968
sepa_time: 0.0
node: 883
formulation: LEFPA