instance: K100.1.red
obj: 36.0
bound: 34.0
gap: 0.05555555555555555
time: 3599.954346895218
preprocess_time: 0.049991
node: 202427
formulation: LEFPV