instance: K100.9.red
obj: 118.0
bound: 108.0
gap: 0.0847457627118644
time: 3599.923069000244
preprocess_time: 0.081073
sepa_time: 0.0
node: 1294112
formulation: EFP