instance: K100.3.con.red
obj: 7.0
bound: 7.0
gap: 0.0
time: 11.543537855148315
preprocess_time: 0.039401
sepa_time: 0.0
node: 779
formulation: EFP