instance: K100.10.red
obj: 19.0
bound: 18.000000000000004
gap: 0.05263157894736823
time: 3193.424119949341
preprocess_time: 0.045729
node: 486387
formulation: LEFP