instance: K100.7.red
obj: 29.0
bound: 27.99999999999992
gap: 0.03448275862057357
time: 106.46287393569946
preprocess_time: 0.061265
node: 9460
formulation: LEFP