instance: K100.5.con.red
obj: 196.0
bound: 192.0
gap: 0.02040816326530612
time: 3599.965492963791
preprocess_time: 0.03603
sepa_time: 0.0
node: 1192739
formulation: LEFP