instance: K100.4.con.red
obj: 23.0
bound: 14.624963371195157
gap: 0.36413202733775785
time: 1801.0510580539703
preprocess_time: 0.091449
node: 15582
algo: EFP