instance: K100.3.con.red
obj: 7.0
bound: 5.999999999999983
gap: 0.14285714285510445
time: 286.02437806129456
preprocess_time: 0.080417
node: 965
algo: EVFP0