instance: K100.1.red
obj: 41.0
bound: 37.0
gap: 0.0975609756097561
time: 3599.957104921341
preprocess_time: 0.049547
node: 30989
formulation: LEFPD