instance: K100.9.red
obj: 15.0
bound: 12.5692022875182
gap: 0.16205318083103964
time: 1800.8661000728607
preprocess_time: 0.089969
node: 25343
algo: EVFP0