instance: K100.10.red
obj: 5.0
bound: 4.000000000000001
gap: 0.19999999999999982
time: 20.20024085044861
preprocess_time: 0.048239
sepa_time: 0.0
node: 913
formulation: EFP