instance: K100.con.red
obj: 211.0
bound: 201.0
gap: 0.04739336492890995
time: 3599.939680814743
preprocess_time: 0.064044
sepa_time: 0.0
node: 429714
formulation: LEFP