instance: K100.10.red
obj: 134.0
bound: 119.0
gap: 0.11194029850746269
time: 7199.939218997955
preprocess_time: 0.065508
sepa_time: 0.0
node: 2435720
formulation: EFP