instance: K100.9.red
obj: 118.0
bound: 118.0
gap: 0.0
time: 6573.7464480400085
preprocess_time: 1.060723
sepa_time: 2.1695467766732075e14
node: 5011768
formulation: LEFPAV