instance: K100.7.red
obj: 23.0
bound: 21.0
gap: 0.08695652173913043
time: 3599.9435510635376
preprocess_time: 0.059288
node: 667892
formulation: LEFPV