instance: K100.4.con.red
obj: 27.0
bound: 15.070249195879574
gap: 0.44184262237319416
time: 1800.2297699451447
preprocess_time: 0.062059
node: 1339
algo: EDF