instance: K100.7.red
obj: 154.0
bound: 152.0
gap: 0.012987012987012988
time: 3599.941878080368
preprocess_time: 0.060303
sepa_time: 0.0
node: 872552
formulation: LEVFP