instance: K100.3.con.red
obj: 137.0
bound: 127.0
gap: 0.072992700729927
time: 3599.932868003845
preprocess_time: 0.071962
sepa_time: 6.92400607061553e-310
node: 42557
formulation: EVFP