instance: K100.10.red
obj: 5.0
bound: 5.0
gap: 0.0
time: 34.41173195838928
preprocess_time: 1.328187
sepa_time: 9.281935674295447e13
node: 884
formulation: LEFPAV