instance: K100.3.con.red
obj: 200.0
bound: 199.0
gap: 0.005
time: 7199.072855949402
preprocess_time: 0.928446
sepa_time: 0.0
node: 2105906
formulation: LEFPV