instance: K100.1.red
obj: 51.0
bound: 49.99999999999992
gap: 0.019607843137217987
time: 1895.7766709327698
preprocess_time: 0.048094
node: 32945
formulation: LEFP