instance: K100.4.con.red
obj: 4.0
bound: 4.0
gap: 0.0
time: 47.610320806503296
preprocess_time: 0.906389
sepa_time: 0.0
node: 1188
formulation: LEFPV