instance: K100.2.red
obj: 4.0
bound: 4.0
gap: 0.0
time: 2.513298988342285
preprocess_time: 0.045273
sepa_time: 6.92743430259665e-310
node: 1
formulation: EVFP