instance: K100.6.red
obj: 4.0
bound: 4.0
gap: 0.0
time: 12.667980194091797
preprocess_time: 0.897626
sepa_time: 0.0
node: 956
formulation: LEFPV