instance: K100.1.red
obj: 127.0
bound: 21.78017599673374
gap: 0.8285025512061687
time: 1805.1155002117157
preprocess_time: 0.180685
node: 958
algo: EFPD