instance: K100.8.con.red
obj: 10.0
bound: 8.999999999999996
gap: 0.09999999999900036
time: 404.62554812431335
preprocess_time: 0.064009
node: 1351
formulation: LEFPD