instance: K100.7.red
obj: 23.0
bound: 16.439971745338653
gap: 0.2852186197666446
time: 1801.7623279094696
preprocess_time: 0.0811
node: 22455
algo: ERF