instance: K100.2.red
obj: 100.0
bound: 97.0
gap: 0.03
time: 3599.9476730823517
preprocess_time: 0.057322
sepa_time: 5.0e-324
node: 172422
formulation: EVFP