instance: K100.1.red
obj: 51.0
bound: 51.0
gap: 0.0
time: 55.27854895591736
preprocess_time: 0.048586
node: 887
formulation: LEFPD