instance: K100.4.con.red
obj: 4.0
bound: 4.0
gap: 0.0
time: 28.32247304916382
preprocess_time: 1.026148
sepa_time: 6.446135125714945e13
node: 751
formulation: LEFPAV