instance: K100.5.con.red
obj: 7.0
bound: 5.99999999999998
gap: 0.14285714285510495
time: 1474.4624831676483
preprocess_time: 0.08829
node: 15896
algo: EVFPL