instance: K100.10.red
obj: 5.0
bound: 3.999999999999985
gap: 0.19999999999600301
time: 37.68983817100525
preprocess_time: 0.044664
node: 1417
algo: EFP