instance: K100.3.con.red
obj: 200.0
bound: 199.0
gap: 0.005
time: 7199.024526119232
preprocess_time: 0.978217
sepa_time: 0.0
node: 935765
formulation: LEFPAD