instance: K100.5.con.red
obj: 24.0
bound: 15.147264500205672
gap: 0.3688639791565601
time: 1801.3881628513336
preprocess_time: 0.090334
node: 11719
algo: ESFV