instance: K100.con.red
obj: 8.0
bound: 8.0
gap: 0.0
time: 4459.879950046539
preprocess_time: 1.636784
sepa_time: 0.0
node: 41026
formulation: LEFPAD