instance: K100.9.red
obj: 3.0
bound: 2.0
gap: 0.3333333333222222
time: 0.7466959953308105
preprocess_time: 0.079568
node: 0
algo: EFPLg