instance: K100.1.red
obj: 10.0
bound: 9.000000000000004
gap: 0.09999999999999964
time: 7199.961215019226
preprocess_time: 0.044584
sepa_time: 0.0
node: 195117
formulation: EFP