instance: K100.10.red
obj: 5.0
bound: 3.999999999999995
gap: 0.199999999996001
time: 163.52147507667542
preprocess_time: 0.079921
node: 1669
algo: F