instance: K100.2.red
obj: 137.0
bound: 137.0
gap: 0.0
time: 307.69758915901184
preprocess_time: 1.225604
sepa_time: 0.0
node: 143927
formulation: LEFPAI