instance: K100.10.red
obj: 133.0
bound: 132.00000000000017
gap: 0.007518796992479921
time: 7198.696830034256
preprocess_time: 1.307843
sepa_time: 0.0
node: 2460229
formulation: LEFPI