instance: K100.2.red
obj: 19.0
bound: 14.274961621923701
gap: 0.2486862304237595
time: 1806.5387308597565
preprocess_time: 0.071617
node: 34218
algo: EFP