instance: K100.2.red
obj: 137.0
bound: 136.0
gap: 0.0072992700729927005
time: 3599.9551918506622
preprocess_time: 0.046028
sepa_time: 0.0
node: 1682339
formulation: LEFPV