instance: K100.10.red
obj: 5.0
bound: 5.0
gap: 0.0
time: 61.736483097076416
preprocess_time: 0.909964
sepa_time: 0.0
node: 1824
formulation: LEFPD