instance: K100.1.red
obj: 10.0
bound: 9.0
gap: 0.1
time: 7198.930745840073
preprocess_time: 1.075669
sepa_time: 1.6442420000000002
node: 102825
formulation: LEFPAV