instance: K100.5.con.red
obj: 8.0
bound: 5.923536551506358
gap: 0.25955793105846076
time: 1800.6281340122223
preprocess_time: 0.061279
node: 1974
formulation: EFPD