instance: K100.8.con.red
obj: 242.0
bound: 216.0
gap: 0.10743801652892562
time: 7199.91978096962
preprocess_time: 0.084771
sepa_time: 0.0
node: 1367918
formulation: EFP