instance: K100.4.con.red
obj: 188.0
bound: 168.0
gap: 0.10638297872340426
time: 7199.9276471138
preprocess_time: 0.076311
sepa_time: 0.0
node: 1933306
formulation: EFP