instance: K100.7.red
obj: 4.0
bound: 4.0
gap: 0.0
time: 27.080066204071045
preprocess_time: 0.036069
node: 136
formulation: EFPD