instance: K100.2.red
obj: 18.0
bound: 13.6
gap: 0.24444444444308647
time: 1802.1567618846893
preprocess_time: 0.080599
node: 36086
algo: SF