instance: K100.7.red
obj: 154.0
bound: 151.0
gap: 0.01948051948051948
time: 7198.987841844559
preprocess_time: 1.013503
sepa_time: 0.0
node: 729274
formulation: LEFPAD