instance: K100.10.red
obj: 20.0
bound: 13.445195633924468
gap: 0.3277402183021379
time: 1800.7460792064667
preprocess_time: 0.061868
node: 12101
algo: EDF