instance: K100.2.red
obj: 4.0
bound: 4.0
gap: 0.0
time: 363.3174250125885
preprocess_time: 0.073042
node: 1754
algo: EFPD