instance: K100.5.con.red
obj: 7.0
bound: 5.99999999999998
gap: 0.14285714285510495
time: 1744.0909280776978
preprocess_time: 0.060506
node: 15881
formulation: LEVFP