instance: K100.2.red
obj: 4.0
bound: 4.0
gap: 0.0
time: 34.26496195793152
preprocess_time: 0.049135
node: 608
formulation: LEFPD