instance: K100.2.red
obj: 137.0
bound: 136.00000354697428
gap: 0.007299244182669459
time: 264.79068994522095
preprocess_time: 0.898569
sepa_time: 3.2288355785230203e13
node: 126540
formulation: LEFPV2