instance: K100.3.con.red
obj: 7.0
bound: 6.000000000000001
gap: 0.14285714285714274
time: 3.426177978515625
preprocess_time: 0.046766
sepa_time: 0.0
node: 1
formulation: LEFPV