instance: K100.3.con.red
obj: 7.0
bound: 5.9999999999999964
gap: 0.14285714285510254
time: 409.25153398513794
preprocess_time: 0.089024
node: 3972
algo: SF