instance: K100.1.red
obj: 296.9999999803911
bound: 293.0
gap: 0.013468013402879515
time: 3598.6673481464386
preprocess_time: 1.335288
sepa_time: 0.0
node: 594490
formulation: LEFP