instance: K100.2.red
obj: 4.0
bound: 2.9999999999999973
gap: 0.24999999999375067
time: 90.77877497673035
preprocess_time: 0.088772
node: 1297
algo: RF