instance: K100.4.con.red
obj: 23.0
bound: 14.531155371391327
gap: 0.36821063602486315
time: 1801.2366299629211
preprocess_time: 0.083854
node: 10519
algo: EVFP0