instance: K100.2.red
obj: 4.0
bound: 4.0
gap: 0.0
time: 266.32688999176025
preprocess_time: 0.077957
node: 2749
algo: EVFP