instance: K100.9.red
org_node: 22
org_edge: 70
org_min_len: 0.015330788804071247
org_avg_len: 0.29202517266448563
org_max_len: 1.0
dtf_node: 40
dtf_edge: 88
dtf_min_len: 0.004092985317779893
dtf_avg_len: 0.23229275098311353
dtf_max_len: 1.0
sdb_node: 200
sdb_edge: 248
sdb_min_len: 0.015330788804071247
sdb_avg_len: 0.08242646002626607
sdb_max_len: 0.09605995547073791
dlt: 0.09636830697928027
formulation: None