instance: K100.7.red
obj: 23.0
bound: 13.635307921658661
gap: 0.40716052514350537
time: 1800.7147209644318
preprocess_time: 0.055658
node: 11437
algo: EFPLg