instance: K100.6.red
obj: 108.0
bound: 108.0
gap: 0.0
time: 603.7786011695862
preprocess_time: 1.199622
sepa_time: 0.0
node: 154670
formulation: LEFPAD