instance: K100.7.red
obj: 103.0
bound: 0.0
gap: 1.0
time: 7201.351186990738
preprocess_time: 0.024478
sepa_time: 2.121995792e-314
node: 1
formulation: EF