instance: K100.1.red
obj: 8.0
bound: 8.0
gap: 0.0
time: 351.44421005249023
preprocess_time: 1.343974
sepa_time: 1.3855344942466174e13
node: 9639
formulation: LEFPAV