instance: K100.2.red
org_node: 24
org_edge: 83
org_min_len: 0.01385301264757094
org_avg_len: 0.2819274342072959
org_max_len: 1.0
dtf_node: 42
dtf_edge: 101
dtf_min_len: 0.0018874010370164562
dtf_avg_len: 0.23168294098223333
dtf_max_len: 1.0
sdb_node: 61
sdb_edge: 120
sdb_min_len: 0.0018874010370164562
sdb_avg_len: 0.19499980866004635
sdb_max_len: 0.28192715227986165
dlt: 0.2819274342072959
algo: None