instance: K100.1.red
obj: 38.0
bound: 27.999999999999996
gap: 0.26315789473614964
time: 1801.5307841300964
preprocess_time: 0.050779
node: 16770
algo: ERF