instance: K100.6.red
obj: 14.999999999805802
bound: 11.714716450857754
gap: 0.2190189032645786
time: 1804.8658468723297
preprocess_time: 0.079119
node: 97153
algo: SF