instance: K100.1.red
obj: 40.0
bound: 26.944837781604768
gap: 0.3263790554590648
time: 1800.4919259548187
preprocess_time: 0.097597
node: 1723
algo: ESF