instance: K100.3.con.red
obj: 30.0
bound: 13.308621521303511
gap: 0.5563792826213617
time: 1899.3620069026947
preprocess_time: 9.618973
node: 710
algo: EFPV