instance: K100.4.con.red
obj: 4.0
bound: 3.0000000000000004
gap: 0.2499999999937499
time: 144.0695140361786
preprocess_time: 0.079007
node: 1788
algo: ERF