instance: K100.9.red
obj: 16.0
bound: 13.20401279942238
gap: 0.17474920003500913
time: 1800.7900400161743
preprocess_time: 1.062819
node: 54460
algo: EFPV