instance: K100.6.red
obj: 15.0
bound: 14.000000000000002
gap: 0.06666666666666655
time: 904.3070948123932
preprocess_time: 0.058645
node: 60269
formulation: LEFPD