instance: K100.10.red
obj: 137.0
bound: 136.0
gap: 0.0072992700729927005
time: 7198.756369113922
preprocess_time: 1.245608
sepa_time: 0.0
node: 1407219
formulation: LEFPD