instance: K100.10.red
obj: 5.0
bound: 5.0
gap: 0.0
time: 65.9987940788269
preprocess_time: 1.235847
sepa_time: 0.0
node: 925
formulation: LEFP