instance: K100.9.red
obj: 3.0
bound: 3.0
gap: 0.0
time: 0.6582140922546387
preprocess_time: 0.982489
sepa_time: 0.0
node: 1
formulation: LEFP