instance: K100.6.red
obj: 4.0
bound: 2.9999999999999987
gap: 0.24999999999375033
time: 101.51701307296753
preprocess_time: 0.052885
node: 1331
formulation: LEVFP