instance: K100.5.con.red
obj: 7.0
bound: 6.000002051900952
gap: 0.1428568497284354
time: 185.89118194580078
preprocess_time: 1.238763
sepa_time: 1.4276930203576262e14
node: 28620
formulation: LEFPAV