instance: K100.3.con.red
obj: 7.0
bound: 6.0
gap: 0.14285714285510204
time: 447.8167381286621
preprocess_time: 39.43221
node: 474
formulation: EFPV