instance: K100.4.con.red
obj: 22.0
bound: 16.85370692643936
gap: 0.23392241243351122
time: 1804.4602890014648
preprocess_time: 0.124176
node: 35015
algo: RF