instance: K100.2.red
obj: 4.0
bound: 4.0
gap: 0.0
time: 3.7158279418945312
preprocess_time: 1.005042
sepa_time: 0.0
node: 198
formulation: LEFPA