instance: K100.7.red
obj: 154.0
bound: 152.0
gap: 0.012987012987012988
time: 7199.9521470069885
preprocess_time: 0.049688
sepa_time: 6.91363236857807e-310
node: 1705029
formulation: LEVFP