instance: K100.4.con.red
obj: 4.0
bound: 4.0
gap: 0.0
time: 187.21198391914368
preprocess_time: 0.055313
node: 3587
algo: F0