instance: K100.6.red
obj: 108.0
bound: 108.0
gap: 0.0
time: 336.1553430557251
preprocess_time: 1.293231
sepa_time: 1.1986613210797722e14
node: 226717
formulation: LEFPAV