instance: K100.2.red
obj: 0.0
bound: 0.0
gap: 0.0
time: 0.18040108680725098
preprocess_time: 0.043693
node: 0
algo: EVFP0