instance: K100.9.red
obj: 0.0
bound: 0.0
gap: 0.0
time: 0.3424699306488037
preprocess_time: 0.063935
node: 0
algo: EVFP0