instance: K100.8.con.red
obj: 34.0
bound: 19.898197428960255
gap: 0.41475889914700786
time: 1800.287721157074
preprocess_time: 0.0556
node: 4454
algo: EDF