instance: K100.10.red
obj: 137.0
bound: 136.0
gap: 0.0072992700729927005
time: 7199.085036993027
preprocess_time: 0.91607
sepa_time: 0.0
node: 1489068
formulation: LEFPD