instance: K100.4.con.red
obj: 24.0
bound: 14.332461163307446
gap: 0.4028141181938447
time: 1800.8482830524445
preprocess_time: 0.097975
node: 7963
formulation: EVFP