instance: K100.6.red
obj: 15.0
bound: 12.727272727272725
gap: 0.15151515151414158
time: 1802.308928012848
preprocess_time: 0.69332
node: 94256
algo: EFPV