instance: K100.con.red
obj: 313.0
bound: 306.0
gap: 0.022364217252396165
time: 3599.9398381710052
preprocess_time: 0.06147
sepa_time: 0.0
node: 1032108
formulation: LEFPI