instance: K100.7.red
obj: 4.0
bound: 4.0
gap: 0.0
time: 34.69590997695923
preprocess_time: 0.083529
node: 220
algo: EDF