instance: K100.con.red
obj: 31.0
bound: 25.0
gap: 0.1935483870967742
time: 3599.9353470802307
preprocess_time: 0.071761
node: 53411
formulation: EFP