instance: K100.6.red
org_node: 22
org_edge: 64
org_min_len: 0.056771256132425084
org_avg_len: 0.3522479860057177
org_max_len: 1.0
dtf_node: 38
dtf_edge: 80
dtf_min_len: 0.01534492615473787
dtf_avg_len: 0.281798388804574
dtf_max_len: 1.0
sdb_node: 50
sdb_edge: 92
sdb_min_len: 0.01534492615473787
sdb_avg_len: 0.24504207722136873
sdb_max_len: 0.3522476337577317
dlt: 0.3522479860057177
algo: None