instance: K100.6.red
obj: 108.0
bound: 108.0
gap: 0.0
time: 530.204185962677
preprocess_time: 1.250135
sepa_time: 0.0
node: 340595
formulation: LEFP