instance: K100.2.red
obj: 18.0
bound: 12.914252711264995
gap: 0.282541516039264
time: 1806.0465049743652
preprocess_time: 0.073368
node: 14149
algo: EFPD