instance: K100.1.red
obj: 10.0
bound: 9.0
gap: 0.1
time: 3599.0999290943146
preprocess_time: 0.905475
sepa_time: 0.0
node: 75171
formulation: LEFP