instance: K100.5.con.red
obj: 7.0
bound: 5.999999999999993
gap: 0.14285714285510306
time: 1640.6838071346283
preprocess_time: 0.077873
node: 11060
algo: ESF