instance: K100.con.red
obj: 10.0
bound: 5.177023050555992
gap: 0.4822976949395778
time: 1800.2860159873962
preprocess_time: 0.08872
node: 3025
algo: SF