instance: K100.2.red
obj: 18.0
bound: 14.322676435357614
gap: 0.20429575359010868
time: 1802.1644508838654
preprocess_time: 0.035525
node: 44648
formulation: LEVFP