instance: K100.2.red
org_node: 24
org_edge: 83
org_min_len: 0.01385301264757094
org_avg_len: 0.2819274342072959
org_max_len: 1.0
dtf_node: 40
dtf_edge: 99
dtf_min_len: 0.011167778530340872
dtf_avg_len: 0.23636340443641987
dtf_max_len: 1.0
sdb_node: 236
sdb_edge: 295
sdb_min_len: 0.01385301264757094
sdb_avg_len: 0.07932195606510357
sdb_max_len: 0.0922960156643642
dlt: 0.09303605328840764
formulation: None