instance: K100.10.red
obj: 92.0
bound: 90.0
gap: 0.021739130434782608
time: 3599.958258152008
preprocess_time: 0.0439
sepa_time: 0.0
node: 516296
formulation: LEVFP