instance: K100.3.con.red
obj: 7.0
bound: 6.000000000000001
gap: 0.14285714285714274
time: 15.169579029083252
preprocess_time: 0.046696
sepa_time: 2.54e-321
node: 1087
formulation: EVFP