instance: K100.7.red
obj: 23.0
bound: 21.0
gap: 0.08695652173913043
time: 3599.9565749168396
preprocess_time: 0.045252
sepa_time: 0.0
node: 725970
formulation: LEFPV2