instance: K100.7.red
obj: 154.0
bound: 151.0
gap: 0.01948051948051948
time: 7198.348366975784
preprocess_time: 1.654718
sepa_time: 0.0
node: 705057
formulation: LEFPAD