instance: K100.1.red
obj: 10.0
bound: 9.0
gap: 0.1
time: 7198.646412849426
preprocess_time: 1.363087
sepa_time: 0.0
node: 136486
formulation: LEFP