instance: K100.2.red
obj: 4.0
bound: 2.9999999999999996
gap: 0.2499999999937501
time: 42.535025119781494
preprocess_time: 0.055851
node: 979
algo: F0