instance: K100.7.red
obj: 23.0
bound: 13.634801342771489
gap: 0.40718255031251277
time: 1801.3047020435333
preprocess_time: 0.058291
node: 11665
formulation: EFPI