instance: K100.1.red
obj: 11.0
bound: 5.75696494606896
gap: 0.4766395503530342
time: 1800.3874340057373
preprocess_time: 0.072173
node: 1329
algo: EVFPV