instance: K100.1.red
obj: 10.0
bound: 9.0
gap: 0.1
time: 7199.080863952637
preprocess_time: 0.92466
sepa_time: 0.0
node: 109335
formulation: LEFP