instance: K100.2.red
obj: 4.0
bound: 4.0
gap: 0.0
time: 7.5863869190216064
preprocess_time: 1.305731
sepa_time: 0.0
node: 481
formulation: LEFPAD