instance: K100.9.red
obj: 15.0
bound: 13.17304047049316
gap: 0.12179730196631072
time: 1800.3543050289154
preprocess_time: 0.077309
node: 33314
algo: SF