instance: K100.1.red
org_node: 42
org_edge: 185
org_min_len: 0.010911904730677928
org_avg_len: 0.20345427857329967
org_max_len: 1.0
dtf_node: 70
dtf_edge: 213
dtf_min_len: 0.0007637957480294277
dtf_avg_len: 0.17670911519277216
dtf_max_len: 1.0
sdb_node: 120
sdb_edge: 263
sdb_min_len: 0.0007637957480294277
sdb_avg_len: 0.14311422637285354
sdb_max_len: 0.20345407511902108
dlt: 0.20345427857329967
algo: None