instance: K100.con.red
obj: 44.0
bound: 18.83187607613449
gap: 0.5720028164501889
time: 1800.1412768363953
preprocess_time: 0.059025
node: 845
algo: EFPD