instance: K100.6.red
obj: 0.0
bound: 0.0
gap: 0.0
time: 0.13775992393493652
preprocess_time: 0.046217
node: 0
algo: EVFP0