instance: K100.10.red
obj: 5.0
bound: 5.0
gap: 0.0
time: 11.157287120819092
preprocess_time: 0.037719
sepa_time: 0.0
node: 6
formulation: LEVFP