instance: K100.con.red
obj: 169.0
bound: 169.0
gap: 0.0
time: 0.09052109718322754
preprocess_time: 1.324983
sepa_time: 0.0
node: 1
formulation: LEFPAD