instance: K100.3.con.red
obj: 200.0
bound: 199.0
gap: 0.005
time: 3599.954960823059
preprocess_time: 0.046653
sepa_time: 0.0
node: 1167208
formulation: LEFP