instance: K100.8.con.red
obj: 9.0
bound: 8.000000000000002
gap: 0.11111111111111091
time: 963.8706889152527
preprocess_time: 0.063437
node: 13785
formulation: EFP