instance: K100.2.red
obj: 4.0
bound: 4.0
gap: 0.0
time: 33.21845602989197
preprocess_time: 0.045533
sepa_time: 6.9005773263697e-310
node: 764
formulation: LEVFP