instance: K100.8.con.red
obj: 10.0
bound: 6.0
gap: 0.399999999996
time: 1801.064906835556
preprocess_time: 0.053601
node: 2751
algo: EVFP0