instance: K100.2.red
obj: 4.0
bound: 3.0000000000000004
gap: 0.2499999999999999
time: 8.926254987716675
preprocess_time: 0.045123
sepa_time: 0.0
node: 363
formulation: LEFPD