instance: K100.3.con.red
obj: 0.0
bound: 0.0
gap: 0.0
time: 1.1468358039855957
preprocess_time: 0.057006
node: 0
algo: EVFP