instance: K100.10.red
obj: 22.0
bound: 20.9999999999999
gap: 0.04545454545434337
time: 31.327874898910522
preprocess_time: 0.044944
node: 11531
formulation: LEFP