instance: K100.7.red
obj: 154.0
bound: 151.0
gap: 0.01948051948051948
time: 3599.9418427944183
preprocess_time: 0.058819
sepa_time: 0.0
node: 976135
formulation: LEFPI