instance: K100.8.con.red
obj: 242.0
bound: 215.0
gap: 0.1115702479338843
time: 7199.883920907974
preprocess_time: 0.126607
sepa_time: 0.0
node: 1601715
formulation: EFP