instance: K100.4.con.red
obj: 185.0
bound: 185.0
gap: 0.0
time: 5882.032185077667
preprocess_time: 1.23618
sepa_time: 0.0
node: 1303772
formulation: LEFP