instance: K100.8.con.red
obj: 0.0
bound: 0.0
gap: 0.0
time: 0.6759099960327148
preprocess_time: 0.082572
node: 0
algo: EVFP0