instance: K100.con.red
obj: 35.0
bound: 18.800107991407444
gap: 0.4628540573870363
time: 1800.0725660324097
preprocess_time: 0.125449
node: 3266
algo: RF