instance: K100.3.con.red
obj: 7.0
bound: 7.0
gap: 0.0
time: 3.726943016052246
preprocess_time: 0.04882
node: 1
formulation: LEFP