instance: K100.3.con.red
obj: 7.0
bound: 7.0
gap: 0.0
time: 11.96427583694458
preprocess_time: 0.038876
sepa_time: 0.0
node: 779
formulation: EFP