instance: K100.con.red
obj: 8.0
bound: 7.000000000000001
gap: 0.12499999999999989
time: 1955.634162902832
preprocess_time: 0.065526
node: 61404
formulation: LEFPV