instance: K100.6.red
obj: 4.0
bound: 3.0000000000000004
gap: 0.2499999999999999
time: 5.642022132873535
preprocess_time: 0.048853
sepa_time: 0.0
node: 363
formulation: LEVFP