instance: K100.10.red
obj: 5.0
bound: 3.9999999999999334
gap: 0.1999999999960133
time: 186.52708292007446
preprocess_time: 0.045622
node: 1687
formulation: LEFPD