instance: K100.con.red
obj: 8.0
bound: 8.0
gap: 0.0
time: 2822.6493649482727
preprocess_time: 1.647927
sepa_time: 0.0
node: 96594
formulation: LEFPAI