instance: K100.8.con.red
org_node: 43
org_edge: 144
org_min_len: 0.019638154128020155
org_avg_len: 0.21276098324363515
org_max_len: 1.0
dtf_node: 78
dtf_edge: 179
dtf_min_len: 0.0007397448041910892
dtf_avg_len: 0.17115967367085747
dtf_max_len: 1.0
sdb_node: 107
sdb_edge: 208
sdb_min_len: 0.0007397448041910892
sdb_avg_len: 0.14729606532251688
sdb_max_len: 0.2127607704826519
dlt: 0.21276098324363515
algo: None