instance: K100.con.red
obj: 312.0
bound: 309.0
gap: 0.009615384615384616
time: 7199.032536029816
preprocess_time: 0.969035
sepa_time: 0.0
node: 1539564
formulation: LEFPA