instance: K100.2.red
obj: 99.0
bound: 98.00000000000001
gap: 0.010101010101009958
time: 3411.0975580215454
preprocess_time: 0.044464
sepa_time: 6.93833840163634e-310
node: 611586
formulation: LEVFP