instance: K100.5.con.red
obj: 7.0
bound: 6.000000000000001
gap: 0.14285714285714274
time: 28.03994607925415
preprocess_time: 0.046379
sepa_time: 0.0
node: 1432
formulation: EFP