instance: K100.7.red
obj: 154.0
bound: 151.00000000000006
gap: 0.019480519480519112
time: 3599.9423711299896
preprocess_time: 0.059911
sepa_time: 0.0
node: 1157227
formulation: LEFP