instance: K100.10.red
obj: 5.0
bound: 5.0
gap: 0.0
time: 22.010172128677368
preprocess_time: 0.903465
sepa_time: 0.0
node: 1310
formulation: LEFPI