instance: K100.6.red
obj: 15.0
bound: 12.554081023322668
gap: 0.16306126511073504
time: 1807.3161849975586
preprocess_time: 0.118824
node: 218109
algo: RF