instance: K100.8.con.red
obj: 11.0
bound: 9.999999999999947
gap: 0.0909090909082693
time: 2.9187631607055664
preprocess_time: 0.087092
node: 857
algo: SFD