instance: K100.3.con.red
obj: 23.0
bound: 20.0
gap: 0.13043478260869565
time: 3599.9519288539886
preprocess_time: 0.049838
node: 21126
formulation: LEFPD