instance: K100.2.red
obj: 99.0
bound: 98.0
gap: 0.010101010101010102
time: 3599.95747590065
preprocess_time: 0.04393
sepa_time: 0.0
node: 1585953
formulation: LEFP