instance: K100.9.red
obj: 86.0
bound: 85.0
gap: 0.011627906976744186
time: 3599.943552017212
preprocess_time: 0.0586
sepa_time: 0.0
node: 1285436
formulation: LEFPV2