instance: K100.4.con.red
obj: 4.0
bound: 4.0
gap: 0.0
time: 197.25954222679138
preprocess_time: 0.080295
node: 2202
algo: ERF