instance: K100.10.red
obj: 19.0
bound: 15.766958474261273
gap: 0.1701600803011427
time: 3601.083608865738
preprocess_time: 0.044371
node: 80673
formulation: LEVFP