instance: K100.1.red
obj: 1.0
bound: 0.0
gap: 0.9999999999
time: 3.061640977859497
preprocess_time: 0.086721
node: 0
algo: EVFPV