instance: K100.4.con.red
obj: 4.0
bound: 4.0
gap: 0.0
time: 23.134490966796875
preprocess_time: 0.061575
node: 345
formulation: LEFPD