instance: K100.2.red
obj: 4.0
bound: 4.0
gap: 0.0
time: 6.039193868637085
preprocess_time: 1.199381
sepa_time: 3.2294488684995676e13
node: 563
formulation: LEFPAV