instance: K100.9.red
obj: 16.0
bound: 12.5
gap: 0.21874999999863284
time: 1286.5772378444672
preprocess_time: 514.103592
node: 8969
algo: EFPV2