instance: K100.8.con.red
obj: 241.0
bound: 228.0
gap: 0.05394190871369295
time: 3599.6465730667114
preprocess_time: 0.364624
sepa_time: 0.0
node: 97109
formulation: EVFP