instance: K100.4.con.red
obj: 4.0
bound: 3.0
gap: 0.24999999999375
time: 77.99875402450562
preprocess_time: 0.080261
node: 891
algo: EFP