instance: K100.9.red
obj: 3.0
bound: 2.0
gap: 0.3333333333222222
time: 0.74285888671875
preprocess_time: 0.058335
node: 0
formulation: EFPI