instance: K100.3.con.red
obj: 26.0
bound: 24.063494737272567
gap: 0.07448097164307635
time: 3607.1381158828735
preprocess_time: 0.070677
node: 59550
formulation: LEFPI