instance: K100.8.con.red
obj: 34.0
bound: 33.0
gap: 0.029411764705795845
time: 0.9274370670318604
preprocess_time: 0.117096
node: 149
algo: SFD