instance: K100.8.con.red
obj: 9.0
bound: 9.0
gap: 0.0
time: 1194.43319606781
preprocess_time: 0.041338
sepa_time: 0.0
node: 28490
formulation: EFP