instance: K100.10.red
obj: 134.0
bound: 126.0
gap: 0.05970149253731343
time: 7199.957103013992
preprocess_time: 0.046995
sepa_time: 0.0
node: 249985
formulation: EVFP