instance: K100.con.red
obj: 35.0
bound: 17.388827121129005
gap: 0.503176367966305
time: 1800.539955854416
preprocess_time: 0.048324
node: 6090
formulation: EVFP