instance: K100.7.red
obj: 23.0
bound: 14.082268436740824
gap: 0.3877274592704523
time: 1801.2483909130096
preprocess_time: 0.085051
node: 18628
algo: EFP