instance: K100.3.con.red
obj: 24.0
bound: 12.757808521572771
gap: 0.4684246449325161
time: 1800.5541338920593
preprocess_time: 0.091321
node: 1974
algo: SF