instance: K100.1.red
obj: 10.0
bound: 9.0
gap: 0.1
time: 3599.9567148685455
preprocess_time: 0.050923
sepa_time: 0.0
node: 80225
formulation: LEFPV