instance: K100.10.red
obj: 20.0
bound: 15.499999999999998
gap: 0.2249999999988751
time: 2003.3003759384155
preprocess_time: 0.072526
node: 15046
algo: EFPD