instance: K100.con.red
obj: 9.0
bound: 7.0
gap: 0.2222222222222222
time: 7198.553589105606
preprocess_time: 1.457489
sepa_time: 0.0
node: 100919
formulation: LEFPAD