instance: K100.3.con.red
obj: 7.0
bound: 5.999999999999997
gap: 0.14285714285510243
time: 425.43392610549927
preprocess_time: 0.085335
node: 1398
algo: F