instance: K100.7.red
obj: 4.0
bound: 3.0000000000000004
gap: 0.2499999999999999
time: 3.051024913787842
preprocess_time: 0.046307
sepa_time: 0.0
node: 1
formulation: LEFPV2