instance: K100.6.red
obj: 4.0
bound: 3.0000000000000004
gap: 0.2499999999999999
time: 5.708737850189209
preprocess_time: 0.059638
sepa_time: 5.0e-323
node: 363
formulation: LEVFP