instance: K100.6.red
obj: 4.0
bound: 3.0000000000000013
gap: 0.24999999999999967
time: 2.501278877258301
preprocess_time: 0.045078
sepa_time: 0.0
node: 28
formulation: EFP