instance: K100.6.red
obj: 16.0
bound: 11.179747419678652
gap: 0.3012657862682014
time: 1518.4546029567719
preprocess_time: 284.06994
node: 55550
algo: EFPV2