instance: K100.6.red
obj: 54.0
bound: 54.0
gap: 0.0
time: 0.008946895599365234
preprocess_time: 1.013236
sepa_time: 0.0
node: 1
formulation: LEFPAV