instance: K100.9.red
obj: 16.0
bound: 12.627155371442225
gap: 0.21080278928354346
time: 1801.2430980205536
preprocess_time: 0.061554
node: 27291
formulation: EVFP