instance: K100.7.red
obj: 23.0
bound: 17.86962864721486
gap: 0.2230596240331667
time: 1798.7519319057465
preprocess_time: 3.960352
node: 52241
formulation: EFPV