instance: K100.5.con.red
obj: 197.0
bound: 186.0
gap: 0.05583756345177665
time: 3599.9285020828247
preprocess_time: 0.077032
sepa_time: 6.95056374710225e-310
node: 66631
formulation: EVFP