instance: K100.con.red
obj: 9.0
bound: 4.255265363091167
gap: 0.5271927374284571
time: 3624.733606815338
preprocess_time: 0.065521
node: 42400
formulation: LEFPI