instance: K100.4.con.red
obj: 185.0
bound: 185.0
gap: 0.0
time: 6697.9552619457245
preprocess_time: 0.916118
sepa_time: 0.0
node: 1555699
formulation: LEFP