instance: K100.4.con.red
obj: 24.0
bound: 18.683254884525997
gap: 0.22153104647716043
time: 1801.5123188495636
preprocess_time: 0.059707
node: 25964
algo: RF