instance: K100.1.red
obj: 11.0
bound: 6.473154050135245
gap: 0.4115314499839638
time: 1800.788703918457
preprocess_time: 0.054307
node: 5588
algo: EFP