instance: K100.4.con.red
obj: 4.0
bound: 4.0
gap: 0.0
time: 19.13489079475403
preprocess_time: 0.039693
sepa_time: 0.0
node: 132
formulation: LEVFP