instance: K100.8.con.red
obj: 9.0
bound: 8.000000000000002
gap: 0.11111111111111091
time: 1486.14794588089
preprocess_time: 0.054983
sepa_time: 1.7e-322
node: 8933
formulation: EVFP