instance: K100.6.red
obj: 15.0
bound: 11.91986062882221
gap: 0.20534262474381704
time: 1802.291216135025
preprocess_time: 0.071782
node: 67834
algo: EVFP