instance: K100.4.con.red
obj: 185.0
bound: 184.0
gap: 0.005405405405405406
time: 3598.752128124237
preprocess_time: 1.24961
sepa_time: 0.0
node: 980573
formulation: LEFPV2