instance: K100.5.con.red
obj: 0.0
bound: 0.0
gap: 0.0
time: 4.742763996124268
preprocess_time: 0.05067
node: 10
algo: EVFP0