instance: K100.1.red
obj: 12.0
bound: 5.910624744083133
gap: 0.5074479379888435
time: 1800.4342091083527
preprocess_time: 0.060752
node: 2353
algo: RF