instance: K100.con.red
obj: 9.0
bound: 5.844731672207963
gap: 0.3505853697507753
time: 1801.2959690093994
preprocess_time: 0.079823
node: 21171
algo: ESF