instance: K100.9.red
obj: 118.0
bound: 117.0
gap: 0.00847457627118644
time: 7198.743213891983
preprocess_time: 1.258026
sepa_time: 0.0
node: 1559453
formulation: LEFPAD