instance: K100.con.red
obj: 312.0
bound: 308.0
gap: 0.01282051282051282
time: 7199.009291172028
preprocess_time: 0.991366
sepa_time: 0.0
node: 1558648
formulation: LEFPI