instance: K100.con.red
obj: 312.0
bound: 308.0
gap: 0.01282051282051282
time: 7198.746822118759
preprocess_time: 1.2556
sepa_time: 7.379412617414298e13
node: 1629653
formulation: LEFPV2