instance: K100.con.red
obj: 35.0
bound: 18.884077635496737
gap: 0.4604549246987776
time: 3603.1506340503693
preprocess_time: 0.071691
node: 16656
formulation: LEVFP