instance: K100.con.red
org_node: 45
org_edge: 191
org_min_len: 0.005256011563225439
org_avg_len: 0.26402549028016237
org_max_len: 1.0
dtf_node: 65
dtf_edge: 211
dtf_min_len: 0.005256011563225439
dtf_avg_len: 0.23899937745739794
dtf_max_len: 1.0
sdb_node: 716
sdb_edge: 862
sdb_min_len: 0.005256011563225439
sdb_avg_len: 0.058502167799896615
sdb_max_len: 0.06596294511847926
dlt: 0.06600637257004059
formulation: None