instance: K100.2.red
obj: 19.0
bound: 13.62969131249497
gap: 0.2826478256566719
time: 1801.1770310401917
preprocess_time: 0.071918
node: 22510
algo: EFPLg