instance: K100.5.con.red
obj: 7.0
bound: 6.000000000000001
gap: 0.14285714285714274
time: 43.354552030563354
preprocess_time: 0.05102
sepa_time: 6.4e-323
node: 1430
formulation: LEVFP