instance: K100.1.red
obj: 10.0
bound: 9.0
gap: 0.1
time: 3599.9552068710327
preprocess_time: 0.051563
node: 117142
formulation: EFP