instance: K100.9.red
obj: 3.0
bound: 3.0
gap: 0.0
time: 0.5783708095550537
preprocess_time: 0.034958
sepa_time: 0.0
node: 1
formulation: EFP