instance: K100.6.red
obj: 108.0
bound: 107.00000512917563
gap: 0.009259211766892282
time: 300.78684997558594
preprocess_time: 0.035614
sepa_time: 0.0
node: 138840
formulation: LEVFP