instance: K100.9.red
obj: 18.0
bound: 11.999999502479737
gap: 0.33333336097149613
time: 829.2746150493622
preprocess_time: 1020.330794
node: 853
algo: EFPV2