instance: K100.5.con.red
obj: 25.0
bound: 13.099409651147244
gap: 0.47602361395220616
time: 1800.7351870536804
preprocess_time: 0.05376
node: 6651
algo: SF