instance: K100.2.red
obj: 4.0
bound: 4.0
gap: 0.0
time: 2.174215078353882
preprocess_time: 1.011311
sepa_time: 0.0
node: 94
formulation: LEFPAI