instance: K100.9.red
obj: 3.0
bound: 2.0
gap: 0.3333333333222222
time: 25.435898065567017
preprocess_time: 0.061273
node: 550
formulation: EVFP