instance: K100.6.red
obj: 112.0
bound: 112.0
gap: 0.0
time: 359.4626851081848
preprocess_time: 1.30955
sepa_time: 0.0
node: 80078
formulation: LEFPD