instance: K100.5.con.red
obj: 7.0
bound: 5.999997357814237
gap: 0.14285752031021098
time: 1800.802346944809
preprocess_time: 0.07107
node: 9681
algo: EVFP0