instance: K100.6.red
org_node: 22
org_edge: 64
org_min_len: 0.056771256132425084
org_avg_len: 0.3522479860057177
org_max_len: 1.0
dtf_node: 28
dtf_edge: 70
dtf_min_len: 0.00029795461777951116
dtf_avg_len: 0.3220553014909418
dtf_max_len: 1.0
sdb_node: 244
sdb_edge: 286
sdb_min_len: 0.04417993152860622
sdb_avg_len: 0.07882472414113964
sdb_max_len: 0.08783338627513265
dlt: 0.08806199650142943
formulation: None