instance: K100.5.con.red
obj: 26.0
bound: 13.6938889581897
gap: 0.4733119631447296
time: 1897.0880680084229
preprocess_time: 4.283082
node: 621
algo: EFPV