instance: K100.7.red
obj: 23.0
bound: 14.357778328477877
gap: 0.37574876832541515
time: 1800.4626770019531
preprocess_time: 0.087387
node: 9850
algo: EDF