instance: K100.10.red
obj: 133.0
bound: 133.0
gap: 0.0
time: 3721.333321094513
preprocess_time: 1.325243
sepa_time: 0.0
node: 1285115
formulation: LEFP