instance: K100.3.con.red
obj: 7.0
bound: 5.999999999999978
gap: 0.1428571428551052
time: 426.14657402038574
preprocess_time: 0.055288
node: 3286
formulation: EFPI