instance: K100.6.red
obj: 17.0
bound: 10.000000000000002
gap: 0.41176470587993075
time: 1801.5266649723053
preprocess_time: 0.039761
node: 514
formulation: EF