instance: K100.2.red
obj: 137.0
bound: 136.0
gap: 0.0072992700729927005
time: 3599.9580318927765
preprocess_time: 0.043255
sepa_time: 0.0
node: 1686137
formulation: LEFPV2