instance: K100.3.con.red
obj: 27.0
bound: 15.863442810628218
gap: 0.41246508108631613
time: 1800.685996055603
preprocess_time: 0.099857
node: 2295
algo: F0