instance: K100.7.red
obj: 4.0
bound: 2.999999999999997
gap: 0.24999999999375078
time: 103.40295100212097
preprocess_time: 0.060772
node: 1610
formulation: LEFP