instance: K100.5.con.red
obj: 7.0
bound: 5.877697883315693
gap: 0.16032887380975344
time: 1977.5527138710022
preprocess_time: 0.073756
node: 1588
algo: EFPD