instance: K100.con.red
obj: 9.0
bound: 5.999999999999995
gap: 0.3333333333296302
time: 1800.565454006195
preprocess_time: 0.090982
node: 11585
algo: ESFV