instance: K100.8.con.red
obj: 9.0
bound: 8.000000000000002
gap: 0.11111111111111091
time: 307.2782599925995
preprocess_time: 0.056666
sepa_time: 0.0
node: 6101
formulation: LEFPD