instance: K100.1.red
obj: 61.0
bound: 17.17708820506908
gap: 0.718408390079657
time: 1887.1006090641022
preprocess_time: 13.681909
node: 237
algo: EFPV