instance: K100.3.con.red
obj: 7.0
bound: 5.999999999999999
gap: 0.14285714285510218
time: 1386.9851760864258
preprocess_time: 0.062654
node: 1179
algo: EDF