instance: K100.6.red
obj: 4.0
bound: 4.0
gap: 0.0
time: 12.659540176391602
preprocess_time: 1.001814
sepa_time: 0.0
node: 956
formulation: LEFPV2