instance: K100.con.red
obj: 313.0
bound: 309.0
gap: 0.012779552715654952
time: 7198.757323980331
preprocess_time: 1.244641
sepa_time: 3.693839972063778e14
node: 1963010
formulation: LEFPAV