instance: K100.1.red
obj: 297.0
bound: 294.0
gap: 0.010101010101010102
time: 7199.961009979248
preprocess_time: 0.040624
sepa_time: 0.0
node: 938150
formulation: LEVFP