instance: K100.3.con.red
obj: 26.0
bound: 13.390186768488453
gap: 0.48499281659473265
time: 1800.338387966156
preprocess_time: 0.04791
node: 4049
algo: EVFPV