instance: K100.4.con.red
obj: 4.0
bound: 4.0
gap: 0.0
time: 43.592689037323
preprocess_time: 0.06219
node: 952
formulation: LEFPI