instance: K100.3.con.red
obj: 9.0
bound: 9.0
gap: 0.0
time: 0.5635840892791748
preprocess_time: 0.054848
node: 0
formulation: LEFPI