instance: K100.10.red
obj: 4.999999999999918
bound: 4.999999999999918
gap: 0.0
time: 28.425004959106445
preprocess_time: 1.174658
sepa_time: 0.0
node: 810
formulation: LEFPAI