instance: K100.7.red
obj: 4.0
bound: 2.9999999999999813
gap: 0.24999999999375466
time: 197.40384483337402
preprocess_time: 0.061559
node: 1272
algo: EVFPL