instance: K100.con.red
obj: 312.0
bound: 308.0
gap: 0.01282051282051282
time: 7198.703955888748
preprocess_time: 1.298496
sepa_time: 0.0
node: 1571728
formulation: LEFP