instance: K100.4.con.red
obj: 186.0
bound: 182.0
gap: 0.021505376344086023
time: 3599.9589788913727
preprocess_time: 0.044661
sepa_time: 0.0
node: 1198401
formulation: LEFPI