instance: K100.10.red
obj: 133.0
bound: 132.0
gap: 0.007518796992481203
time: 3598.766741037369
preprocess_time: 1.233753
sepa_time: 0.0
node: 1406167
formulation: LEFPI