instance: K100.8.con.red
obj: 127.0
bound: 127.0
gap: 0.0
time: 0.015107870101928711
preprocess_time: 1.753008
sepa_time: 0.0
node: 1
formulation: LEFPAV