instance: K100.1.red
obj: 36.0
bound: 29.958285020821474
gap: 0.1678254160878262
time: 3601.862210035324
preprocess_time: 0.049238
node: 29044
formulation: LEVFP