instance: K100.1.red
obj: 10.0
bound: 8.000000000000007
gap: 0.1999999999999993
time: 3599.9521210193634
preprocess_time: 0.051481
sepa_time: 0.0
node: 64809
formulation: LEFPI