instance: K100.7.red
obj: 154.0
bound: 152.0
gap: 0.012987012987012988
time: 7198.971998929977
preprocess_time: 1.030532
sepa_time: 0.0
node: 2099149
formulation: LEFPA