instance: K100.5.con.red
obj: 7.0
bound: 6.000000000000001
gap: 0.14285714285714274
time: 39.75541400909424
preprocess_time: 0.063892
node: 1539
formulation: LEFP