instance: K100.6.red
obj: 18.0
bound: 16.9999999999999
gap: 0.05555555555525245
time: 12.546448945999146
preprocess_time: 0.059052
node: 3362
formulation: LEFPDB