instance: K100.5.con.red
obj: 7.0
bound: 5.405936424016835
gap: 0.22772336799434187
time: 1800.7106220722198
preprocess_time: 0.084377
node: 8499
algo: EVFP