instance: K100.2.red
obj: 4.0
bound: 2.999999999999993
gap: 0.24999999999375178
time: 12.848324060440063
preprocess_time: 0.088224
node: 716
algo: F