instance: K100.8.con.red
obj: 32.0
bound: 22.71375480243341
gap: 0.29019516242304905
time: 1800.681391954422
preprocess_time: 0.120489
node: 28361
algo: RF