instance: K100.10.red
obj: 0.0
bound: 0.0
gap: 0.0
time: 0.3369159698486328
preprocess_time: 0.041746
node: 0
algo: EVFP0