instance: K100.4.con.red
obj: 4.0
bound: 4.0
gap: 0.0
time: 34.76470112800598
preprocess_time: 0.966557
sepa_time: 0.0
node: 209
formulation: LEFPAD