instance: K100.7.red
obj: 64.0
bound: 64.0
gap: 0.0
time: 0.015733003616333008
preprocess_time: 1.363596
sepa_time: 0.0
node: 1
formulation: LEFPA