instance: K100.1.red
obj: 10.0
bound: 8.0
gap: 0.2
time: 7199.944787025452
preprocess_time: 0.057868
sepa_time: 0.0
node: 26819
formulation: LEVFP