instance: K100.4.con.red
obj: 4.0
bound: 4.0
gap: 0.0
time: 646.9128501415253
preprocess_time: 0.06127
node: 10199
formulation: LEVFP