instance: K100.8.con.red
obj: 9.0
bound: 6.875054654601131
gap: 0.23610503837502872
time: 1802.5956881046295
preprocess_time: 0.108325
node: 20129
formulation: EFPI