instance: K100.6.red
obj: 108.0
bound: 108.0
gap: 0.0
time: 301.2378718852997
preprocess_time: 1.014864
sepa_time: 1.796503933098367e14
node: 148932
formulation: LEFPAV