instance: K100.1.red
obj: 296.9999999803911
bound: 293.0
gap: 0.013468013402879515
time: 7199.099972009659
preprocess_time: 0.901915
sepa_time: 0.0
node: 1214234
formulation: LEFP