instance: K100.9.red
obj: 118.0
bound: 107.0
gap: 0.09322033898305085
time: 7199.883454084396
preprocess_time: 0.120082
sepa_time: 0.0
node: 3344516
formulation: EFP