instance: K100.con.red
obj: 8.999999499999973
bound: 5.700210627475673
gap: 0.36664322842325103
time: 1800.943344116211
preprocess_time: 0.056631
node: 13707
algo: F0