instance: K100.2.red
obj: 137.0
bound: 137.0
gap: 0.0
time: 196.28037190437317
preprocess_time: 0.961053
sepa_time: 0.0
node: 72659
formulation: LEFPA