instance: K100.4.con.red
obj: 24.0
bound: 16.465565061255585
gap: 0.31393478911304257
time: 1800.6525120735168
preprocess_time: 0.068537
node: 9652
algo: EVFPV