instance: K100.5.con.red
obj: 196.0
bound: 194.0
gap: 0.01020408163265306
time: 7199.96661400795
preprocess_time: 0.037071
sepa_time: 6.94132414321997e-310
node: 1824838
formulation: LEVFP