instance: K100.10.red
obj: 5.0
bound: 3.9999999999999156
gap: 0.19999999999601686
time: 163.84309887886047
preprocess_time: 3.646536
node: 581
algo: EFPV