instance: K100.con.red
obj: 37.0
bound: 30.45923471069887
gap: 0.17677744025090414
time: 3603.487659931183
preprocess_time: 0.16455
node: 40496
formulation: LEFPD