instance: K100.2.red
obj: 4.0
bound: 2.9999999999999973
gap: 0.24999999999375067
time: 104.8903739452362
preprocess_time: 0.067417
node: 1297
algo: RF