instance: K100.2.red
obj: 137.0
bound: 137.0
gap: 0.0
time: 564.0638818740845
preprocess_time: 1.064547
sepa_time: 9.651088738733834e13
node: 197496
formulation: LEFPAV