instance: K100.10.red
obj: 5.0
bound: 5.0
gap: 0.0
time: 132.89782810211182
preprocess_time: 1.220952
sepa_time: 0.0
node: 8502
formulation: LEFPAD