instance: K100.6.red
obj: 112.0
bound: 112.0
gap: 0.0
time: 358.6707570552826
preprocess_time: 1.345511
sepa_time: 0.0
node: 80078
formulation: LEFPD