instance: K100.8.con.red
obj: 31.0
bound: 26.0
gap: 0.16129032258064516
time: 3599.956403017044
preprocess_time: 0.049034
sepa_time: 0.0
node: 82009
formulation: LEFPV2