instance: K100.4.con.red
obj: 185.0
bound: 184.00000217680605
gap: 0.0054053936388862205
time: 6890.292968988419
preprocess_time: 0.955073
sepa_time: 0.0
node: 1555675
formulation: LEFP