instance: K100.7.red
obj: 23.0
bound: 21.0
gap: 0.08695652173913043
time: 3599.9436168670654
preprocess_time: 0.06173
node: 552513
formulation: EFP