instance: K100.8.con.red
obj: 10.0
bound: 6.171524425067224
gap: 0.38284755748944915
time: 1800.3673770427704
preprocess_time: 0.086542
node: 15094
algo: F