instance: K100.9.red
obj: 3.0
bound: 3.0
gap: 0.0
time: 3.011183977127075
preprocess_time: 0.062147
node: 1
formulation: LEFPD