instance: K100.con.red
obj: 36.0
bound: 21.16147685252798
gap: 0.4121811985397445
time: 1788.9815378189087
preprocess_time: 12.031906
node: 5995
formulation: EFPV