instance: K100.4.con.red
obj: 22.0
bound: 20.0
gap: 0.09090909090909091
time: 3599.9557230472565
preprocess_time: 0.04686
sepa_time: 0.0
node: 126548
formulation: LEFPV2