instance: K100.6.red
obj: 14.0
bound: 14.0
gap: 0.0
time: 582.0467450618744
preprocess_time: 0.057882
node: 96473
formulation: LEFP