instance: K100.2.red
org_node: 24
org_edge: 83
org_min_len: 0.01385301264757094
org_avg_len: 0.2819274342072959
org_max_len: 1.0
dtf_node: 32
dtf_edge: 91
dtf_min_len: 0.01385301264757094
dtf_avg_len: 0.25714260482643475
dtf_max_len: 0.5638543045597233
sdb_node: 32
sdb_edge: 91
sdb_min_len: 0.01385301264757094
sdb_avg_len: 0.25714260482643475
sdb_max_len: 0.5638543045597233
dlt: 0.5638548684145918
formulation: None