instance: K100.8.con.red
obj: 32.0
bound: 22.023899705046258
gap: 0.3117531342163302
time: 1801.402319908142
preprocess_time: 0.055366
node: 13255
algo: EFP0