instance: K100.2.red
obj: 0.0
bound: 0.0
gap: 0.0
time: 0.5478730201721191
preprocess_time: 0.047382
node: 0
algo: EVFP