instance: K100.8.con.red
obj: 10.0
bound: 6.303978716016748
gap: 0.3696021283946292
time: 1800.2994639873505
preprocess_time: 0.055264
node: 7722
algo: EVFPV