instance: K100.6.red
obj: 15.0
bound: 11.584404107065142
gap: 0.22770639286080585
time: 1801.64452791214
preprocess_time: 0.063016
node: 78261
algo: EVFPV