instance: K100.1.red
obj: 10.0
bound: 9.0
gap: 0.1
time: 3599.9540650844574
preprocess_time: 0.051429
sepa_time: 0.0
node: 82213
formulation: LEFPV2