instance: K100.3.con.red
obj: 5.0
bound: 5.0
gap: 0.0
time: 0.37963199615478516
preprocess_time: 1.332896
sepa_time: 0.0
node: 1
formulation: LEFPA