instance: K100.7.red
obj: 4.0
bound: 3.0
gap: 0.24999999999375
time: 13.445229053497314
preprocess_time: 0.049699
node: 320
algo: EFP