instance: K100.7.red
obj: 4.0
bound: 3.0000000000000004
gap: 0.2499999999999999
time: 2.0840260982513428
preprocess_time: 0.045943
sepa_time: 6.89861311111227e-310
node: 1
formulation: EVFP