instance: K100.5.con.red
obj: 7.0
bound: 5.353891211804179
gap: 0.23515839831032936
time: 1878.2148489952087
preprocess_time: 19.05935
node: 1741
algo: EFPV