instance: K100.4.con.red
obj: 23.0
bound: 16.287952098611143
gap: 0.29182816962433367
time: 1801.4376051425934
preprocess_time: 0.07846
node: 19691
algo: ERF