instance: K100.4.con.red
obj: 4.0
bound: 4.0
gap: 0.0
time: 5.044384956359863
preprocess_time: 0.897707
sepa_time: 5.07950846735709e13
node: 1
formulation: LEFPV