instance: K100.con.red
obj: 169.0
bound: 169.0
gap: 0.0
time: 0.010123968124389648
preprocess_time: 1.329233
sepa_time: 0.0
node: 1
formulation: LEFPAV