instance: K100.4.con.red
org_node: 29
org_edge: 113
org_min_len: 0.0337626609978742
org_avg_len: 0.3062571030508121
org_max_len: 1.0
dtf_node: 60
dtf_edge: 144
dtf_min_len: 0.0007083151232598062
dtf_avg_len: 0.2403267544773734
dtf_max_len: 1.0
sdb_node: 85
sdb_edge: 169
sdb_min_len: 0.0007083151232598062
sdb_avg_len: 0.2047754594363418
sdb_max_len: 0.30625679679370904
dlt: 0.3062571030508121
algo: None