instance: K100.6.red
obj: 4.0
bound: 4.0
gap: 0.0
time: 8.819066047668457
preprocess_time: 0.961124
sepa_time: 0.0
node: 780
formulation: LEFPAI