instance: K100.6.red
obj: 0.0
bound: 0.0
gap: 0.0
time: 0.3094198703765869
preprocess_time: 0.066703
node: 0
algo: EVFP0