instance: K100.4.con.red
obj: 24.0
bound: 14.159517703987872
gap: 0.4100200956654636
time: 1800.9100098609924
preprocess_time: 0.090464
node: 3076
algo: EVFP