instance: K100.2.red
obj: 4.0
bound: 4.0
gap: 0.0
time: 5.640890836715698
preprocess_time: 1.18683
sepa_time: 0.0
node: 1
formulation: LEFPAD