instance: K100.8.con.red
obj: 32.0
bound: 20.881692942057768
gap: 0.34744709555960895
time: 1800.2519760131836
preprocess_time: 0.088161
node: 9108
algo: EVFPV