instance: K100.con.red
org_node: 45
org_edge: 191
org_min_len: 0.005256011563225439
org_avg_len: 0.26402549028016237
org_max_len: 1.0
dtf_node: 121
dtf_edge: 267
dtf_min_len: 0.0005054557128282844
dtf_avg_len: 0.18887216720416128
dtf_max_len: 1.0
sdb_node: 145
sdb_edge: 291
sdb_min_len: 0.0005054557128282844
sdb_avg_len: 0.17329508124917892
sdb_max_len: 0.26402522625467206
dlt: 0.26402549028016237
algo: None