instance: K100.6.red
obj: 4.0
bound: 2.9999999999999747
gap: 0.24999999999375633
time: 24.85487413406372
preprocess_time: 0.05895
node: 1549
formulation: EFP