instance: K100.con.red
obj: 9.0
bound: 8.0
gap: 0.1111111111111111
time: 7199.009851932526
preprocess_time: 0.992082
sepa_time: 0.0
node: 362220
formulation: LEFPAI