instance: K100.9.red
obj: 3.0
bound: 2.0000000000000004
gap: 0.3333333333333332
time: 0.815338134765625
preprocess_time: 0.061143
node: 1
formulation: LEFPI