instance: K100.1.red
obj: 42.0
bound: 23.279760517171873
gap: 0.4457199876853227
time: 1800.5960240364075
preprocess_time: 0.078246
node: 2479
algo: EVFP