instance: K100.10.red
obj: 137.0
bound: 135.0
gap: 0.014598540145985401
time: 3599.9568300247192
preprocess_time: 0.044875
sepa_time: 0.0
node: 515935
formulation: LEFPD