instance: K100.4.con.red
obj: 4.0
bound: 4.0
gap: 0.0
time: 53.705503940582275
preprocess_time: 0.975675
sepa_time: 0.0
node: 1879
formulation: LEFP