instance: K100.2.red
obj: 137.0
bound: 137.0
gap: 0.0
time: 313.1197099685669
preprocess_time: 1.254318
sepa_time: 0.0
node: 143927
formulation: LEFPAI