instance: K100.8.con.red
obj: 33.0
bound: 21.040028901972875
gap: 0.36242336660578434
time: 1796.7183380126953
preprocess_time: 4.712902
node: 10285
algo: EFPV