instance: K100.9.red
obj: 3.0
bound: 3.0
gap: 0.0
time: 0.6089599132537842
preprocess_time: 1.038665
sepa_time: 0.0
node: 1
formulation: LEFPA