instance: K100.7.red
obj: 4.0
bound: 4.0
gap: 0.0
time: 2.21134090423584
preprocess_time: 0.040405
sepa_time: 0.0
node: 1
formulation: EFP