instance: K100.8.con.red
obj: 32.0
bound: 21.97980407831709
gap: 0.31313112255161235
time: 1802.3049569129944
preprocess_time: 0.09777
node: 11009
formulation: EFPI