instance: K100.2.red
obj: 1.0
bound: 0.0
gap: 0.9999999999
time: 2.8819448947906494
preprocess_time: 0.084431
node: 407
algo: EVFPV