instance: K100.4.con.red
obj: 22.0
bound: 16.114509749065256
gap: 0.2675222841321815
time: 3604.945822954178
preprocess_time: 0.067566
node: 88635
formulation: EFP