instance: K100.con.red
obj: 0.0
bound: 0.0
gap: 0.0
time: 1.4303228855133057
preprocess_time: 0.06076
node: 0
algo: EVFP