instance: K100.7.red
obj: 29.0
bound: 27.999999999999993
gap: 0.034482758620571
time: 1.9645280838012695
preprocess_time: 0.059867
node: 793
formulation: LEFPDB