instance: K100.con.red
obj: 312.0
bound: 307.0
gap: 0.016025641025641024
time: 3599.9422011375427
preprocess_time: 0.0612
sepa_time: 0.0
node: 765469
formulation: LEFPV