instance: K100.9.red
obj: 118.0
bound: 117.0
gap: 0.00847457627118644
time: 7198.823749065399
preprocess_time: 1.177377
sepa_time: 0.0
node: 1700211
formulation: LEFPAD