instance: K100.5.con.red
obj: 8.0
bound: 7.000000000000001
gap: 0.12499999999999989
time: 944.8830900192261
preprocess_time: 1.315741
sepa_time: 0.0
node: 23474
formulation: LEFPD