instance: K100.8.con.red
obj: 9.0
bound: 8.000000000000002
gap: 0.11111111111111091
time: 232.9244201183319
preprocess_time: 0.064377
node: 3795
formulation: LEFPD