instance: K100.con.red
obj: 169.0
bound: 169.0
gap: 0.0
time: 0.07820487022399902
preprocess_time: 1.315144
sepa_time: 0.0
node: 1
formulation: LEFPAD