instance: K100.2.red
obj: 18.0
bound: 13.103446540763416
gap: 0.2720307477338545
time: 1800.722146987915
preprocess_time: 0.065511
node: 26101
algo: EVFPV