instance: K100.1.red
obj: 10.0
bound: 8.0
gap: 0.2
time: 3599.9497740268707
preprocess_time: 0.053538
sepa_time: 6.9256118452753e-310
node: 14948
formulation: EVFP