instance: K100.9.red
obj: 118.0
bound: 107.0
gap: 0.09322033898305085
time: 7199.9470291137695
preprocess_time: 0.055752
sepa_time: 0.0
node: 3285558
formulation: EFP