instance: K100.10.red
obj: 92.0
bound: 89.0
gap: 0.03260869565217391
time: 3599.956822872162
preprocess_time: 0.044169
sepa_time: 0.0
node: 1094872
formulation: LEFPI