instance: K100.7.red
obj: 4.0
bound: 2.999999999999999
gap: 0.24999999999375022
time: 39.64939212799072
preprocess_time: 0.06066
node: 558
formulation: LEFPD