instance: K100.6.red
obj: 4.0
bound: 2.9999999999999947
gap: 0.24999999999375133
time: 5.080060005187988
preprocess_time: 2.518375
node: 43
formulation: EFPV