instance: K100.1.red
obj: 40.0
bound: 26.875043545671232
gap: 0.3281239113573989
time: 1801.0458118915558
preprocess_time: 0.070071
node: 4002
algo: EFP