instance: K100.10.red
obj: 5.0
bound: 4.000000000000001
gap: 0.19999999999999982
time: 6.4881439208984375
preprocess_time: 0.049143
sepa_time: 4.486e-321
node: 518
formulation: EVFP