instance: K100.10.red
obj: 5.0
bound: 3.999999999999975
gap: 0.19999999999600498
time: 232.66877698898315
preprocess_time: 2.093356
node: 883
algo: EFPV