instance: K100.4.con.red
obj: 4.0
bound: 4.0
gap: 0.0
time: 19.425047874450684
preprocess_time: 0.040031
sepa_time: 1.33e-322
node: 132
formulation: LEVFP