instance: K100.9.red
obj: 3.0
bound: 2.0
gap: 0.3333333333222222
time: 2.329591989517212
preprocess_time: 0.085811
node: 30
algo: RF