instance: K100.con.red
obj: 40.0
bound: 16.888734743375622
gap: 0.5777816314141649
time: 1800.1966309547424
preprocess_time: 0.08569
node: 4223
algo: SF