instance: K100.5.con.red
obj: 7.0
bound: 7.0
gap: 0.0
time: 78.22646594047546
preprocess_time: 1.02441
sepa_time: 0.0
node: 959
formulation: LEFPAD