instance: K100.8.con.red
obj: 31.0
bound: 25.0
gap: 0.1935483870967742
time: 3599.939108133316
preprocess_time: 0.065014
node: 98552
formulation: EFP