instance: K100.10.red
obj: 20.0
bound: 16.000000000000004
gap: 0.19999999999999982
time: 3602.044858932495
preprocess_time: 0.036206
node: 3138
formulation: EF