instance: K100.9.red
obj: 0.0
bound: 0.0
gap: 0.0
time: 0.4669768810272217
preprocess_time: 0.082993
node: 0
algo: EVFPV