instance: K100.4.con.red
obj: 4.0
bound: 4.0
gap: 0.0
time: 20.8068630695343
preprocess_time: 0.047199
sepa_time: 0.0
node: 345
formulation: LEFPD