instance: K100.8.con.red
obj: 32.0
bound: 21.313551082980315
gap: 0.33395152865582156
time: 1800.7746651172638
preprocess_time: 0.111981
node: 18310
algo: F