instance: K100.9.red
obj: 4.0
bound: 3.000000000000001
gap: 0.24999999999374978
time: 1.4393119812011719
preprocess_time: 0.080685
node: 0
algo: ESFV