instance: K100.1.red
obj: 297.0
bound: 293.0
gap: 0.013468013468013467
time: 3598.7040688991547
preprocess_time: 1.297467
sepa_time: 0.0
node: 610952
formulation: LEFPI