instance: K100.4.con.red
org_node: 29
org_edge: 113
org_min_len: 0.0337626609978742
org_avg_len: 0.3062571030508121
org_max_len: 1.0
dtf_node: 40
dtf_edge: 124
dtf_min_len: 0.029627209213632266
dtf_avg_len: 0.27908913423178855
dtf_max_len: 0.6125135935874181
sdb_node: 40
sdb_edge: 124
sdb_min_len: 0.029627209213632266
sdb_avg_len: 0.27908913423178855
sdb_max_len: 0.6125135935874181
dlt: 0.6125142061016242
formulation: None