instance: K100.2.red
obj: 4.0
bound: 3.0
gap: 0.24999999999375
time: 60.382364988327026
preprocess_time: 0.051552
node: 1110
formulation: EFP