instance: K100.4.con.red
obj: 4.0
bound: 4.0
gap: 0.0
time: 354.1391751766205
preprocess_time: 0.086199
node: 3152
algo: EVFP