instance: K100.10.red
obj: 0.0
bound: 0.0
gap: 0.0
time: 0.33905696868896484
preprocess_time: 0.061983
node: 0
algo: EVFP