instance: K100.9.red
obj: 86.0
bound: 85.0
gap: 0.011627906976744186
time: 3599.9423208236694
preprocess_time: 0.059338
sepa_time: 6.93847601449324e-310
node: 958521
formulation: LEVFP