instance: K100.1.red
obj: 297.0
bound: 292.0
gap: 0.016835016835016835
time: 3599.95618891716
preprocess_time: 0.045818
sepa_time: 0.0
node: 765358
formulation: LEFPV