instance: K100.4.con.red
obj: 187.0
bound: 177.0
gap: 0.053475935828877004
time: 3599.9224939346313
preprocess_time: 0.082739
sepa_time: 6.9306867339057e-310
node: 59132
formulation: EVFP