instance: K100.con.red
obj: 8.0
bound: 7.000002116907088
gap: 0.12499973538661402
time: 3645.825019836426
preprocess_time: 0.975097
sepa_time: 0.0
node: 128491
formulation: LEFP