instance: K100.4.con.red
obj: 4.0
bound: 4.0
gap: 0.0
time: 874.7358660697937
preprocess_time: 9.180478
node: 2758
algo: EFPV