instance: K100.6.red
obj: 15.0
bound: 12.097055901499715
gap: 0.19352960656539547
time: 1801.4251201152802
preprocess_time: 0.05981
node: 33767
formulation: EFPD