instance: K100.6.red
obj: 4.0
bound: 4.0
gap: 0.0
time: 9.97157907485962
preprocess_time: 0.058729
node: 387
formulation: LEFPD