instance: K100.1.red
obj: 298.0
bound: 291.0
gap: 0.02348993288590604
time: 3599.957239151001
preprocess_time: 0.04521
sepa_time: 0.0
node: 803332
formulation: LEFPI