instance: K100.1.red
obj: 10.0
bound: 9.0
gap: 0.1
time: 3599.034122943878
preprocess_time: 0.972098
sepa_time: 0.0
node: 48395
formulation: LEFPV2