instance: K100.10.red
obj: 137.0
bound: 135.0
gap: 0.014598540145985401
time: 3598.701334953308
preprocess_time: 1.300257
sepa_time: 0.0
node: 704203
formulation: LEFPD