instance: K100.5.con.red
obj: 8.0
bound: 5.792629898614836
gap: 0.2759212626696965
time: 1801.0247831344604
preprocess_time: 0.043944
node: 22751
algo: EVFPV