instance: K100.9.red
obj: 3.0
bound: 2.0
gap: 0.3333333333222222
time: 24.808393001556396
preprocess_time: 0.085779
node: 990
algo: EVFP0