instance: K100.10.red
obj: 58.0
bound: 58.0
gap: 0.0
time: 0.019701004028320312
preprocess_time: 1.019757
sepa_time: 0.0
node: 1
formulation: LEFPAI