instance: K100.1.red
obj: 10.0
bound: 6.569644831849331
gap: 0.3430355168116365
time: 1801.7454659938812
preprocess_time: 0.054427
node: 4083
algo: ERF