instance: K100.8.con.red
obj: 31.0
bound: 22.387459626626896
gap: 0.2778238830111394
time: 1801.6117451190948
preprocess_time: 0.059009
node: 21327
formulation: LEVFP