instance: K100.con.red
obj: 8.0
bound: 7.000000000000001
gap: 0.12499999999999989
time: 1108.2113981246948
preprocess_time: 0.043131
sepa_time: 0.0
node: 41596
formulation: EFP