instance: K100.8.con.red
obj: 9.0
bound: 8.00000203452856
gap: 0.11111088505238224
time: 1799.7457768917084
preprocess_time: 0.941741
sepa_time: 0.0
node: 53075
formulation: LEFP