instance: K100.con.red
obj: 41.99999968767965
bound: 19.53571372214237
gap: 0.5348639555364927
time: 1800.5458598136902
preprocess_time: 0.103442
node: 3753
formulation: EFPI