instance: K100.3.con.red
obj: 200.0
bound: 199.0000000000001
gap: 0.004999999999999432
time: 7198.679881095886
preprocess_time: 1.322207
sepa_time: 0.0
node: 2370503
formulation: LEFP