instance: K100.6.red
obj: 4.0
bound: 4.0
gap: 0.0
time: 3.1730170249938965
preprocess_time: 1.168236
sepa_time: 0.0
node: 599
formulation: LEFPAI