instance: K100.4.con.red
obj: 4.0
bound: 4.0
gap: 0.0
time: 139.19907808303833
preprocess_time: 0.089651
node: 1539
algo: RF