instance: K100.1.red
obj: 297.0
bound: 293.0
gap: 0.013468013468013467
time: 7199.081779956818
preprocess_time: 0.919998
sepa_time: 0.0
node: 1256994
formulation: LEFPV2