instance: K100.7.red
obj: 23.0
bound: 17.833333290863717
gap: 0.22463768300494869
time: 1801.712856054306
preprocess_time: 0.096909
node: 101462
algo: RF