instance: K100.8.con.red
obj: 32.0
bound: 28.0
gap: 0.125
time: 3599.9387447834015
preprocess_time: 0.063727
node: 27377
formulation: LEFPD