instance: K100.6.red
obj: 4.0
bound: 2.9999999999999956
gap: 0.2499999999937511
time: 27.806718111038208
preprocess_time: 0.047433
node: 777
algo: ESF