instance: K100.10.red
obj: 19.0
bound: 15.974085159994488
gap: 0.15925867578892564
time: 1801.7041339874268
preprocess_time: 0.044443
node: 39146
algo: EFP