instance: K100.8.con.red
obj: 9.0
bound: 8.000000000000002
gap: 0.11111111111111091
time: 1069.6804151535034
preprocess_time: 1.34227
sepa_time: 0.0
node: 15480
formulation: LEFP