instance: K100.2.red
obj: 4.0
bound: 4.0
gap: 0.0
time: 1.912665843963623
preprocess_time: 1.176537
sepa_time: 2.7685607129888812e13
node: 1
formulation: LEFPAV