instance: K100.8.con.red
obj: 239.0
bound: 236.0
gap: 0.012552301255230125
time: 7198.800798892975
preprocess_time: 1.200781
sepa_time: 1.706102553324274e14
node: 2406596
formulation: LEFPAV