instance: K100.2.red
obj: 19.0
bound: 18.0
gap: 0.05263157894736842
time: 3599.9606590270996
preprocess_time: 0.044766
node: 91227
formulation: LEFPD