instance: K100.1.red
obj: 10.0
bound: 9.0
gap: 0.1
time: 7198.748922109604
preprocess_time: 1.257175
sepa_time: 0.0
node: 161764
formulation: LEFPA