instance: K100.9.red
obj: 22.0
bound: 20.999999999999996
gap: 0.04545454545433901
time: 10.789708137512207
preprocess_time: 0.058924
node: 3078
formulation: LEFP