instance: K100.1.red
obj: 297.0
bound: 291.0
gap: 0.020202020202020204
time: 7199.100800991058
preprocess_time: 0.903308
sepa_time: 0.0
node: 399603
formulation: LEFPD