instance: K100.3.con.red
obj: 200.0
bound: 199.0
gap: 0.005
time: 3598.6791129112244
preprocess_time: 1.321479
sepa_time: 0.0
node: 1096428
formulation: LEFPI