instance: K100.4.con.red
obj: 4.0
bound: 3.0
gap: 0.24999999999375
time: 67.12070798873901
preprocess_time: 0.052666
node: 891
formulation: EFP