instance: K100.9.red
obj: 15.0
bound: 14.000000000000004
gap: 0.06666666666666643
time: 35.60442304611206
preprocess_time: 0.047295
sepa_time: 6.9005215336596e-310
node: 1049
formulation: EVFP