instance: K100.con.red
obj: 313.0
bound: 298.0
gap: 0.04792332268370607
time: 7199.725960969925
preprocess_time: 0.290882
sepa_time: 1.24e-322
node: 83680
formulation: EVFP