instance: K100.3.con.red
obj: 24.0
bound: 22.999999999999908
gap: 0.041666666666496904
time: 3.359508991241455
preprocess_time: 0.118714
node: 859
algo: SFD