instance: K100.4.con.red
obj: 1.0
bound: 0.0
gap: 0.9999999999
time: 2.426569938659668
preprocess_time: 0.057295
node: 280
algo: EVFPV