instance: K100.8.con.red
obj: 239.0
bound: 236.0
gap: 0.012552301255230125
time: 3598.6675748825073
preprocess_time: 1.335579
sepa_time: 0.0
node: 1279504
formulation: LEFPV2