instance: K100.6.red
obj: 15.0
bound: 11.957961282288315
gap: 0.202802581179427
time: 1801.4639599323273
preprocess_time: 0.070562
node: 51280
algo: ESF