instance: K100.7.red
obj: 4.0
bound: 2.9999999999999964
gap: 0.2499999999937509
time: 300.6667628288269
preprocess_time: 0.086724
node: 1739
algo: EVFP