instance: K100.6.red
obj: 4.0
bound: 4.0
gap: 0.0
time: 3.5340280532836914
preprocess_time: 0.866362
sepa_time: 0.0
node: 675
formulation: LEFP