instance: K100.1.red
obj: 10.0
bound: 8.999999999999998
gap: 0.09999999999900018
time: 578.7575118541718
preprocess_time: 0.050679
node: 5661
formulation: LEFPDB