instance: K100.con.red
obj: 36.0
bound: 18.63562299076136
gap: 0.48234380581084463
time: 1800.4237840175629
preprocess_time: 0.097654
node: 5025
algo: ERF