instance: K100.3.con.red
obj: 26.0
bound: 12.690971085908856
gap: 0.5118857274630753
time: 1800.749883890152
preprocess_time: 0.091098
node: 1443
algo: EVFP