instance: K100.4.con.red
obj: 0.0
bound: 0.0
gap: 0.0
time: 0.6575140953063965
preprocess_time: 0.072601
node: 0
algo: EVFP0