instance: K100.8.con.red
obj: 10.0
bound: 10.0
gap: 0.0
time: 2327.2419588565826
preprocess_time: 0.068479
node: 40957
formulation: LEFP