instance: K100.1.red
obj: 300.0
bound: 270.0
gap: 0.1
time: 7199.824470043182
preprocess_time: 0.181641
sepa_time: 0.0
node: 1097290
formulation: EFP