instance: K100.9.red
obj: 3.0
bound: 3.0
gap: 0.0
time: 0.8622519969940186
preprocess_time: 0.040515
sepa_time: 0.0
node: 1
formulation: EFP