instance: K100.7.red
obj: 4.0
bound: 3.0
gap: 0.24999999999375
time: 14.30965518951416
preprocess_time: 0.084926
node: 270
algo: EFPLg