instance: K100.1.red
obj: 11.0
bound: 6.999999999999999
gap: 0.36363636363305796
time: 1800.5577070713043
preprocess_time: 0.072735
node: 3809
algo: EFPLg