instance: K100.con.red
obj: 36.0
bound: 21.20166636079148
gap: 0.4110648233102059
time: 1794.8941268920898
preprocess_time: 5.663734
node: 6664
algo: EFPV