instance: K100.6.red
obj: 108.0
bound: 107.00000000000001
gap: 0.009259259259259127
time: 187.16315698623657
preprocess_time: 0.917308
sepa_time: 0.0
node: 121441
formulation: LEFP