instance: K100.8.con.red
obj: 239.0
bound: 234.0
gap: 0.02092050209205021
time: 3599.9426369667053
preprocess_time: 0.059187
sepa_time: 0.0
node: 1161809
formulation: LEFPV2