instance: K100.7.red
obj: 23.0
bound: 15.955668257215574
gap: 0.3062752931632086
time: 1801.305459022522
preprocess_time: 0.065248
node: 35078
algo: ERF