instance: K100.1.red
obj: 43.0
bound: 24.410405872571392
gap: 0.4323161424973343
time: 1800.821969985962
preprocess_time: 0.047527
node: 1064
algo: EFP0