instance: K100.9.red
obj: 56.0
bound: 56.0
gap: 0.0
time: 0.017301082611083984
preprocess_time: 1.075992
sepa_time: 0.0
node: 1
formulation: LEFPAI