instance: K100.1.red
obj: 305.0
bound: 301.0
gap: 0.013114754098360656
time: 3598.6488151550293
preprocess_time: 1.354399
sepa_time: 0.0
node: 227911
formulation: LEFPD