instance: K100.1.red
obj: 44.0
bound: 25.10863443234063
gap: 0.42934921744582805
time: 1800.8115549087524
preprocess_time: 0.056468
node: 1607
algo: ERF