instance: K100.8.con.red
obj: 9.0
bound: 9.0
gap: 0.0
time: 1107.7972009181976
preprocess_time: 1.179302
sepa_time: 0.0
node: 42859
formulation: LEFPA