instance: K100.4.con.red
obj: 191.0
bound: 188.0
gap: 0.015706806282722512
time: 3599.956670999527
preprocess_time: 0.04485
sepa_time: 0.0
node: 394211
formulation: LEFPD