instance: K100.4.con.red
obj: 4.0
bound: 4.0
gap: 0.0
time: 277.25893998146057
preprocess_time: 0.073767
node: 2742
algo: ESF