instance: K100.8.con.red
obj: 10.0
bound: 6.0527091063292255
gap: 0.39472908936313017
time: 1800.930422782898
preprocess_time: 0.038691
node: 5692
formulation: LEVFP