instance: K100.10.red
obj: 5.0
bound: 4.000000000000001
gap: 0.19999999999999982
time: 53.89752912521362
preprocess_time: 0.045017
node: 1440
formulation: LEFPD