instance: K100.7.red
obj: 154.0
bound: 152.0
gap: 0.012987012987012988
time: 3599.9378271102905
preprocess_time: 0.063999
sepa_time: 0.0
node: 843210
formulation: LEVFP