instance: K100.8.con.red
obj: 33.0
bound: 20.972434512329286
gap: 0.3644716814434626
time: 1798.4960961341858
preprocess_time: 2.661416
node: 10673
algo: EFPV