instance: K100.10.red
obj: 133.0
bound: 133.0
gap: 0.0
time: 3147.9766099452972
preprocess_time: 0.960685
sepa_time: 0.0
node: 1317376
formulation: LEFP