instance: K100.10.red
obj: 5.0
bound: 3.999999999999999
gap: 0.19999999999600018
time: 123.646311044693
preprocess_time: 0.041454
node: 1308
formulation: EFPI