instance: K100.4.con.red
obj: 22.0
bound: 16.80328698622124
gap: 0.2362142278979608
time: 1801.49489402771
preprocess_time: 0.06098
node: 35040
algo: RF