instance: K100.5.con.red
obj: 128.0
bound: 1.0
gap: 0.9921875
time: 3605.6893179416656
preprocess_time: 0.037796
node: 1
formulation: EF