instance: K100.10.red
obj: 5.0
bound: 3.999999999999926
gap: 0.19999999999601484
time: 359.07653188705444
preprocess_time: 0.064986
node: 13332
algo: EVFP0