instance: K100.6.red
obj: 14.0
bound: 14.0
gap: 0.0
time: 533.6871838569641
preprocess_time: 0.044812
sepa_time: 0.0
node: 96473
formulation: LEFPV2