instance: K100.10.red
obj: 133.0
bound: 132.0
gap: 0.007518796992481203
time: 3599.954368829727
preprocess_time: 0.046971
sepa_time: 0.0
node: 1278728
formulation: LEFPV