instance: K100.7.red
obj: 4.0
bound: 4.0
gap: 0.0
time: 8.039685010910034
preprocess_time: 0.989493
sepa_time: 0.0
node: 8
formulation: LEFP