instance: K100.8.con.red
obj: 31.0
bound: 26.0
gap: 0.16129032258064516
time: 3599.938141822815
preprocess_time: 0.065173
node: 22611
formulation: LEVFP