instance: K100.7.red
obj: 4.0
bound: 2.9999999999999996
gap: 0.2499999999937501
time: 8.595330953598022
preprocess_time: 0.061877
node: 1170
formulation: LEFPDB