instance: K100.4.con.red
obj: 4.0
bound: 4.0
gap: 0.0
time: 21.960027933120728
preprocess_time: 0.038507
sepa_time: 0.0
node: 132
formulation: LEVFP