instance: K100.10.red
obj: 133.0
bound: 132.000002237384
gap: 0.007518780170045147
time: 2672.2728400230408
preprocess_time: 1.30668
sepa_time: 0.0
node: 1101451
formulation: LEFP