instance: K100.6.red
obj: 4.0
bound: 4.0
gap: 0.0
time: 3.1929750442504883
preprocess_time: 1.095101
sepa_time: 0.0
node: 434
formulation: LEFPA