instance: K100.10.red
obj: 92.0
bound: 88.0
gap: 0.043478260869565216
time: 3599.949084043503
preprocess_time: 0.056101
sepa_time: 0.0
node: 110947
formulation: EVFP