instance: K100.6.red
obj: 4.0
bound: 4.0
gap: 0.0
time: 2.8200199604034424
preprocess_time: 0.03704
sepa_time: 0.0
node: 1
formulation: EFP