instance: K100.7.red
obj: 111.0
bound: 104.0
gap: 0.06306306306306306
time: 3599.9252948760986
preprocess_time: 0.080838
sepa_time: 5.0e-323
node: 86775
formulation: EVFP