instance: K100.1.red
obj: 10.0
bound: 8.650844938094323
gap: 0.13491550618921852
time: 3602.65944814682
preprocess_time: 0.051176
node: 17890
formulation: LEFPI