instance: K100.5.con.red
obj: 24.0
bound: 16.17857142857143
gap: 0.3258928571414992
time: 1801.442312002182
preprocess_time: 0.074223
node: 27730
algo: ERF