instance: K100.3.con.red
obj: 7.0
bound: 5.999999999999996
gap: 0.14285714285510268
time: 194.54229092597961
preprocess_time: 0.094608
node: 1235
algo: EVFP