instance: K100.8.con.red
obj: 34.0
bound: 22.663495345143733
gap: 0.33342660749479186
time: 1801.9364359378815
preprocess_time: 0.039956
node: 4023
formulation: EFPD