instance: K100.9.red
obj: 3.0
bound: 2.0
gap: 0.3333333333222222
time: 2.3849639892578125
preprocess_time: 0.081773
node: 20
algo: SF