instance: K100.2.red
obj: 4.0
bound: 3.0000000000000004
gap: 0.2499999999999999
time: 5.189548015594482
preprocess_time: 0.045178
node: 198
formulation: LEFPD