instance: K100.8.con.red
obj: 37.0
bound: 21.584724384858752
gap: 0.41662907067836713
time: 1873.4083352088928
preprocess_time: 4.72612
node: 674
algo: EFPV