instance: K100.3.con.red
obj: 24.0
bound: 17.499999999999996
gap: 0.27083333333220505
time: 1801.232511997223
preprocess_time: 0.103377
node: 10408
formulation: LEVFP