instance: K100.7.red
obj: 4.0
bound: 3.0000000000000004
gap: 0.2499999999999999
time: 4.284591913223267
preprocess_time: 0.060775
node: 1
formulation: LEVFP