instance: K100.con.red
obj: 8.0
bound: 8.0
gap: 0.0
time: 2163.0944929122925
preprocess_time: 0.0438
sepa_time: 1.459933104524e-310
node: 22471
formulation: EVFP