instance: K100.8.con.red
obj: 127.0
bound: 127.0
gap: 0.0
time: 0.013551950454711914
preprocess_time: 1.312052
sepa_time: 0.0
node: 1
formulation: LEFPA