instance: K100.9.red
obj: 118.0
bound: 118.0
gap: 0.0
time: 3504.278851032257
preprocess_time: 1.244874
sepa_time: 5.532661125633591e13
node: 2487645
formulation: LEFPAV