instance: K100.3.con.red
obj: 200.0
bound: 199.0
gap: 0.005
time: 7198.817405939102
preprocess_time: 1.183947
sepa_time: 2.995791739926364e14
node: 2267483
formulation: LEFPAV