instance: K100.7.red
obj: 4.0
bound: 4.0
gap: 0.0
time: 45.55885195732117
preprocess_time: 0.050016
node: 220
algo: EFPD