instance: K100.4.con.red
obj: 4.0
bound: 4.0
gap: 0.0
time: 11.317538022994995
preprocess_time: 0.061169
node: 679
formulation: LEFPV