instance: K100.6.red
obj: 4.0
bound: 2.9999999999999325
gap: 0.24999999999376687
time: 63.99315309524536
preprocess_time: 0.084352
node: 1239
algo: F