instance: K100.1.red
obj: 10.0
bound: 6.564021934822878
gap: 0.34359780651427624
time: 3601.7957899570465
preprocess_time: 0.050557
node: 7437
formulation: LEVFP