instance: K100.8.con.red
obj: 239.0
bound: 236.0
gap: 0.012552301255230125
time: 7199.09347486496
preprocess_time: 0.907407
sepa_time: 0.0
node: 2264042
formulation: LEFPI