instance: K100.con.red
obj: 38.0
bound: 21.00946084980346
gap: 0.4471194513197849
time: 1800.30402302742
preprocess_time: 0.100272
node: 3078
algo: ESFV