instance: K100.7.red
obj: 0.0
bound: 0.0
gap: 0.0
time: 0.5125439167022705
preprocess_time: 0.087336
node: 0
algo: EVFPV