instance: K100.8.con.red
obj: 36.9999990000047
bound: 20.916631375608304
gap: 0.4346856232172029
time: 1800.9877910614014
preprocess_time: 0.054293
node: 9092
algo: ESFV