instance: K100.7.red
obj: 4.0
bound: 3.0
gap: 0.24999999999375
time: 7.935405015945435
preprocess_time: 0.036715
node: 270
formulation: EFPI