instance: K100.con.red
obj: 8.0
bound: 7.000000000000001
gap: 0.12499999999999989
time: 1971.146735906601
preprocess_time: 0.051247
node: 20070
formulation: LEVFP