instance: K100.6.red
obj: 15.0
bound: 12.358173076923077
gap: 0.17612179487062074
time: 3606.502863883972
preprocess_time: 0.059034
node: 283502
formulation: EFP