instance: K100.3.con.red
org_node: 26
org_edge: 123
org_min_len: 0.015593762495002
org_avg_len: 0.15111009057820574
org_max_len: 1.0
dtf_node: 43
dtf_edge: 140
dtf_min_len: 0.0020005433156375374
dtf_avg_len: 0.13276100815085215
dtf_max_len: 1.0
sdb_node: 459
sdb_edge: 556
sdb_min_len: 0.015593762495002
sdb_avg_len: 0.03342903082935124
sdb_max_len: 0.037684926029588166
dlt: 0.037777522644551434
formulation: None