instance: K100.8.con.red
obj: 242.0
bound: 218.0
gap: 0.09917355371900827
time: 3599.655289888382
preprocess_time: 0.351794
sepa_time: 0.0
node: 553365
formulation: EFP