instance: K100.6.red
obj: 108.0
bound: 107.0
gap: 0.009259259259259259
time: 3599.9415171146393
preprocess_time: 0.059565
sepa_time: 0.0
node: 1527144
formulation: LEFPV2