instance: K100.4.con.red
obj: 126.0
bound: 120.0
gap: 0.047619047619047616
time: 3599.9388389587402
preprocess_time: 0.069706
sepa_time: 0.0
node: 44505
formulation: EVFP