instance: K100.9.red
obj: 118.0
bound: 117.00000000000017
gap: 0.008474576271184996
time: 7198.364903926849
preprocess_time: 1.635653
sepa_time: 0.0
node: 4238751
formulation: LEFPAI