instance: K100.9.red
obj: 15.0
bound: 13.999999999999927
gap: 0.06666666666622707
time: 972.8988499641418
preprocess_time: 0.084777
node: 41600
algo: ERF