instance: K100.3.con.red
obj: 25.0
bound: 15.807341596519684
gap: 0.36770633613774184
time: 1800.697249174118
preprocess_time: 0.054504
node: 3139
algo: ERF