instance: K100.8.con.red
obj: 239.0
bound: 236.0
gap: 0.012552301255230125
time: 7199.953046798706
preprocess_time: 0.049362
sepa_time: 6.94436463868336e-310
node: 1709191
formulation: LEVFP