instance: K100.1.red
obj: 10.0
bound: 9.0
gap: 0.1
time: 7199.961856126785
preprocess_time: 0.043815
sepa_time: 0.0
node: 209700
formulation: EFP