instance: K100.5.con.red
obj: 7.0
bound: 7.0
gap: 0.0
time: 27.04264807701111
preprocess_time: 0.038986
sepa_time: 0.0
node: 1002
formulation: EFP