instance: K100.5.con.red
obj: 8.0
bound: 7.000000000000001
gap: 0.12499999999999989
time: 971.0047190189362
preprocess_time: 0.046025
sepa_time: 0.0
node: 28854
formulation: LEFPD