instance: K100.2.red
obj: 4.0
bound: 4.0
gap: 0.0
time: 32.41573190689087
preprocess_time: 0.040533
sepa_time: 9.0e-323
node: 764
formulation: LEVFP