instance: K100.2.red
obj: 17.999999616014186
bound: 13.301322566618323
gap: 0.2610376194224724
time: 1800.980703830719
preprocess_time: 0.046768
node: 27833
algo: SF