instance: K100.con.red
obj: 35.0
bound: 18.738478466137003
gap: 0.4646149009661867
time: 1800.242486000061
preprocess_time: 0.112928
node: 3523
algo: EVFPL