instance: K100.con.red
obj: 10.0
bound: 4.345490418734237
gap: 0.5654509581209217
time: 3604.500582933426
preprocess_time: 0.065528
node: 27293
formulation: LEFP