instance: K100.1.red
obj: 10.0
bound: 9.0
gap: 0.1
time: 3599.9547328948975
preprocess_time: 0.05119
node: 82487
formulation: LEFPV