instance: K100.5.con.red
obj: 128.0
bound: 1.0
gap: 0.9921875
time: 3602.5087690353394
preprocess_time: 0.035388
sepa_time: 0.0
node: 1
formulation: EF