instance: K100.4.con.red
obj: 126.0
bound: 122.0
gap: 0.031746031746031744
time: 3599.957198858261
preprocess_time: 0.044613
sepa_time: 0.0
node: 557113
formulation: LEFP