instance: K100.6.red
obj: 15.0
bound: 12.299999108110624
gap: 0.18000005945809172
time: 1803.6312160491943
preprocess_time: 0.077282
node: 172174
algo: ESFV