instance: K100.5.con.red
obj: 8.0
bound: 7.000000000000001
gap: 0.12499999999999989
time: 952.005851984024
preprocess_time: 0.047939
node: 24921
formulation: LEFPD