instance: K100.7.red
obj: 158.0
bound: 155.0
gap: 0.0189873417721519
time: 3599.94296503067
preprocess_time: 0.059159
sepa_time: 0.0
node: 330042
formulation: LEFPD