instance: K100.10.red
obj: 5.0
bound: 3.9999999999999964
gap: 0.1999999999960007
time: 91.46249508857727
preprocess_time: 0.052119
node: 1283
algo: F0