instance: K100.7.red
obj: 4.0
bound: 4.0
gap: 0.0
time: 4.354135990142822
preprocess_time: 0.990631
sepa_time: 0.0
node: 6
formulation: LEFPA