instance: K100.7.red
obj: 154.0
bound: 152.0
gap: 0.012987012987012988
time: 7198.983793020248
preprocess_time: 1.017955
sepa_time: 1.6600286422975653e14
node: 1992658
formulation: LEFPAV