instance: K100.7.red
obj: 4.0
bound: 4.0
gap: 0.0
time: 3.757284164428711
preprocess_time: 1.080076
sepa_time: 0.0
node: 292
formulation: LEFPAI