instance: K100.con.red
obj: 8.0
bound: 8.0
gap: 0.0
time: 1609.4958510398865
preprocess_time: 0.041831
sepa_time: 0.0
node: 82642
formulation: EFP