instance: K100.9.red
obj: 19.0
bound: 12.0
gap: 0.3684210526296399
time: 3603.4584929943085
preprocess_time: 0.046782
node: 768
formulation: EF