instance: K100.9.red
obj: 87.0
bound: 79.0
gap: 0.09195402298850575
time: 3599.9307589530945
preprocess_time: 0.072896
sepa_time: 0.0
node: 1202694
formulation: EFP