instance: K100.5.con.red
obj: 25.0
bound: 16.38541616581636
gap: 0.34458335336596735
time: 1811.1355080604553
preprocess_time: 0.08862
node: 22049
algo: F0