instance: K100.3.con.red
obj: 36.00000596464349
bound: 13.422208295630101
gap: 0.6271609424488678
time: 1800.2635958194733
preprocess_time: 0.067783
node: 542
algo: EDF