instance: K100.3.con.red
obj: 137.0
bound: 0.0
gap: 1.0
time: 3606.7328729629517
preprocess_time: 0.036812
sepa_time: 0.0
node: 1
formulation: EF