instance: K100.1.red
obj: 10.0
bound: 9.0
gap: 0.1
time: 7199.092124938965
preprocess_time: 0.91393
sepa_time: 0.0
node: 121617
formulation: LEFPV