instance: K100.10.red
obj: 19.0
bound: 15.50789157163275
gap: 0.1837951804394142
time: 1801.5737509727478
preprocess_time: 0.856557
node: 74741
algo: EFPV