instance: K100.6.red
obj: 4.0
bound: 2.9999999999999987
gap: 0.24999999999375033
time: 4.812463998794556
preprocess_time: 2.345484
node: 112
algo: EFPV