instance: K100.7.red
obj: 23.0
bound: 17.486020954663136
gap: 0.23973821936143003
time: 1800.9199380874634
preprocess_time: 0.085577
node: 42246
algo: F0