instance: K100.2.red
obj: 137.0
bound: 136.00000000000003
gap: 0.007299270072992493
time: 3398.616000890732
preprocess_time: 0.043459
sepa_time: 0.0
node: 1280439
formulation: LEFP