instance: K100.1.red
obj: 8.0
bound: 8.0
gap: 0.0
time: 262.1826310157776
preprocess_time: 1.334338
sepa_time: 0.0
node: 2949
formulation: LEFPAD