instance: K100.3.con.red
obj: 200.0
bound: 199.0
gap: 0.005
time: 7198.8296999931335
preprocess_time: 1.170896
sepa_time: 0.0
node: 2476594
formulation: LEFPAI