instance: K100.4.con.red
obj: 22.0
bound: 16.907392894170453
gap: 0.23148214117301816
time: 1800.6711089611053
preprocess_time: 0.084246
node: 14695
algo: SF