instance: K100.7.red
obj: 4.0
bound: 3.0000000000000004
gap: 0.2499999999999999
time: 4.323838949203491
preprocess_time: 0.062938
sepa_time: 6.91244944026533e-310
node: 1
formulation: LEVFP