instance: K100.10.red
obj: 20.0
bound: 15.084027398835817
gap: 0.2457986300569802
time: 1801.3074269294739
preprocess_time: 0.044802
node: 30598
formulation: EVFP