instance: K100.6.red
obj: 86.0
bound: 83.0
gap: 0.03488372093023256
time: 3599.9552891254425
preprocess_time: 0.04588
sepa_time: 0.0
node: 807727
formulation: LEFPD