instance: K100.2.red
obj: 137.0
bound: 131.0
gap: 0.043795620437956206
time: 3599.9372928142548
preprocess_time: 0.066684
sepa_time: 0.0
node: 86708
formulation: EVFP