instance: K100.3.con.red
obj: 26.0
bound: 24.575633633078628
gap: 0.05478332180445747
time: 3601.9639101028442
preprocess_time: 0.070135
node: 17978
formulation: LEFPD