instance: K100.8.con.red
obj: 9.0
bound: 9.0
gap: 0.0
time: 1388.5467839241028
preprocess_time: 1.20987
sepa_time: 0.0
node: 52157
formulation: LEFPAI