instance: K100.3.con.red
obj: 200.0
bound: 199.0
gap: 0.005
time: 7199.0575299263
preprocess_time: 0.944102
sepa_time: 0.0
node: 2106231
formulation: LEFP