instance: K100.10.red
obj: 5.0
bound: 3.999999999999932
gap: 0.1999999999960136
time: 103.75232005119324
preprocess_time: 0.045597
node: 7145
formulation: LEFPI