instance: K100.7.red
obj: 4.0
bound: 3.000000000000001
gap: 0.24999999999999978
time: 2.2122559547424316
preprocess_time: 0.907199
sepa_time: 0.0
node: 1
formulation: LEFP