instance: K100.5.con.red
obj: 25.999999998876163
bound: 13.6911278664437
gap: 0.47341815895835254
time: 1800.8129999637604
preprocess_time: 0.093082
node: 6251
algo: EVFP0