instance: K100.4.con.red
obj: 187.0
bound: 177.0
gap: 0.053475935828877004
time: 7199.931649923325
preprocess_time: 0.074404
sepa_time: 0.0
node: 114294
formulation: EVFP