instance: K100.7.red
obj: 4.0
bound: 3.0000000000000004
gap: 0.2499999999999999
time: 3.5771820545196533
preprocess_time: 0.061878
sepa_time: 0.0
node: 298
formulation: LEFPV2