instance: K100.1.red
obj: 213.0
bound: 207.0
gap: 0.028169014084507043
time: 3599.954565048218
preprocess_time: 0.04807
sepa_time: 0.0
node: 215176
formulation: LEVFP