instance: K100.7.red
obj: 4.0
bound: 4.0
gap: 0.0
time: 3.347470998764038
preprocess_time: 1.389112
sepa_time: 9.210998897070569e13
node: 1
formulation: LEFPAV