instance: K100.3.con.red
obj: 7.0
bound: 6.000000000000001
gap: 0.14285714285714274
time: 4.466701984405518
preprocess_time: 0.046361
node: 121
formulation: EFP