instance: K100.1.red
obj: 10.0
bound: 8.0
gap: 0.2
time: 3599.9522471427917
preprocess_time: 0.050694
node: 13537
formulation: LEVFP