instance: K100.con.red
obj: 9.0
bound: 7.0
gap: 0.2222222222222222
time: 3599.9431269168854
preprocess_time: 0.067726
node: 33136
formulation: LEFPD