instance: K100.6.red
obj: 15.0
bound: 12.224810765540663
gap: 0.185012615629389
time: 1802.2507939338684
preprocess_time: 0.071429
node: 77276
algo: EFP0