instance: K100.3.con.red
obj: 201.0
bound: 190.0
gap: 0.05472636815920398
time: 3599.93549990654
preprocess_time: 0.077723
sepa_time: 0.0
node: 88236
formulation: EVFP