instance: K100.9.red
obj: 3.0
bound: 1.9999999999999998
gap: 0.3333333333222223
time: 1.9156489372253418
preprocess_time: 0.049185
node: 20
algo: EFP