instance: K100.1.red
obj: 36.0
bound: 29.99999014251839
gap: 0.16666694048513733
time: 1809.9907751083374
preprocess_time: 0.124904
node: 22046
algo: RF