instance: K100.3.con.red
obj: 200.0
bound: 198.00000000000017
gap: 0.009999999999999147
time: 3599.9529950618744
preprocess_time: 0.050525
sepa_time: 5.4e-323
node: 955919
formulation: LEVFP