instance: K100.7.red
obj: 4.0
bound: 4.0
gap: 0.0
time: 3.32295298576355
preprocess_time: 0.877204
sepa_time: 0.0
node: 1
formulation: LEFPV2