instance: K100.5.con.red
obj: 7.0
bound: 6.000002311322569
gap: 0.14285681266820444
time: 264.4717059135437
preprocess_time: 1.012505
sepa_time: 0.0
node: 41876
formulation: LEFPA