instance: K100.7.red
obj: 110.0
bound: 107.0
gap: 0.02727272727272727
time: 3599.9432439804077
preprocess_time: 0.059861
sepa_time: 0.0
node: 680460
formulation: LEFP