instance: K100.2.red
obj: 4.0
bound: 4.0
gap: 0.0
time: 31.819556951522827
preprocess_time: 0.03916
sepa_time: 6.94016235938488e-310
node: 764
formulation: LEVFP