instance: K100.6.red
obj: 15.0
bound: 12.108093488006064
gap: 0.1927937674649771
time: 1802.542640209198
preprocess_time: 0.058505
node: 80887
formulation: EFPI