instance: K100.con.red
obj: 8.0
bound: 7.000002041758301
gap: 0.12499974478021236
time: 7123.788251876831
preprocess_time: 0.040758
sepa_time: 6.8e-322
node: 116573
formulation: LEVFP