instance: K100.8.con.red
obj: 8.999999666666705
bound: 6.580296646491619
gap: 0.26885590108520263
time: 1800.8957560062408
preprocess_time: 0.05444
node: 12432
algo: ERF