instance: K100.9.red
obj: 118.0
bound: 118.0
gap: 0.0
time: 5427.159806966782
preprocess_time: 0.954623
sepa_time: 0.0
node: 3090124
formulation: LEFPA