instance: K100.4.con.red
obj: 22.9999999999995
bound: 16.700682525340536
gap: 0.27388336846224837
time: 1800.7141070365906
preprocess_time: 0.088864
node: 11113
algo: SF