instance: K100.1.red
obj: 0.0
bound: 0.0
gap: 0.0
time: 1.289536952972412
preprocess_time: 0.067669
node: 0
algo: EVFP0