instance: K100.10.red
obj: 5.0
bound: 5.0
gap: 0.0
time: 50.86255502700806
preprocess_time: 0.887498
sepa_time: 0.0
node: 2184
formulation: LEFPV2