instance: K100.9.red
obj: 118.0
bound: 117.00000202058936
gap: 0.008474559147547769
time: 2511.843097925186
preprocess_time: 1.251083
sepa_time: 0.0
node: 1537550
formulation: LEFP