instance: K100.7.red
obj: 154.0
bound: 152.0
gap: 0.012987012987012988
time: 7198.373521089554
preprocess_time: 1.627147
sepa_time: 0.0
node: 2022920
formulation: LEFPAI