instance: K100.con.red
obj: 312.0
bound: 308.0
gap: 0.01282051282051282
time: 3599.9623260498047
preprocess_time: 0.042319
sepa_time: 0.0
node: 626141
formulation: LEVFP