instance: K100.9.red
obj: 3.0
bound: 3.0
gap: 0.0
time: 7.536934852600098
preprocess_time: 3.666101
node: 93
algo: EFPV