instance: K100.4.con.red
obj: 185.0
bound: 184.0
gap: 0.005405405405405406
time: 3599.955134868622
preprocess_time: 0.046582
sepa_time: 0.0
node: 794835
formulation: LEVFP