instance: K100.10.red
obj: 84.0
bound: 0.0
gap: 1.0
time: 3600.1954579353333
preprocess_time: 0.036149
node: 1
formulation: EF