instance: K100.5.con.red
obj: 7.0
bound: 6.000000000000001
gap: 0.14285714285714274
time: 43.477927923202515
preprocess_time: 0.051353
sepa_time: 6.919964965216e-310
node: 1430
formulation: LEVFP