instance: K100.5.con.red
obj: 7.0
bound: 7.0
gap: 0.0
time: 98.54604911804199
preprocess_time: 0.898439
sepa_time: 0.0
node: 2459
formulation: LEFPD