instance: K100.7.red
obj: 4.0
bound: 4.0
gap: 0.0
time: 5.43913722038269
preprocess_time: 1.626112
sepa_time: 0.0
node: 6
formulation: LEFPA