instance: K100.8.con.red
obj: 10.0
bound: 6.360907104743695
gap: 0.3639092895219914
time: 1800.893170118332
preprocess_time: 0.093862
node: 22915
algo: RF