instance: K100.3.con.red
obj: 7.0
bound: 7.0
gap: 0.0
time: 2.696554183959961
preprocess_time: 0.911609
sepa_time: 0.0
node: 1
formulation: LEFP