instance: K100.8.con.red
obj: 1.0
bound: 0.0
gap: 0.9999999999
time: 1.9785020351409912
preprocess_time: 0.092147
node: 55
algo: EVFPV