instance: K100.con.red
obj: 312.0
bound: 307.0
gap: 0.016025641025641024
time: 7199.038244962692
preprocess_time: 0.964052
sepa_time: 0.0
node: 407764
formulation: LEFPAD