instance: K100.2.red
obj: 142.0
bound: 141.0
gap: 0.007042253521126761
time: 3599.9565420150757
preprocess_time: 0.044538
sepa_time: 0.0
node: 857119
formulation: LEFPD