instance: K100.10.red
obj: 0.0
bound: 0.0
gap: 0.0
time: 0.36720705032348633
preprocess_time: 0.060962
node: 0
algo: EVFP0