instance: K100.2.red
obj: 18.0
bound: 17.0
gap: 0.05555555555555555
time: 3599.957499027252
preprocess_time: 0.044523
node: 290473
formulation: LEFPI