instance: K100.1.red
obj: 297.9999998814542
bound: 283.0
gap: 0.05033557009201765
time: 3599.798406124115
preprocess_time: 0.204829
sepa_time: 0.0
node: 24883
formulation: EVFP