instance: K100.1.red
obj: 11.0
bound: 6.0890028140049965
gap: 0.44645428963185074
time: 1800.445123910904
preprocess_time: 0.101796
node: 2198
algo: RF