instance: K100.6.red
obj: 4.0
bound: 4.0
gap: 0.0
time: 6.436907052993774
preprocess_time: 0.039092
sepa_time: 4.7e-322
node: 531
formulation: LEVFP