instance: K100.2.red
obj: 18.0
bound: 13.328407241401969
gap: 0.2595329310317821
time: 1801.4166090488434
preprocess_time: 0.050329
node: 31871
algo: ESFV