instance: K100.1.red
obj: 10.0
bound: 9.0
gap: 0.1
time: 3599.957277059555
preprocess_time: 0.05167
sepa_time: 0.0
node: 81702
formulation: EFP