instance: K100.4.con.red
obj: 4.0
bound: 4.0
gap: 0.0
time: 94.00257396697998
preprocess_time: 1.236506
sepa_time: 3.670755623862715e13
node: 748
formulation: LEFPAV