instance: K100.2.red
obj: 137.0
bound: 137.0
gap: 0.0
time: 507.79883909225464
preprocess_time: 0.035848
sepa_time: 0.0
node: 186628
formulation: LEVFP