instance: K100.8.con.red
obj: 37.0
bound: 19.86026661054237
gap: 0.4632360375516569
time: 1800.5707321166992
preprocess_time: 0.055869
node: 3373
algo: EFPD