instance: K100.1.red
obj: 10.0
bound: 9.0
gap: 0.1
time: 3599.95503115654
preprocess_time: 0.051561
node: 61027
formulation: LEFP