instance: K100.8.con.red
obj: 32.0
bound: 22.108903979183857
gap: 0.3090967506495385
time: 1800.6545548439026
preprocess_time: 0.158469
node: 8596
algo: EFP