instance: K100.7.red
obj: 4.0
bound: 3.0000000000000004
gap: 0.2499999999937499
time: 7.916577100753784
preprocess_time: 0.05668
node: 340
algo: F0