instance: K100.5.con.red
obj: 7.0
bound: 5.462049738584308
gap: 0.21970718019910307
time: 1800.8248100280762
preprocess_time: 0.061884
node: 9370
formulation: EVFP