instance: K100.9.red
obj: 16.0
bound: 12.722274085728234
gap: 0.20485786964070504
time: 1801.3531510829926
preprocess_time: 0.049352
node: 39482
algo: ERF