instance: K100.10.red
obj: 22.0
bound: 20.999999999999925
gap: 0.045454545454342236
time: 18.950647830963135
preprocess_time: 0.046283
node: 8527
formulation: LEFPI