instance: K100.5.con.red
obj: 7.0
bound: 5.999999999999969
gap: 0.14285714285510648
time: 226.3898057937622
preprocess_time: 0.051448
node: 3462
algo: ESFV