instance: K100.9.red
obj: 56.0
bound: 56.0
gap: 0.0
time: 0.4741549491882324
preprocess_time: 1.093084
sepa_time: 1.3856835545223066e13
node: 1
formulation: LEFPAV