instance: K100.2.red
obj: 18.0
bound: 13.561224681094522
gap: 0.24659862882671213
time: 1798.5377418994904
preprocess_time: 3.226581
node: 43117
algo: EFPV