instance: K100.3.con.red
obj: 8.0
bound: 8.0
gap: 0.0
time: 7.620296955108643
preprocess_time: 0.049915
sepa_time: 0.0
node: 1
formulation: LEFPD