instance: K100.5.con.red
obj: 7.0
bound: 6.000000000000001
gap: 0.14285714285714274
time: 28.126365900039673
preprocess_time: 0.047502
node: 994
formulation: EFP