instance: K100.10.red
obj: 20.0
bound: 14.511112466299917
gap: 0.274444376683632
time: 1158.9876849651337
preprocess_time: 643.090891
node: 35558
algo: EFPV2