instance: K100.1.red
obj: 298.0
bound: 292.0
gap: 0.020134228187919462
time: 3599.954947948456
preprocess_time: 0.045731
sepa_time: 0.0
node: 488662
formulation: LEFPI