instance: K100.3.con.red
obj: 0.0
bound: 0.0
gap: 0.0
time: 0.24300289154052734
preprocess_time: 0.063934
node: 0
algo: EVFP0