instance: K100.9.red
obj: 3.0
bound: 3.0
gap: 0.0
time: 0.9396889209747314
preprocess_time: 0.059129
node: 1
formulation: EFP