instance: K100.7.red
obj: 4.0
bound: 4.0
gap: 0.0
time: 2.7262179851531982
preprocess_time: 0.060842
node: 1
formulation: EFP