instance: K100.6.red
obj: 15.0
bound: 9.771176923078677
gap: 0.34858820512576427
time: 1879.6193749904633
preprocess_time: 1.045088
node: 9731
algo: EFPV