instance: K100.7.red
obj: 4.0
bound: 4.0
gap: 0.0
time: 25.455031871795654
preprocess_time: 0.041043
sepa_time: 6.9415466973929e-310
node: 43
formulation: LEVFP