instance: K100.2.red
obj: 18.0
bound: 13.358521731749702
gap: 0.2578599037902507
time: 1799.4292039871216
preprocess_time: 2.142736
node: 36362
formulation: EFPV