instance: K100.2.red
obj: 4.0
bound: 4.0
gap: 0.0
time: 7.542158842086792
preprocess_time: 0.997115
sepa_time: 0.0
node: 481
formulation: LEFPAD