instance: K100.3.con.red
obj: 95.0
bound: 95.0
gap: 0.0
time: 0.03990006446838379
preprocess_time: 0.998434
sepa_time: 0.0
node: 1
formulation: LEFPAI