instance: K100.2.red
obj: 18.0
bound: 14.558205726391998
gap: 0.19121079297716007
time: 3601.887274980545
preprocess_time: 0.064639
node: 62364
formulation: LEVFP