instance: K100.con.red
obj: 8.0
bound: 7.000000000000002
gap: 0.12499999999999978
time: 1886.2158041000366
preprocess_time: 0.05251
node: 66656
formulation: LEFP