instance: K100.9.red
obj: 118.0
bound: 117.00000000000001
gap: 0.008474576271186321
time: 3475.099974155426
preprocess_time: 0.058737
sepa_time: 0.0
node: 1601011
formulation: LEFPV