instance: K100.6.red
obj: 0.0
bound: 0.0
gap: 0.0
time: 0.13919496536254883
preprocess_time: 0.081407
node: 0
algo: EVFP