instance: K100.7.red
obj: 4.0
bound: 2.999999999999984
gap: 0.249999999993754
time: 141.86578512191772
preprocess_time: 0.092789
node: 1701
algo: RF