instance: K100.9.red
obj: 3.0
bound: 2.0000000000000004
gap: 0.3333333333333332
time: 0.8172829151153564
preprocess_time: 0.059801
sepa_time: 0.0
node: 1
formulation: LEFPI