instance: K100.7.red
obj: 23.0
bound: 13.51600975896962
gap: 0.4123474017821368
time: 1801.9868681430817
preprocess_time: 0.05562
node: 9633
formulation: EVFP