instance: K100.6.red
obj: 4.0
bound: 3.0000000000000004
gap: 0.2499999999999999
time: 3.9738080501556396
preprocess_time: 1.28218
sepa_time: 0.0
node: 646
formulation: LEFP