instance: K100.6.red
obj: 109.0
bound: 99.0
gap: 0.09174311926605505
time: 7199.950017929077
preprocess_time: 0.053559
sepa_time: 0.0
node: 2060540
formulation: EFP