instance: K100.9.red
obj: 118.0
bound: 117.00000000000004
gap: 0.00847457627118608
time: 7199.057198047638
preprocess_time: 0.943682
sepa_time: 0.0
node: 1694092
formulation: LEFPD