instance: K100.9.red
obj: 118.0
bound: 118.0
gap: 0.0
time: 4667.537190914154
preprocess_time: 0.04657
sepa_time: 5.0e-323
node: 2602404
formulation: LEVFP