instance: K100.5.con.red
obj: 7.0
bound: 5.999999999999999
gap: 0.14285714285510218
time: 1479.136295080185
preprocess_time: 0.10632
node: 21330
formulation: EFP