instance: K100.6.red
obj: 4.0
bound: 4.0
gap: 0.0
time: 5.88112998008728
preprocess_time: 1.298775
sepa_time: 0.0
node: 586
formulation: LEFPAD