instance: K100.3.con.red
obj: 24.0
bound: 15.999999757880802
gap: 0.33333334342024434
time: 1801.3859491348267
preprocess_time: 0.11431
node: 7361
formulation: EFP