instance: K100.5.con.red
obj: 24.0
bound: 19.67549261083744
gap: 0.1801878078810225
time: 3602.858959913254
preprocess_time: 0.062945
node: 48430
formulation: LEFPI