instance: K100.1.red
obj: 37.0
bound: 32.0
gap: 0.13513513513513514
time: 3599.950222015381
preprocess_time: 0.053356
sepa_time: 0.0
node: 19729
formulation: EVFP