instance: K100.8.con.red
obj: 34.0
bound: 21.1462328807141
gap: 0.3780519740955322
time: 1800.889286994934
preprocess_time: 0.052706
node: 8586
algo: SF