instance: K100.10.red
obj: 5.0
bound: 4.000000000000001
gap: 0.19999999999999982
time: 15.661464214324951
preprocess_time: 0.04485
node: 981
formulation: EFP