instance: K100.4.con.red
obj: 5.0
bound: 3.9999999999999063
gap: 0.19999999999601875
time: 439.9031388759613
preprocess_time: 0.113143
node: 3290
formulation: EFPI