instance: K100.10.red
obj: 5.0
bound: 5.0
gap: 0.0
time: 42.24121284484863
preprocess_time: 1.260782
sepa_time: 0.0
node: 905
formulation: LEFPAD