instance: K100.9.red
obj: 3.0
bound: 3.0
gap: 0.0
time: 12.949027061462402
preprocess_time: 0.060092
node: 480
formulation: LEFPI