instance: K100.8.con.red
obj: 33.0
bound: 21.5515704084298
gap: 0.3469221088344093
time: 1801.1574318408966
preprocess_time: 0.084689
node: 11488
algo: EVFP0