instance: K100.8.con.red
obj: 239.0
bound: 236.0
gap: 0.012552301255230125
time: 7199.104679107666
preprocess_time: 0.898515
sepa_time: 0.0
node: 2671764
formulation: LEFP