instance: K100.1.red
obj: 298.0
bound: 292.0
gap: 0.020134228187919462
time: 3599.955780982971
preprocess_time: 0.045805
sepa_time: 0.0
node: 760403
formulation: LEFPV