instance: K100.4.con.red
obj: 188.0
bound: 168.0
gap: 0.10638297872340426
time: 7199.901121139526
preprocess_time: 0.106029
sepa_time: 0.0
node: 1470792
formulation: EFP