instance: K100.8.con.red
obj: 33.0
bound: 22.141867420204306
gap: 0.3290343205988724
time: 1800.5472619533539
preprocess_time: 0.083811
node: 12492
algo: SF