instance: K100.5.con.red
obj: 139.0
bound: 134.0
gap: 0.03597122302158273
time: 3599.9328060150146
preprocess_time: 0.072091
sepa_time: 3.0e-323
node: 63021
formulation: EVFP