instance: K100.10.red
obj: 21.0
bound: 20.0
gap: 0.047619047619047616
time: 3599.957170009613
preprocess_time: 0.044843
node: 289067
formulation: LEFPD