instance: K100.9.red
obj: 124.0
bound: 123.0
gap: 0.008064516129032258
time: 7199.10759806633
preprocess_time: 0.893242
sepa_time: 0.0
node: 5303984
formulation: LEFPD