instance: K100.5.con.red
obj: 8.0
bound: 5.9999999999999964
gap: 0.24999999999687544
time: 1800.3820540904999
preprocess_time: 0.054322
node: 19739
algo: F0