instance: K100.9.red
obj: 3.0
bound: 3.0
gap: 0.0
time: 0.5856680870056152
preprocess_time: 0.035288
sepa_time: 0.0
node: 1
formulation: EFP