instance: K100.1.red
obj: 11.0
bound: 6.0594804971491385
gap: 0.44913813661872254
time: 1800.9339060783386
preprocess_time: 0.052244
node: 4552
algo: EVFP