instance: K100.9.red
obj: 3.0
bound: 2.0000000000000004
gap: 0.3333333333333332
time: 0.8054111003875732
preprocess_time: 1.306506
sepa_time: 0.0
node: 1
formulation: LEFPI