instance: K100.8.con.red
obj: 9.0
bound: 6.947368421052632
gap: 0.22807017543606234
time: 1782.0988080501556
preprocess_time: 20.125457
node: 8934
formulation: EFPV