instance: K100.8.con.red
obj: 31.0
bound: 26.0
gap: 0.16129032258064516
time: 3599.9409198760986
preprocess_time: 0.064222
node: 74296
formulation: LEFPV