instance: K100.8.con.red
obj: 238.99999997889944
bound: 236.0
gap: 0.012552301168051462
time: 7199.220664024353
preprocess_time: 0.941179
sepa_time: 0.0
node: 2300270
formulation: LEFP