instance: K100.con.red
obj: 9.0
bound: 5.751184532304989
gap: 0.3609794964065459
time: 1801.5629920959473
preprocess_time: 0.108362
node: 11436
formulation: EFPI