instance: K100.1.red
obj: 51.0
bound: 51.0
gap: 0.0
time: 15.166281938552856
preprocess_time: 0.049137
node: 1163
formulation: LEFPDB