instance: K100.7.red
obj: 0.0
bound: 0.0
gap: 0.0
time: 0.5016989707946777
preprocess_time: 0.082636
node: 0
algo: EVFP