instance: K100.6.red
obj: 0.0
bound: 0.0
gap: 0.0
time: 0.3338618278503418
preprocess_time: 0.050127
node: 0
algo: EVFPV