instance: K100.3.con.red
obj: 36.00000596464349
bound: 13.534877558498216
gap: 0.624031241221083
time: 1800.4229760169983
preprocess_time: 0.084261
node: 679
algo: EFPD