instance: K100.6.red
obj: 4.0
bound: 4.0
gap: 0.0
time: 4.502737998962402
preprocess_time: 1.303967
sepa_time: 6.438968757174184e13
node: 471
formulation: LEFPAV