instance: K100.8.con.red
obj: 10.0
bound: 6.471904605056601
gap: 0.35280953949081184
time: 1800.8179631233215
preprocess_time: 0.038617
node: 1697
formulation: EFPD