instance: K100.3.con.red
obj: 25.0
bound: 17.966153262194627
gap: 0.28135386951108954
time: 1800.7919039726257
preprocess_time: 0.069989
node: 1534
formulation: EFPD