instance: K100.con.red
obj: 9.0
bound: 5.749999999999999
gap: 0.36111111110709887
time: 1800.9012048244476
preprocess_time: 0.082963
node: 11376
algo: ERF