instance: K100.2.red
obj: 4.0
bound: 4.0
gap: 0.0
time: 1.2627990245819092
preprocess_time: 0.95059
sepa_time: 0.0
node: 1
formulation: LEFP