instance: K100.con.red
obj: 8.0
bound: 8.0
gap: 0.0
time: 1796.2816870212555
preprocess_time: 0.985569
sepa_time: 0.0
node: 36130
formulation: LEFPA