instance: K100.2.red
obj: 137.0
bound: 136.00000000000003
gap: 0.007299270072992493
time: 329.5005099773407
preprocess_time: 0.044457
sepa_time: 0.0
node: 146195
formulation: LEFPI