instance: K100.10.red
obj: 5.0
bound: 4.0
gap: 0.199999999996
time: 772.3987259864807
preprocess_time: 0.041901
node: 2250
algo: EDF