instance: K100.10.red
obj: 5.0
bound: 5.0
gap: 0.0
time: 29.681244134902954
preprocess_time: 1.001969
sepa_time: 7.896236491246162e13
node: 884
formulation: LEFPAV