instance: K100.2.red
obj: 0.0
bound: 0.0
gap: 0.0
time: 0.2112569808959961
preprocess_time: 0.045622
node: 0
algo: EVFP0