instance: K100.9.red
obj: 3.0
bound: 2.0
gap: 0.3333333333222222
time: 2.3557238578796387
preprocess_time: 0.059231
node: 30
algo: RF