instance: K100.4.con.red
obj: 25.0
bound: 15.744775553249832
gap: 0.3702089778685259
time: 1801.6952021121979
preprocess_time: 0.116363
node: 21328
algo: F