instance: K100.3.con.red
obj: 27.0
bound: 13.018046508284327
gap: 0.5178501293208848
time: 1800.733675956726
preprocess_time: 0.082295
node: 4335
algo: EVFP0