instance: K100.1.red
obj: 299.0
bound: 269.0
gap: 0.10033444816053512
time: 7199.740870952606
preprocess_time: 0.27314
sepa_time: 0.0
node: 808471
formulation: EFP