instance: K100.3.con.red
obj: 7.0
bound: 7.0
gap: 0.0
time: 436.2881910800934
preprocess_time: 0.057827
node: 6123
algo: F0