instance: K100.3.con.red
obj: 7.0
bound: 7.0
gap: 0.0
time: 7.433640003204346
preprocess_time: 0.919985
sepa_time: 0.0
node: 1
formulation: LEFPD