instance: K100.5.con.red
obj: 25.0
bound: 14.267064451631693
gap: 0.42931742193301503
time: 1801.16593003273
preprocess_time: 0.083334
node: 17012
algo: ERF