instance: K100.8.con.red
obj: 251.0
bound: 243.0
gap: 0.03187250996015936
time: 3599.950812101364
preprocess_time: 0.050837
sepa_time: 0.0
node: 354958
formulation: LEFPD