instance: K100.10.red
obj: 5.0
bound: 4.000000000000002
gap: 0.19999999999599966
time: 14.874876976013184
preprocess_time: 0.058656
node: 534
algo: ERF