instance: K100.6.red
obj: 0.0
bound: 0.0
gap: 0.0
time: 0.2751801013946533
preprocess_time: 0.083611
node: 0
algo: EVFP