instance: K100.con.red
obj: 8.0
bound: 7.000000000000002
gap: 0.12499999999999978
time: 2962.7060050964355
preprocess_time: 0.29756
sepa_time: 0.0
node: 118825
formulation: LEFPV