instance: K100.3.con.red
obj: 7.0
bound: 7.0
gap: 0.0
time: 2.8957111835479736
preprocess_time: 0.994448
sepa_time: 0.0
node: 1
formulation: LEFPA