instance: K100.9.red
obj: 16.0
bound: 13.301467122526137
gap: 0.1686583048410623
time: 1801.3529741764069
preprocess_time: 0.085252
node: 36707
algo: EFP0