instance: K100.8.con.red
obj: 8.0
bound: 8.0
gap: 0.0
time: 75.1945149898529
preprocess_time: 1.773862
sepa_time: 1.745837659300086e14
node: 1254
formulation: LEFPAV