instance: K100.4.con.red
obj: 22.0
bound: 20.0
gap: 0.09090909090909091
time: 3599.940160036087
preprocess_time: 0.063964
node: 114598
formulation: LEFPV