instance: K100.9.red
obj: 22.0
bound: 21.0
gap: 0.04545454545433884
time: 1.5803980827331543
preprocess_time: 0.059233
node: 38
formulation: LEFPDB