instance: K100.con.red
obj: 169.0
bound: 169.0
gap: 0.0
time: 0.019459009170532227
preprocess_time: 1.310445
sepa_time: 0.0
node: 0
formulation: LEFPAI