instance: K100.6.red
obj: 15.0
bound: 12.13235807702072
gap: 0.19117612819734414
time: 1802.1889669895172
preprocess_time: 0.057192
node: 104413
algo: EVFPL