instance: K100.4.con.red
obj: 133.0
bound: 130.0
gap: 0.022556390977443608
time: 3599.957855939865
preprocess_time: 0.044526
sepa_time: 0.0
node: 251125
formulation: LEFPD