instance: K100.6.red
obj: 4.0
bound: 3.0
gap: 0.24999999999375
time: 14.498142004013062
preprocess_time: 0.081932
node: 524
algo: ERF