instance: K100.2.red
obj: 137.0
bound: 136.00000354698662
gap: 0.007299244182579423
time: 556.8429598808289
preprocess_time: 0.048616
sepa_time: 6.90664153029994e-310
node: 186616
formulation: LEVFP