instance: K100.8.con.red
obj: 33.0
bound: 21.697608563710325
gap: 0.3424967101895583
time: 1800.8181550502777
preprocess_time: 0.089956
node: 7738
algo: ERF