instance: K100.5.con.red
obj: 196.0
bound: 194.0
gap: 0.01020408163265306
time: 7199.027879953384
preprocess_time: 0.972675
sepa_time: 0.0
node: 1523178
formulation: LEFPAI