instance: K100.2.red
obj: 21.0
bound: 19.999999999999932
gap: 0.04761904761882408
time: 237.32481980323792
preprocess_time: 0.064098
node: 24659
formulation: LEFPI