instance: K100.3.con.red
obj: 7.0
bound: 5.999999999999997
gap: 0.14285714285510243
time: 179.0433690547943
preprocess_time: 0.063522
node: 1476
formulation: EFP