instance: K100.10.red
obj: 5.0
bound: 3.99999999999998
gap: 0.19999999999600399
time: 148.67796516418457
preprocess_time: 0.044354
node: 2515
formulation: LEVFP