instance: K100.10.red
obj: 5.0
bound: 3.999999999999999
gap: 0.19999999999600018
time: 18.834681034088135
preprocess_time: 0.045378
node: 2165
formulation: LEFPDB