instance: K100.con.red
obj: 313.0
bound: 298.0
gap: 0.04792332268370607
time: 3599.5360839366913
preprocess_time: 0.481483
sepa_time: 2.1e-322
node: 31496
formulation: EVFP