instance: K100.2.red
obj: 4.0
bound: 4.0
gap: 0.0
time: 2.520206928253174
preprocess_time: 0.045514
node: 351
formulation: LEFPV