instance: K100.4.con.red
obj: 185.0
bound: 183.0
gap: 0.010810810810810811
time: 7198.788123130798
preprocess_time: 1.21316
sepa_time: 0.0
node: 870705
formulation: LEFPAD