instance: K100.6.red
obj: 108.0
bound: 107.00000000000001
gap: 0.009259259259259127
time: 379.1005470752716
preprocess_time: 0.04305
sepa_time: 0.0
node: 265784
formulation: LEFPV