instance: K100.con.red
obj: 36.00000000000075
bound: 18.644043470541217
gap: 0.4821099035947489
time: 1800.5447208881378
preprocess_time: 0.066932
node: 4169
algo: RF