instance: K100.4.con.red
obj: 187.0
bound: 177.0
gap: 0.053475935828877004
time: 7199.905632972717
preprocess_time: 0.104264
sepa_time: 0.0
node: 108778
formulation: EVFP