instance: K100.5.con.red
obj: 24.0
bound: 15.879995671954942
gap: 0.3383335136671344
time: 1801.055417060852
preprocess_time: 0.087739
node: 11653
algo: EVFPL