instance: K100.7.red
obj: 23.0
bound: 17.66666423077831
gap: 0.23188416387819577
time: 1801.4261782169342
preprocess_time: 0.059831
node: 46884
algo: EVFPL