instance: K100.3.con.red
obj: 201.0
bound: 190.0
gap: 0.05472636815920398
time: 7199.938959121704
preprocess_time: 0.069551
sepa_time: 0.0
node: 189739
formulation: EVFP