instance: K100.2.red
obj: 4.0
bound: 2.9999999999999987
gap: 0.24999999999375033
time: 88.23761892318726
preprocess_time: 0.074389
node: 1574
algo: SF