instance: K100.9.red
obj: 118.0
bound: 118.0
gap: 0.0
time: 3382.6152980327606
preprocess_time: 0.976381
sepa_time: 0.0
node: 2701788
formulation: LEFP