instance: K100.6.red
obj: 4.0
bound: 4.0
gap: 0.0
time: 5.028168201446533
preprocess_time: 1.015282
sepa_time: 5.999441245270986e13
node: 508
formulation: LEFPAV