instance: K100.8.con.red
obj: 32.0
bound: 20.65117648726401
gap: 0.3546507347718914
time: 3603.1017179489136
preprocess_time: 0.066142
node: 75869
formulation: EFP