instance: K100.7.red
obj: 23.0
bound: 14.284291980871707
gap: 0.37894382691697387
time: 1800.590045928955
preprocess_time: 0.050961
node: 8119
algo: EFPD