instance: K100.4.con.red
obj: 26.999999893177645
bound: 17.609221109841346
gap: 0.34780662297981635
time: 1806.4583461284637
preprocess_time: 0.092793
node: 25610
algo: F0