instance: K100.7.red
obj: 29.0
bound: 27.999999999999908
gap: 0.034482758620573935
time: 54.07573199272156
preprocess_time: 0.064082
node: 9174
formulation: LEFPI