instance: K100.con.red
obj: 35.0
bound: 19.458190289876594
gap: 0.44405170600225713
time: 1800.5295569896698
preprocess_time: 0.056594
node: 6555
algo: ERF