instance: K100.8.con.red
obj: 31.0
bound: 22.665942638287415
gap: 0.26884056005437745
time: 3602.4593188762665
preprocess_time: 0.064014
node: 32894
formulation: LEVFP