instance: K100.con.red
obj: 39.0
bound: 18.53412545443806
gap: 0.5247660139874222
time: 1801.4937980175018
preprocess_time: 0.177858
node: 4800
algo: EFP0