instance: K100.con.red
obj: 8.0
bound: 8.0
gap: 0.0
time: 1751.783618927002
preprocess_time: 0.960667
sepa_time: 0.0
node: 55427
formulation: LEFPV