instance: K100.con.red
obj: 315.0
bound: 285.0
gap: 0.09523809523809523
time: 3599.5365660190582
preprocess_time: 0.478867
sepa_time: 0.0
node: 384513
formulation: EFP