instance: K100.2.red
obj: 137.0
bound: 137.0
gap: 0.0
time: 400.69984006881714
preprocess_time: 1.248769
sepa_time: 0.0
node: 159589
formulation: LEFPA