instance: K100.9.red
obj: 22.0
bound: 20.999999999999993
gap: 0.04545454545433917
time: 28.452988147735596
preprocess_time: 0.058992
node: 3463
formulation: LEFPI