instance: K100.10.red
obj: 21.0
bound: 18.999999999999986
gap: 0.09523809523764241
time: 1801.5459790229797
preprocess_time: 0.049954
node: 47024
algo: RF