instance: K100.4.con.red
obj: 185.0
bound: 184.0
gap: 0.005405405405405406
time: 7199.964149951935
preprocess_time: 0.037107
sepa_time: 0.0
node: 1406661
formulation: LEVFP