instance: K100.9.red
obj: 15.0
bound: 13.999999999999917
gap: 0.0666666666662278
time: 565.2141320705414
preprocess_time: 0.120771
node: 23337
algo: RF