instance: K100.5.con.red
obj: 204.0
bound: 200.0
gap: 0.0196078431372549
time: 7198.712726831436
preprocess_time: 1.289345
sepa_time: 0.0
node: 892371
formulation: LEFPD