instance: K100.con.red
obj: 315.0
bound: 286.0
gap: 0.09206349206349207
time: 7199.71710896492
preprocess_time: 0.299853
sepa_time: 0.0
node: 787544
formulation: EFP