instance: K100.6.red
obj: 4.0
bound: 3.0000000000000004
gap: 0.2499999999999999
time: 13.375235080718994
preprocess_time: 0.059729
node: 834
formulation: LEFPV