instance: K100.6.red
obj: 4.0
bound: 4.0
gap: 0.0
time: 10.02492094039917
preprocess_time: 0.941057
sepa_time: 0.0
node: 940
formulation: LEFPD