instance: K100.5.con.red
obj: 7.0
bound: 6.000000000000001
gap: 0.14285714285714274
time: 45.14065885543823
preprocess_time: 0.045485
sepa_time: 0.0
node: 1996
formulation: LEFPV