instance: K100.3.con.red
obj: 9.0
bound: 9.0
gap: 0.0
time: 1.9320850372314453
preprocess_time: 0.065866
node: 0
formulation: LEFPD