instance: K100.3.con.red
obj: 7.0
bound: 7.0
gap: 0.0
time: 9.091560125350952
preprocess_time: 0.039204
sepa_time: 0.0
node: 576
formulation: EFP