instance: K100.con.red
obj: 9.0
bound: 7.000000000000008
gap: 0.22222222222222132
time: 7198.961441040039
preprocess_time: 1.043276
sepa_time: 0.0
node: 370684
formulation: LEFPAI