instance: K100.5.con.red
obj: 0.0
bound: 0.0
gap: 0.0
time: 0.22814512252807617
preprocess_time: 0.070493
node: 0
algo: EVFP