instance: K100.3.con.red
obj: 24.0
bound: 17.33066503442056
gap: 0.27788895689798554
time: 1800.5061011314392
preprocess_time: 0.088538
node: 1499
algo: RF