instance: K100.8.con.red
obj: 9.0
bound: 9.0
gap: 0.0
time: 2466.7088689804077
preprocess_time: 0.042158
sepa_time: 6.9368156409496e-310
node: 25739
formulation: LEVFP