instance: K100.9.red
obj: 4.0
bound: 1.0
gap: 0.75
time: 7200.124318122864
preprocess_time: 0.02644
sepa_time: 0.0
node: 1
formulation: EF