instance: K100.2.red
obj: 137.0
bound: 137.0
gap: 0.0
time: 330.0271430015564
preprocess_time: 1.245491
sepa_time: 0.0
node: 147368
formulation: LEFP