instance: K100.2.red
obj: 4.0
bound: 4.0
gap: 0.0
time: 12.868993043899536
preprocess_time: 4.235517
node: 300
algo: EFPV