instance: K100.5.con.red
obj: 26.0
bound: 16.328943948004493
gap: 0.3719636943060889
time: 1800.811593055725
preprocess_time: 0.062948
node: 4872
formulation: EFPD