instance: K100.1.red
obj: 297.0
bound: 292.0
gap: 0.016835016835016835
time: 7199.021645069122
preprocess_time: 0.981069
sepa_time: 0.0
node: 407668
formulation: LEFPAD