instance: K100.10.red
obj: 5.0
bound: 3.999999999999975
gap: 0.19999999999600498
time: 207.19869899749756
preprocess_time: 4.208512
node: 883
formulation: EFPV