instance: K100.3.con.red
obj: 7.0
bound: 7.0
gap: 0.0
time: 2.7017009258270264
preprocess_time: 0.040765
sepa_time: 2.0e-323
node: 1
formulation: LEVFP