instance: K100.3.con.red
obj: 200.0
bound: 199.0
gap: 0.005
time: 7199.043173074722
preprocess_time: 0.958617
sepa_time: 0.0
node: 2087060
formulation: LEFP