instance: K100.9.red
obj: 3.000000000000414
bound: 3.000000000000414
gap: 0.0
time: 6.176830053329468
preprocess_time: 0.059067
node: 125
formulation: LEFPD