instance: K100.6.red
obj: 109.0
bound: 98.0
gap: 0.10091743119266056
time: 7199.962888002396
preprocess_time: 0.039533
sepa_time: 0.0
node: 2221281
formulation: EFP