instance: K100.6.red
obj: 4.0
bound: 4.0
gap: 0.0
time: 3.5109779834747314
preprocess_time: 0.922057
sepa_time: 0.0
node: 601
formulation: LEFPI