instance: K100.6.red
obj: 5.0
bound: 4.0
gap: 0.199999999996
time: 0.04032492637634277
preprocess_time: 0.083071
node: 0
algo: SFD