instance: K100.1.red
org_node: 42
org_edge: 185
org_min_len: 0.010911904730677928
org_avg_len: 0.20345427857329967
org_max_len: 1.0
dtf_node: 95
dtf_edge: 238
dtf_min_len: 0.0038793428508924893
dtf_avg_len: 0.15814723334479183
dtf_max_len: 1.0
sdb_node: 508
sdb_edge: 651
sdb_min_len: 0.010911904730677928
sdb_avg_len: 0.057817268104547376
sdb_max_len: 0.06712395241780005
dlt: 0.06713991192918889
formulation: None