instance: K100.8.con.red
obj: 9.0
bound: 9.0
gap: 0.0
time: 2724.2440621852875
preprocess_time: 1.000667
sepa_time: 0.0
node: 124328
formulation: LEFP