instance: K100.2.red
obj: 4.0
bound: 2.9999999999999973
gap: 0.24999999999375067
time: 90.90181398391724
preprocess_time: 0.092251
node: 1297
algo: RF