instance: K100.con.red
obj: 315.0
bound: 288.0
gap: 0.08571428571428572
time: 7199.739991188049
preprocess_time: 0.276624
sepa_time: 0.0
node: 903840
formulation: EFP