instance: K100.3.con.red
obj: 7.0
bound: 7.0
gap: 0.0
time: 11.307704210281372
preprocess_time: 1.205071
sepa_time: 0.0
node: 4
formulation: LEFPAD