instance: K100.10.red
obj: 5.0
bound: 5.0
gap: 0.0
time: 36.883217096328735
preprocess_time: 1.350187
sepa_time: 0.0
node: 883
formulation: LEFPA