instance: K100.9.red
obj: 118.0
bound: 118.0
gap: 0.0
time: 4265.663288116455
preprocess_time: 1.235726
sepa_time: 0.0
node: 2491323
formulation: LEFPA