instance: K100.4.con.red
obj: 4.0
bound: 4.0
gap: 0.0
time: 42.99526882171631
preprocess_time: 1.194913
sepa_time: 0.0
node: 676
formulation: LEFPAD