instance: K100.1.red
obj: 0.0
bound: 0.0
gap: 0.0
time: 1.6250758171081543
preprocess_time: 0.069103
node: 0
algo: EVFP