instance: K100.7.red
obj: 156.0
bound: 141.0
gap: 0.09615384615384616
time: 7199.917978048325
preprocess_time: 0.088095
sepa_time: 0.0
node: 1490737
formulation: EFP