instance: K100.2.red
obj: 4.0
bound: 4.0
gap: 0.0
time: 4.265641927719116
preprocess_time: 0.047408
sepa_time: 0.0
node: 443
formulation: LEFPI