instance: K100.1.red
obj: 0.0
bound: 0.0
gap: 0.0
time: 39.83819508552551
preprocess_time: 0.07222
node: 616
algo: EVFPV