instance: K100.con.red
obj: 8.0
bound: 7.000000000000001
gap: 0.12499999999999989
time: 1547.5996758937836
preprocess_time: 0.048465
sepa_time: 6.93015442700655e-310
node: 15543
formulation: EVFP