instance: K100.9.red
obj: 3.0
bound: 3.0
gap: 0.0
time: 0.7018568515777588
preprocess_time: 0.060581
node: 1
formulation: LEFPV