instance: K100.6.red
obj: 4.0
bound: 3.0
gap: 0.24999999999375
time: 84.46763300895691
preprocess_time: 0.050115
node: 465
algo: EFPD