instance: K100.10.red
obj: 133.0
bound: 133.0
gap: 0.0
time: 5412.149222135544
preprocess_time: 1.052257
sepa_time: 1.98197999931669e14
node: 1464704
formulation: LEFPAV