instance: K100.7.red
obj: 4.0
bound: 2.9999999999999143
gap: 0.24999999999377143
time: 368.75321078300476
preprocess_time: 0.086236
node: 1780
algo: EVFP0