instance: K100.5.con.red
obj: 8.0
bound: 6.999999999999902
gap: 0.12499999999844971
time: 2911.2437460422516
preprocess_time: 0.061767
node: 77023
formulation: LEFP