instance: K100.1.red
obj: 10.0
bound: 8.0
gap: 0.2
time: 3599.9536230564117
preprocess_time: 0.051255
sepa_time: 0.0
node: 14213
formulation: EVFP