instance: K100.9.red
obj: 117.99999999999999
bound: 116.00000000000011
gap: 0.0169491525423718
time: 3599.9421479701996
preprocess_time: 0.058673
sepa_time: 0.0
node: 1950149
formulation: LEFPI