instance: K100.con.red
obj: 39.0
bound: 17.278319206794585
gap: 0.5569661741833261
time: 1806.8103170394897
preprocess_time: 0.118028
node: 5761
algo: F