instance: K100.3.con.red
obj: 7.0
bound: 6.0
gap: 0.14285714285510204
time: 22.20597505569458
preprocess_time: 0.100149
node: 525
algo: RF