instance: K100.7.red
obj: 158.0
bound: 157.0
gap: 0.006329113924050633
time: 3599.9426279067993
preprocess_time: 0.059906
sepa_time: 0.0
node: 507446
formulation: LEFPD