instance: K100.9.red
obj: 56.0
bound: 56.0
gap: 0.0
time: 0.021358013153076172
preprocess_time: 1.741611
sepa_time: 0.0
node: 1
formulation: LEFPAI