instance: K100.7.red
obj: 4.0
bound: 4.0
gap: 0.0
time: 3.7352259159088135
preprocess_time: 1.346874
sepa_time: 0.0
node: 292
formulation: LEFPAI