instance: K100.7.red
obj: 3.9999993757403027
bound: 3.9999993757403027
gap: 0.0
time: 9.21629285812378
preprocess_time: 1.273178
sepa_time: 0.0
node: 301
formulation: LEFPAD