instance: K100.2.red
obj: 19.0
bound: 13.334590874966063
gap: 0.2981794276317958
time: 1800.632246017456
preprocess_time: 0.089471
node: 38004
algo: F