instance: K100.con.red
obj: 32.0
bound: 25.0
gap: 0.21875
time: 3599.939201116562
preprocess_time: 0.062885
node: 25537
formulation: LEFP