instance: K100.7.red
obj: 103.0
bound: 0.0
gap: 1.0
time: 3602.9868788719177
preprocess_time: 0.046345
node: 1
formulation: EF