instance: K100.7.red
obj: 154.0
bound: 152.0
gap: 0.012987012987012988
time: 7198.76571893692
preprocess_time: 1.234878
sepa_time: 0.0
node: 2220482
formulation: LEFPAI