instance: K100.7.red
obj: 23.0
bound: 18.17384632198324
gap: 0.209832768608512
time: 3604.005038022995
preprocess_time: 0.059409
node: 149679
formulation: LEVFP