instance: K100.5.con.red
obj: 7.0
bound: 7.0
gap: 0.0
time: 105.1469669342041
preprocess_time: 1.051828
sepa_time: 5.991360108825752e13
node: 1141
formulation: LEFPAV