instance: K100.5.con.red
obj: 7.0
bound: 5.59999998671626
gap: 0.20000000189481998
time: 1780.536246061325
preprocess_time: 20.658593
node: 16473
algo: EFPV