instance: K100.9.red
obj: 118.0
bound: 118.0
gap: 0.0
time: 6941.092560052872
preprocess_time: 1.004166
sepa_time: 0.0
node: 4571727
formulation: LEFPAI