instance: K100.2.red
obj: 4.0
bound: 4.0
gap: 0.0
time: 2.971216917037964
preprocess_time: 1.235565
sepa_time: 0.0
node: 69
formulation: LEFPI