instance: K100.10.red
obj: 5.0
bound: 5.0
gap: 0.0
time: 29.39794087409973
preprocess_time: 1.217503
sepa_time: 9.740910438626122e13
node: 884
formulation: LEFPAV