instance: K100.4.con.red
obj: 28.0
bound: 26.99999999999991
gap: 0.03571428571416134
time: 1077.1784508228302
preprocess_time: 0.064298
node: 75973
formulation: LEFPI