instance: K100.con.red
obj: 35.0
bound: 21.03607324116889
gap: 0.39896933596546325
time: 3604.9712858200073
preprocess_time: 0.05782
node: 34105
formulation: EFP