instance: K100.2.red
obj: 18.0
bound: 17.0
gap: 0.05555555555555555
time: 3599.9562861919403
preprocess_time: 0.047217
node: 242569
formulation: EFP