instance: K100.10.red
obj: 5.0
bound: 4.000000000000001
gap: 0.19999999999999982
time: 16.13840103149414
preprocess_time: 0.037598
sepa_time: 0.0
node: 981
formulation: EFP