instance: K100.10.red
obj: 95.0
bound: 91.0
gap: 0.042105263157894736
time: 3599.956179857254
preprocess_time: 0.045924
sepa_time: 0.0
node: 248093
formulation: LEFPD