instance: K100.2.red
obj: 99.0
bound: 98.0
gap: 0.010101010101010102
time: 3599.9576799869537
preprocess_time: 0.043547
sepa_time: 0.0
node: 1149687
formulation: LEFPV2