instance: K100.8.con.red
obj: 10.0
bound: 10.0
gap: 0.0
time: 2534.8519339561462
preprocess_time: 0.064027
node: 37232
formulation: LEFPI