instance: K100.con.red
obj: 9.0
bound: 5.999999999999957
gap: 0.3333333333296344
time: 1801.4336318969727
preprocess_time: 0.1123
node: 16378
formulation: EFP