instance: K100.5.con.red
obj: 24.0
bound: 21.093882847356905
gap: 0.12108821469295775
time: 3604.0084159374237
preprocess_time: 0.062624
node: 152394
formulation: LEFPDB