instance: K100.4.con.red
obj: 4.0
bound: 4.0
gap: 0.0
time: 5.475476026535034
preprocess_time: 0.045843
sepa_time: 0.0
node: 1
formulation: EVFP