instance: K100.5.con.red
obj: 7.0
bound: 7.0
gap: 0.0
time: 32.225143909454346
preprocess_time: 0.048855
sepa_time: 0.0
node: 1279
formulation: LEFPV2