instance: K100.9.red
obj: 3.0
bound: 2.0
gap: 0.3333333333222222
time: 23.228361129760742
preprocess_time: 0.07445
node: 550
algo: EVFP