instance: K100.con.red
obj: 212.0
bound: 186.0
gap: 0.12264150943396226
time: 3599.614762067795
preprocess_time: 0.395489
sepa_time: 0.0
node: 190063
formulation: EFP