instance: K100.8.con.red
obj: 34.0
bound: 21.69593601010929
gap: 0.36188423499572125
time: 1800.5849950313568
preprocess_time: 0.093451
node: 10444
algo: F0