instance: K100.4.con.red
obj: 22.0
bound: 20.0
gap: 0.09090909090909091
time: 3599.9567930698395
preprocess_time: 0.04626
sepa_time: 0.0
node: 56242
formulation: EVFP