instance: K100.2.red
obj: 137.0
bound: 136.00000000000003
gap: 0.007299270072992493
time: 225.86067414283752
preprocess_time: 0.046386
sepa_time: 0.0
node: 95630
formulation: LEFPV