instance: K100.1.red
obj: 11.0
bound: 6.006457682956478
gap: 0.4539583924543751
time: 1800.7333619594574
preprocess_time: 0.135916
node: 895
algo: EFP0