instance: K100.5.con.red
org_node: 31
org_edge: 120
org_min_len: 0.015312980695943793
org_avg_len: 0.1917636719742428
org_max_len: 1.0
dtf_node: 51
dtf_edge: 140
dtf_min_len: 0.004012019186170501
dtf_avg_len: 0.16436886169220818
dtf_max_len: 1.0
sdb_node: 335
sdb_edge: 424
sdb_min_len: 0.015312980695943793
sdb_avg_len: 0.05427273735120072
sdb_max_len: 0.06297723146852179
dlt: 0.06328201175150013
formulation: None