instance: K100.8.con.red
obj: 9.0
bound: 8.000002225172942
gap: 0.11111086386967312
time: 2236.2414820194244
preprocess_time: 0.95453
sepa_time: 0.0
node: 90801
formulation: LEFP