instance: K100.2.red
obj: 4.0
bound: 4.0
gap: 0.0
time: 2.1627209186553955
preprocess_time: 0.048927
sepa_time: 0.0
node: 1
formulation: EFP