instance: K100.2.red
obj: 137.0
bound: 137.0
gap: 0.0
time: 207.63203406333923
preprocess_time: 0.956615
sepa_time: 0.0
node: 100137
formulation: LEFP