instance: K100.8.con.red
obj: 10.0
bound: 6.474213864576718
gap: 0.3525786135388024
time: 1823.1103780269623
preprocess_time: 0.09445
node: 1586
algo: EFPD