instance: K100.con.red
obj: 313.0
bound: 306.0
gap: 0.022364217252396165
time: 3599.942265033722
preprocess_time: 0.060285
sepa_time: 0.0
node: 983934
formulation: LEFPV