instance: K100.6.red
obj: 15.0
bound: 13.336304304199091
gap: 0.11091304638598785
time: 1803.598666191101
preprocess_time: 0.085159
node: 179925
algo: F0