instance: K100.4.con.red
obj: 4.0
bound: 4.0
gap: 0.0
time: 6.542175054550171
preprocess_time: 0.048312
sepa_time: 0.0
node: 786
formulation: EFP