instance: K100.con.red
obj: 9.0
bound: 7.0
gap: 0.2222222222222222
time: 3599.9423158168793
preprocess_time: 0.068551
sepa_time: 0.0
node: 33889
formulation: LEFPD