instance: K100.con.red
obj: 8.0
bound: 8.0
gap: 0.0
time: 5551.155495882034
preprocess_time: 1.650486
sepa_time: 1.4759694434847803e14
node: 267747
formulation: LEFPAV