instance: K100.9.red
obj: 3.0
bound: 3.0
gap: 0.0
time: 2.6246070861816406
preprocess_time: 0.965591
sepa_time: 0.0
node: 195
formulation: LEFPA