instance: K100.10.red
obj: 5.0
bound: 4.000000000000001
gap: 0.19999999999999982
time: 5.678645133972168
preprocess_time: 0.045947
sepa_time: 6.93716944014677e-310
node: 518
formulation: EVFP