instance: K100.3.con.red
obj: 200.0
bound: 199.0
gap: 0.005
time: 3599.957496881485
preprocess_time: 0.044093
sepa_time: 0.0
node: 1172585
formulation: LEFPV