instance: K100.5.con.red
obj: 7.0
bound: 6.000009059436121
gap: 0.14285584865198267
time: 639.1473050117493
preprocess_time: 1.312435
sepa_time: 0.0
node: 22995
formulation: LEFPAD