instance: K100.5.con.red
obj: 196.0
bound: 194.0
gap: 0.01020408163265306
time: 3599.965940952301
preprocess_time: 0.035183
sepa_time: 0.0
node: 972801
formulation: LEVFP