instance: K100.8.con.red
obj: 8.0
bound: 8.0
gap: 0.0
time: 18.919615030288696
preprocess_time: 1.757353
sepa_time: 0.0
node: 2032
formulation: LEFPAI