instance: K100.3.con.red
obj: 208.0
bound: 206.0
gap: 0.009615384615384616
time: 7199.070760965347
preprocess_time: 0.931071
sepa_time: 0.0
node: 1525252
formulation: LEFPD