instance: K100.4.con.red
obj: 5.0
bound: 3.0128226343365396
gap: 0.39743547312474337
time: 1863.9557139873505
preprocess_time: 5.158644
node: 1842
algo: EFPV