instance: K100.2.red
obj: 4.0
bound: 2.999999999999999
gap: 0.24999999999375022
time: 206.88724398612976
preprocess_time: 0.064137
node: 2040
algo: EVFPV