instance: K100.6.red
obj: 15.0
bound: 12.097055901499715
gap: 0.19352960656539547
time: 2015.1977739334106
preprocess_time: 0.069147
node: 26881
algo: EFPD