instance: K100.1.red
obj: 11.0
bound: 6.327259883471148
gap: 0.4247945560442156
time: 1800.8859329223633
preprocess_time: 0.061639
node: 5167
algo: EVFPL