instance: K100.10.red
obj: 19.0
bound: 18.000000000000004
gap: 0.05263157894736823
time: 1788.8504691123962
preprocess_time: 0.047132
sepa_time: 0.0
node: 119740
formulation: EVFP