instance: K100.4.con.red
obj: 185.0
bound: 184.0
gap: 0.005405405405405406
time: 3598.7083649635315
preprocess_time: 1.293267
sepa_time: 0.0
node: 883197
formulation: LEFP