instance: K100.2.red
obj: 18.0
bound: 13.33562659028508
gap: 0.2591318560938337
time: 1803.4470300674438
preprocess_time: 3.598487
node: 34362
algo: EFPV