instance: K100.5.con.red
obj: 1.0
bound: 0.0
gap: 0.9999999999
time: 9.272315979003906
preprocess_time: 0.056214
node: 938
algo: EVFPV