instance: K100.9.red
obj: 3.0
bound: 3.0
gap: 0.0
time: 1.3337039947509766
preprocess_time: 0.037486
sepa_time: 1.5e-323
node: 1
formulation: LEVFP