instance: K100.con.red
obj: 312.0
bound: 308.0
gap: 0.01282051282051282
time: 3599.0416889190674
preprocess_time: 0.959162
sepa_time: 0.0
node: 836903
formulation: LEFPI