instance: K100.4.con.red
obj: 185.0
bound: 185.0
gap: 0.0
time: 5225.1745500564575
preprocess_time: 1.650141
sepa_time: 2.073866460326545e14
node: 1269435
formulation: LEFPAV