instance: K100.3.con.red
obj: 22.0
bound: 20.0
gap: 0.09090909090909091
time: 3599.955505847931
preprocess_time: 0.049918
sepa_time: 0.0
node: 111956
formulation: LEFPV2