instance: K100.1.red
obj: 300.0
bound: 270.0
gap: 0.1
time: 7199.792363166809
preprocess_time: 0.214281
sepa_time: 0.0
node: 1085994
formulation: EFP