instance: K100.6.red
obj: 15.0
bound: 13.99999999999994
gap: 0.06666666666622625
time: 359.6248848438263
preprocess_time: 0.057377
node: 32541
algo: RF