instance: K100.1.red
obj: 297.0
bound: 294.0
gap: 0.010101010101010102
time: 7198.943593978882
preprocess_time: 1.058189
sepa_time: 4.837307800404233e14
node: 1001589
formulation: LEFPAV