instance: K100.6.red
obj: 4.0
bound: 3.000000000000001
gap: 0.24999999999999978
time: 10.609949827194214
preprocess_time: 0.058237
node: 921
formulation: LEFPD