instance: K100.8.con.red
obj: 9.0
bound: 8.000000000000002
gap: 0.11111111111111091
time: 1479.815083026886
preprocess_time: 0.065342
sepa_time: 0.0
node: 8933
formulation: EVFP