instance: K100.6.red
obj: 15.0
bound: 12.0
gap: 0.2
time: 3600.4684500694275
preprocess_time: 0.048994
node: 10202
formulation: EF