instance: K100.10.red
obj: 21.0
bound: 12.898860432194862
gap: 0.38576855084602674
time: 1877.1676259040833
preprocess_time: 0.901268
node: 8076
algo: EFPV