instance: K100.4.con.red
obj: 191.0
bound: 190.0
gap: 0.005235602094240838
time: 7198.653880119324
preprocess_time: 1.348265
sepa_time: 0.0
node: 821586
formulation: LEFPD