instance: K100.1.red
org_node: 42
org_edge: 185
org_min_len: 0.010911904730677928
org_avg_len: 0.20345427857329967
org_max_len: 1.0
dtf_node: 61
dtf_edge: 204
dtf_min_len: 0.0007669058297375408
dtf_avg_len: 0.1845051055689238
dtf_max_len: 1.0
sdb_node: 65
sdb_edge: 208
sdb_min_len: 0.0007669058297375408
sdb_avg_len: 0.1809569304618291
sdb_max_len: 0.40690815023804217
dlt: 0.40690855714659935
formulation: None