instance: K100.7.red
obj: 4.0
bound: 2.999999999999999
gap: 0.24999999999375022
time: 14.399128913879395
preprocess_time: 0.08081
node: 320
algo: EFP0