instance: K100.10.red
obj: 50.0
bound: 14.000000000000002
gap: 0.71999999999856
time: 1802.9686160087585
preprocess_time: 0.031813
node: 216
formulation: EF