instance: K100.3.con.red
obj: 22.0
bound: 20.0
gap: 0.09090909090909091
time: 3599.9588890075684
preprocess_time: 0.0483
node: 32407
formulation: LEVFP