instance: K100.1.red
obj: 153.0
bound: 153.0
gap: 0.0
time: 0.06093192100524902
preprocess_time: 1.291357
sepa_time: 0.0
node: 1
formulation: LEFPAI