instance: K100.2.red
obj: 4.0
bound: 4.0
gap: 0.0
time: 1.877734899520874
preprocess_time: 0.043867
node: 61
formulation: EFP