instance: K100.9.red
obj: 3.0
bound: 2.0000000000000004
gap: 0.3333333333222221
time: 1.6490929126739502
preprocess_time: 0.062863
node: 0
algo: EFPD