instance: K100.10.red
obj: 133.0
bound: 132.0
gap: 0.007518796992481203
time: 3599.9565091133118
preprocess_time: 0.044572
sepa_time: 0.0
node: 1292261
formulation: LEFPV2