instance: K100.5.con.red
obj: 23.0
bound: 19.0
gap: 0.17391304347826086
time: 3599.953607082367
preprocess_time: 0.049713
node: 20664
formulation: LEFPD