instance: K100.3.con.red
obj: 26.0
bound: 13.00913124178641
gap: 0.4996487983909087
time: 1805.2808299064636
preprocess_time: 0.083683
node: 5614
algo: F