instance: K100.7.red
obj: 4.0
bound: 2.9999999999999982
gap: 0.24999999999375044
time: 95.88601398468018
preprocess_time: 0.062702
node: 1629
formulation: LEFPI