instance: K100.7.red
obj: 156.0
bound: 139.0
gap: 0.10897435897435898
time: 3599.9060850143433
preprocess_time: 0.099995
sepa_time: 0.0
node: 944057
formulation: EFP