instance: K100.2.red
obj: 137.0
bound: 136.00000000000003
gap: 0.007299270072992493
time: 404.6535110473633
preprocess_time: 0.044276
sepa_time: 0.0
node: 164011
formulation: LEFP