instance: K100.6.red
obj: 4.0
bound: 3.0000000000000004
gap: 0.2499999999999999
time: 2.8351778984069824
preprocess_time: 0.059113
sepa_time: 0.0
node: 222
formulation: LEFPI