instance: K100.con.red
obj: 315.0
bound: 286.0
gap: 0.09206349206349207
time: 7199.801177978516
preprocess_time: 0.210369
sepa_time: 0.0
node: 854890
formulation: EFP