instance: K100.4.con.red
obj: 185.0
bound: 184.0
gap: 0.005405405405405406
time: 3599.9602601528168
preprocess_time: 0.045136
sepa_time: 1.63e-322
node: 797845
formulation: LEVFP