instance: K100.con.red
obj: 33.0
bound: 24.0
gap: 0.2727272727272727
time: 3599.9697000980377
preprocess_time: 0.056378
node: 10475
formulation: LEVFP