instance: K100.6.red
obj: 4.0
bound: 3.0000000000000004
gap: 0.2499999999999999
time: 5.667723894119263
preprocess_time: 0.050396
sepa_time: 5.0e-324
node: 363
formulation: LEVFP