instance: K100.10.red
obj: 25.0
bound: 14.0
gap: 0.43999999999824
time: 3604.0599460601807
preprocess_time: 0.036551
node: 301
formulation: EF