instance: K100.6.red
obj: 108.0
bound: 108.0
gap: 0.0
time: 262.35185194015503
preprocess_time: 0.953272
sepa_time: 0.0
node: 174956
formulation: LEFP