instance: K100.10.red
obj: 133.0
bound: 132.00000000000003
gap: 0.007518796992480989
time: 1894.4430990219116
preprocess_time: 0.938558
sepa_time: 0.0
node: 804655
formulation: LEFPV