instance: K100.2.red
obj: 4.0
bound: 4.0
gap: 0.0
time: 33.996697187423706
preprocess_time: 0.041246
sepa_time: 7.0025861118e-313
node: 764
formulation: LEVFP