instance: K100.con.red
obj: 169.0
bound: 169.0
gap: 0.0
time: 0.008119821548461914
preprocess_time: 1.307623
sepa_time: 0.0
node: 1
formulation: LEFPAV