instance: K100.6.red
obj: 15.0
bound: 12.058843788216603
gap: 0.19607708078425265
time: 1801.957755804062
preprocess_time: 0.059565
node: 60833
formulation: EFP