instance: K100.6.red
obj: 108.0
bound: 103.0
gap: 0.046296296296296294
time: 3599.9505701065063
preprocess_time: 0.054005
sepa_time: 6.903358301861e-310
node: 168043
formulation: EVFP