instance: K100.8.con.red
obj: 172.0
bound: 166.0
gap: 0.03488372093023256
time: 3599.9401910305023
preprocess_time: 0.062204
sepa_time: 0.0
node: 771892
formulation: LEFPV2