instance: K100.7.red
obj: 25.0
bound: 23.0
gap: 0.08
time: 3599.944412946701
preprocess_time: 0.059769
node: 166524
formulation: LEFPD