instance: K100.9.red
obj: 3.0
bound: 3.0
gap: 0.0
time: 0.5496838092803955
preprocess_time: 0.049674
sepa_time: 9.4e-323
node: 1
formulation: EVFP