instance: K100.5.con.red
org_node: 31
org_edge: 120
org_min_len: 0.015312980695943793
org_avg_len: 0.1917636719742428
org_max_len: 1.0
dtf_node: 41
dtf_edge: 130
dtf_min_len: 0.010387035602766728
dtf_avg_len: 0.1770126202839166
dtf_max_len: 1.0
sdb_node: 453
sdb_edge: 542
sdb_min_len: 0.015312980695943793
sdb_avg_len: 0.042456901544112746
sdb_max_len: 0.047766205330540636
dlt: 0.0479409179935607
formulation: None