instance: K100.2.red
obj: 137.0
bound: 137.0
gap: 0.0
time: 531.4282069206238
preprocess_time: 0.038237
sepa_time: 0.0
node: 186628
formulation: LEVFP