instance: K100.7.red
org_node: 25
org_edge: 93
org_min_len: 0.020502792468482883
org_avg_len: 0.2815857327886185
org_max_len: 1.0
dtf_node: 48
dtf_edge: 116
dtf_min_len: 0.0006726412879283911
dtf_avg_len: 0.22575407887363366
dtf_max_len: 1.0
sdb_node: 257
sdb_edge: 325
sdb_min_len: 0.020502792468482883
sdb_avg_len: 0.08057684045951226
sdb_max_len: 0.09223293779535724
dlt: 0.0929232918202441
formulation: None