instance: K100.1.red
obj: 11.0
bound: 6.206265287593437
gap: 0.4357940647602712
time: 1991.695662021637
preprocess_time: 0.080308
node: 510
algo: EFPD