instance: K100.10.red
obj: 5.0
bound: 4.0
gap: 0.199999999996
time: 33.719075202941895
preprocess_time: 0.05768
node: 784
algo: ESF