instance: K100.4.con.red
obj: 23.0
bound: 17.493485577695917
gap: 0.2394136705339192
time: 3602.980736017227
preprocess_time: 0.063021
node: 42457
formulation: LEVFP