instance: K100.3.con.red
obj: 25.0
bound: 13.459567273812231
gap: 0.4616173090456643
time: 1801.1973059177399
preprocess_time: 0.084719
node: 5126
algo: SF