instance: K100.7.red
obj: 4.0
bound: 3.0000000000000004
gap: 0.2499999999999999
time: 17.408479928970337
preprocess_time: 0.061321
node: 351
formulation: LEFPD