instance: K100.10.red
obj: 5.0
bound: 3.9999999999999964
gap: 0.1999999999960007
time: 164.45425009727478
preprocess_time: 0.091906
node: 2669
algo: RF