instance: K100.9.red
obj: 18.0
bound: 16.333331019154855
gap: 0.09259272115754923
time: 1803.0188999176025
preprocess_time: 0.086677
node: 37253
algo: F0