instance: K100.8.con.red
obj: 240.0
bound: 228.0
gap: 0.05
time: 7199.922827005386
preprocess_time: 0.085517
sepa_time: 0.0
node: 264350
formulation: EVFP