instance: K100.6.red
obj: 15.0
bound: 11.999999999999991
gap: 0.19999999999866727
time: 1803.236398935318
preprocess_time: 0.036892
node: 80034
formulation: EVFP