instance: K100.4.con.red
obj: 4.0
bound: 4.0
gap: 0.0
time: 28.440181016921997
preprocess_time: 1.299915
sepa_time: 5.9854168838349375e13
node: 751
formulation: LEFPAV