instance: K100.con.red
obj: 9.0
bound: 6.233333333333329
gap: 0.30740740740399225
time: 3607.6448278427124
preprocess_time: 0.051319
node: 27006
formulation: LEFPD