instance: K100.3.con.red
obj: 7.0
bound: 5.999999999999998
gap: 0.1428571428551023
time: 145.0432231426239
preprocess_time: 0.090226
node: 1610
algo: EFP0