instance: K100.8.con.red
obj: 10.0
bound: 6.9999979819355
gap: 0.30000020180345005
time: 1803.0231568813324
preprocess_time: 0.055735
node: 16632
algo: F0