instance: K100.3.con.red
obj: 7.0
bound: 7.0
gap: 0.0
time: 2.67107892036438
preprocess_time: 0.046866
sepa_time: 6.9019127643474e-310
node: 1
formulation: LEVFP