instance: K100.7.red
obj: 154.0
bound: 152.0
gap: 0.012987012987012988
time: 7199.034446001053
preprocess_time: 0.966144
sepa_time: 0.0
node: 1875579
formulation: LEFPAI