instance: K100.5.con.red
obj: 7.0
bound: 5.999999999999998
gap: 0.1428571428551023
time: 827.9687788486481
preprocess_time: 0.060938
node: 8778
formulation: LEVFP