instance: K100.7.red
obj: 4.0
bound: 2.999999999999984
gap: 0.249999999993754
time: 239.73241996765137
preprocess_time: 0.077507
node: 1701
algo: RF