instance: K100.3.con.red
obj: 24.0
bound: 17.624999999999996
gap: 0.2656249999988934
time: 1800.4569730758667
preprocess_time: 0.13107
node: 20496
algo: RF