instance: K100.3.con.red
obj: 7.0
bound: 6.000000000000001
gap: 0.14285714285714274
time: 1.6165430545806885
preprocess_time: 1.29141
sepa_time: 0.0
node: 1
formulation: LEFPV2