instance: K100.1.red
obj: 10.0
bound: 9.0
gap: 0.1
time: 7199.021922111511
preprocess_time: 0.986662
sepa_time: 0.0
node: 49283
formulation: LEFPAD