instance: K100.3.con.red
obj: 200.0
bound: 199.0
gap: 0.005
time: 7199.952937841415
preprocess_time: 0.049471
sepa_time: 0.0
node: 1927274
formulation: LEVFP