instance: K100.con.red
obj: 9.0
bound: 5.999999999999992
gap: 0.3333333333296305
time: 1801.0754189491272
preprocess_time: 0.090521
node: 19720
algo: EFP0