instance: K100.7.red
obj: 4.0
bound: 4.0
gap: 0.0
time: 2.462307929992676
preprocess_time: 8.262699
node: 0
formulation: EFPV