instance: K100.2.red
obj: 4.0
bound: 4.0
gap: 0.0
time: 4.398512840270996
preprocess_time: 1.28985
sepa_time: 0.0
node: 625
formulation: LEFPV