instance: K100.10.red
obj: 5.0
bound: 4.0
gap: 0.199999999996
time: 152.4951150417328
preprocess_time: 0.030458
node: 600
formulation: EFPD