instance: K100.1.red
obj: 10.0
bound: 9.0
gap: 0.1
time: 7198.746323823929
preprocess_time: 1.260592
sepa_time: 0.0
node: 126369
formulation: LEFPA