instance: K100.4.con.red
obj: 4.0
bound: 3.000000000000001
gap: 0.24999999999999978
time: 2.4346418380737305
preprocess_time: 0.061941
node: 1
formulation: EFP