instance: K100.10.red
obj: 5.0
bound: 4.0
gap: 0.199999999996
time: 299.64481592178345
preprocess_time: 3.600238
node: 734
algo: EFPV