instance: K100.3.con.red
obj: 7.0
bound: 5.999999999999999
gap: 0.14285714285510218
time: 219.56425404548645
preprocess_time: 28.24085
node: 251
algo: EFPV