instance: K100.5.con.red
obj: 196.0
bound: 193.0
gap: 0.015306122448979591
time: 7198.840396165848
preprocess_time: 1.160813
sepa_time: 0.0
node: 1016552
formulation: LEFPAD