instance: K100.6.red
obj: 4.0
bound: 2.9999999999999996
gap: 0.2499999999937501
time: 57.64377689361572
preprocess_time: 0.078033
node: 579
algo: EVFP