instance: K100.5.con.red
obj: 7.0
bound: 7.0
gap: 0.0
time: 29.3261079788208
preprocess_time: 0.902396
sepa_time: 1.0152904596244884e14
node: 1093
formulation: LEFPV