instance: K100.10.red
obj: 19.0
bound: 15.23105955097526
gap: 0.19836528678973178
time: 1801.0966567993164
preprocess_time: 0.726975
node: 35841
algo: EFPV