instance: K100.6.red
obj: 4.0
bound: 2.9999999999999916
gap: 0.2499999999937521
time: 11.689992189407349
preprocess_time: 0.092966
node: 1097
algo: RF