instance: K100.4.con.red
obj: 23.0
bound: 14.779920782317488
gap: 0.357394748593338
time: 1801.3956220149994
preprocess_time: 0.056719
node: 14904
formulation: EFPI