instance: K100.con.red
obj: 219.0
bound: 208.0
gap: 0.0502283105022831
time: 3599.937829017639
preprocess_time: 0.066017
sepa_time: 0.0
node: 132563
formulation: LEFPD