instance: K100.1.red
obj: 0.0
bound: 0.0
gap: 0.0
time: 1.0542418956756592
preprocess_time: 0.068817
node: 0
algo: EVFP