instance: K100.1.red
obj: 36.0
bound: 34.0
gap: 0.05555555555555555
time: 3599.950939178467
preprocess_time: 0.050223
node: 175615
formulation: LEFPI