instance: K100.8.con.red
obj: 32.0
bound: 22.125
gap: 0.3085937499990356
time: 1801.89169216156
preprocess_time: 0.06061
node: 9936
formulation: EFP