instance: K100.10.red
obj: 133.0
bound: 132.0
gap: 0.007518796992481203
time: 7198.8250069618225
preprocess_time: 1.176662
sepa_time: 0.0
node: 1238970
formulation: LEFPAD