instance: K100.7.red
obj: 4.0
bound: 2.999999999999997
gap: 0.24999999999375078
time: 103.8498158454895
preprocess_time: 0.062675
node: 1610
formulation: EFP