instance: K100.6.red
obj: 108.0
bound: 107.00000000000001
gap: 0.009259259259259127
time: 208.56838297843933
preprocess_time: 0.038788
sepa_time: 0.0
node: 100113
formulation: LEVFP