instance: K100.5.con.red
obj: 8.0
bound: 6.999999999999905
gap: 0.12499999999844938
time: 1362.6796531677246
preprocess_time: 0.06171
node: 34189
formulation: LEFPI