instance: K100.7.red
obj: 154.0
bound: 152.0
gap: 0.012987012987012988
time: 7198.7447628974915
preprocess_time: 1.256903
sepa_time: 0.0
node: 1868915
formulation: LEFP