instance: K100.1.red
obj: 297.0
bound: 294.0
gap: 0.010101010101010102
time: 7198.744686126709
preprocess_time: 1.256849
sepa_time: 0.0
node: 1247582
formulation: LEFPA