instance: K100.1.red
obj: 213.0
bound: 206.0
gap: 0.03286384976525822
time: 3599.95335316658
preprocess_time: 0.04928
sepa_time: 0.0
node: 522105
formulation: LEFPV2