instance: K100.2.red
obj: 137.0
bound: 137.0
gap: 0.0
time: 449.3608729839325
preprocess_time: 0.964703
sepa_time: 0.0
node: 167477
formulation: LEFPAI