instance: K100.1.red
obj: 39.0
bound: 19.93166132907635
gap: 0.48893176079166045
time: 1800.4028809070587
preprocess_time: 0.046241
node: 1881
algo: SF