instance: K100.10.red
obj: 5.0
bound: 4.000000000000001
gap: 0.19999999999999982
time: 5.733362913131714
preprocess_time: 0.045155
sepa_time: 0.0
node: 518
formulation: EVFP