instance: K100.5.con.red
obj: 7.0
bound: 7.0
gap: 0.0
time: 51.998762130737305
preprocess_time: 1.241849
sepa_time: 0.0
node: 1833
formulation: LEFP