instance: K100.7.red
obj: 64.0
bound: 64.0
gap: 0.0
time: 0.05589699745178223
preprocess_time: 1.001781
sepa_time: 0.0
node: 1
formulation: LEFPAD