instance: K100.10.red
obj: 21.0
bound: 14.41895321123808
gap: 0.31338318041574204
time: 1800.7384691238403
preprocess_time: 0.059904
node: 25871
algo: SF