instance: K100.6.red
obj: 108.0
bound: 107.00000000000001
gap: 0.009259259259259127
time: 220.9714970588684
preprocess_time: 0.04745
sepa_time: 6.92580458714057e-310
node: 100113
formulation: LEVFP