instance: K100.7.red
obj: 23.0
bound: 17.795536004957984
gap: 0.2262810432617125
time: 1799.957022190094
preprocess_time: 1.862163
node: 42473
algo: EFPV