instance: K100.4.con.red
obj: 4.0
bound: 4.0
gap: 0.0
time: 1560.5095582008362
preprocess_time: 0.077308
node: 12042
algo: SF