instance: K100.2.red
obj: 137.0
bound: 136.00000000000003
gap: 0.007299270072992493
time: 419.64108896255493
preprocess_time: 0.04802
sepa_time: 2.5e-323
node: 146804
formulation: LEVFP