instance: K100.4.con.red
obj: 24.0
bound: 23.0
gap: 0.04166666666649306
time: 0.22424793243408203
preprocess_time: 0.114824
node: 40
algo: SFD