instance: K100.4.con.red
obj: 28.0
bound: 26.999999999999947
gap: 0.03571428571416007
time: 651.3995761871338
preprocess_time: 0.066899
node: 45549
formulation: LEFP