instance: K100.2.red
obj: 18.0
bound: 13.2271949307257
gap: 0.2651558371804325
time: 1801.4284431934357
preprocess_time: 0.068023
node: 21229
algo: EFP0