instance: K100.8.con.red
obj: 37.0
bound: 33.981790099098355
gap: 0.08157324056468887
time: 3605.7298789024353
preprocess_time: 0.064368
node: 200810
formulation: LEFPDB