instance: K100.3.con.red
obj: 7.0
bound: 5.999999999999996
gap: 0.14285714285510268
time: 171.17572617530823
preprocess_time: 0.038424
node: 1235
formulation: EVFP