instance: K100.9.red
obj: 118.0
bound: 117.0000020846734
gap: 0.008474558604462733
time: 4879.89026093483
preprocess_time: 0.047932
sepa_time: 3.0e-323
node: 2601583
formulation: LEVFP