instance: K100.10.red
obj: 19.0
bound: 18.0
gap: 0.05263157894736842
time: 3599.9573748111725
preprocess_time: 0.044368
node: 253862
formulation: LEVFP