instance: K100.9.red
obj: 15.0
bound: 13.666666138869852
gap: 0.08888892407475062
time: 1801.358855009079
preprocess_time: 0.083461
node: 45158
algo: EFP