instance: K100.2.red
obj: 137.0
bound: 136.00000000000003
gap: 0.007299270072992493
time: 230.37195110321045
preprocess_time: 0.992434
sepa_time: 0.0
node: 109601
formulation: LEFPV