instance: K100.5.con.red
obj: 8.0
bound: 6.9999999999999165
gap: 0.12499999999844794
time: 225.90739607810974
preprocess_time: 0.064504
node: 13731
formulation: LEFPDB