instance: K100.7.red
obj: 5.0
bound: 4.0
gap: 0.199999999996
time: 0.05182194709777832
preprocess_time: 0.083634
node: 0
algo: SFD