instance: K100.10.red
obj: 5.0
bound: 5.0
gap: 0.0
time: 29.05129909515381
preprocess_time: 1.180366
sepa_time: 1.0666147982616477e14
node: 884
formulation: LEFPAV