instance: K100.8.con.red
obj: 239.0
bound: 236.0
gap: 0.012552301255230125
time: 7198.7601001262665
preprocess_time: 1.241634
sepa_time: 0.0
node: 2394448
formulation: LEFP