instance: K100.2.red
org_node: 24
org_edge: 83
org_min_len: 0.01385301264757094
org_avg_len: 0.2819274342072959
org_max_len: 1.0
dtf_node: 33
dtf_edge: 92
dtf_min_len: 0.006130729389805356
dtf_avg_len: 0.254347576513104
dtf_max_len: 1.0
sdb_node: 318
sdb_edge: 377
sdb_min_len: 0.01385301264757094
sdb_avg_len: 0.062068904613277374
sdb_max_len: 0.07030376584363153
dlt: 0.07048185855182397
formulation: None