instance: K100.10.red
obj: 134.0
bound: 119.0
gap: 0.11194029850746269
time: 3599.947685956955
preprocess_time: 0.056315
sepa_time: 0.0
node: 1352101
formulation: EFP