instance: K100.8.con.red
obj: 238.99999973865198
bound: 236.0
gap: 0.012552300175449784
time: 7199.037983894348
preprocess_time: 0.962722
sepa_time: 0.0
node: 2169757
formulation: LEFPAI