instance: K100.1.red
obj: 8.0
bound: 8.0
gap: 0.0
time: 230.26622819900513
preprocess_time: 1.24517
sepa_time: 0.0
node: 3475
formulation: LEFPAI