instance: K100.2.red
obj: 4.000000000000934
bound: 4.000000000000934
gap: 0.0
time: 16.421568155288696
preprocess_time: 0.048575
node: 917
formulation: LEFPDB