instance: K100.8.con.red
obj: 38.0
bound: 31.999999999999993
gap: 0.15789473684168992
time: 3606.2075917720795
preprocess_time: 0.064844
node: 99065
formulation: LEFPI