instance: K100.8.con.red
obj: 9.0
bound: 8.000000000000002
gap: 0.11111111111111091
time: 1218.8184370994568
preprocess_time: 0.063083
node: 14296
formulation: LEFP