instance: K100.8.con.red
obj: 9.0
bound: 8.000002835834904
gap: 0.11111079601834402
time: 2403.2605187892914
preprocess_time: 0.041083
sepa_time: 0.0
node: 25644
formulation: LEVFP