instance: K100.6.red
obj: 4.0
bound: 2.9999999999999263
gap: 0.24999999999376843
time: 14.102904081344604
preprocess_time: 0.082697
node: 1134
algo: SF