instance: K100.10.red
obj: 20.0
bound: 14.500004024125431
gap: 0.2749997987923535
time: 1120.6741919517517
preprocess_time: 681.246663
node: 35154
algo: EFPV2