instance: K100.1.red
obj: 11.0
bound: 5.990262782110732
gap: 0.45543065616761136
time: 1800.234265089035
preprocess_time: 0.09002
node: 3802
algo: SF