instance: K100.2.red
obj: 18.0
bound: 12.987946632142412
gap: 0.27844740932387463
time: 1800.7437710762024
preprocess_time: 0.060137
node: 16558
algo: EDF