instance: K100.5.con.red
obj: 24.0
bound: 13.604586380532558
gap: 0.43314223414267206
time: 1801.137669801712
preprocess_time: 0.076674
node: 10786
algo: EVFP