instance: K100.4.con.red
obj: 4.0
bound: 4.0
gap: 0.0
time: 1066.6185989379883
preprocess_time: 0.072874
node: 940
algo: EFPD