instance: K100.5.con.red
obj: 7.0
bound: 7.0
gap: 0.0
time: 80.32006883621216
preprocess_time: 0.988203
sepa_time: 0.0
node: 4672
formulation: LEFPAI