instance: K100.6.red
obj: 4.0
bound: 2.9999999999999627
gap: 0.24999999999375933
time: 35.52773118019104
preprocess_time: 0.058828
node: 1498
formulation: LEFPI