instance: K100.9.red
obj: 3.0
bound: 3.0
gap: 0.0
time: 6.020408868789673
preprocess_time: 3.743021
node: 61
formulation: EFPV