instance: K100.con.red
obj: 10.0
bound: 5.0
gap: 0.499999999995
time: 1881.5536000728607
preprocess_time: 27.984083
node: 518
algo: EFPV