instance: K100.3.con.red
obj: 5.0
bound: 5.0
gap: 0.0
time: 0.5571720600128174
preprocess_time: 1.06804
sepa_time: 0.0
node: 1
formulation: LEFPAD