instance: K100.9.red
obj: 3.0
bound: 3.0
gap: 0.0
time: 2.020373821258545
preprocess_time: 0.893323
sepa_time: 1.3852364419844438e13
node: 1
formulation: LEFPV2