instance: K100.3.con.red
obj: 200.0
bound: 199.0
gap: 0.005
time: 7199.088393211365
preprocess_time: 0.912126
sepa_time: 0.0
node: 2260143
formulation: LEFPI