instance: K100.con.red
obj: 314.0
bound: 288.0
gap: 0.08280254777070063
time: 7199.714339017868
preprocess_time: 0.300775
sepa_time: 0.0
node: 949290
formulation: EFP