instance: K100.10.red
obj: 0.0
bound: 0.0
gap: 0.0
time: 0.28090906143188477
preprocess_time: 0.042655
node: 0
algo: EVFP