instance: K100.8.con.red
obj: 32.0
bound: 21.063921042610467
gap: 0.34175246741735493
time: 1797.9923992156982
preprocess_time: 4.669819
node: 13566
formulation: EFPV