instance: K100.4.con.red
obj: 28.0
bound: 26.99999999999997
gap: 0.03571428571415918
time: 20.743623971939087
preprocess_time: 0.053736
node: 3354
formulation: LEFPDB