instance: K100.8.con.red
obj: 241.0
bound: 216.0
gap: 0.1037344398340249
time: 7199.882513999939
preprocess_time: 0.126481
sepa_time: 0.0
node: 1197402
formulation: EFP