instance: K100.1.red
obj: 10.0
bound: 7.012711864406778
gap: 0.29872881355633496
time: 1801.0040929317474
preprocess_time: 0.102071
node: 6317
formulation: EFPI