instance: K100.6.red
obj: 4.0
bound: 3.0000000000000004
gap: 0.2499999999999999
time: 2.7044389247894287
preprocess_time: 0.03825
sepa_time: 0.0
node: 1
formulation: EFP