instance: K100.con.red
obj: 32.0
bound: 25.0
gap: 0.21875
time: 3599.9751210212708
preprocess_time: 0.059886
node: 29093
formulation: LEFPI