instance: K100.con.red
obj: 36.0000000000004
bound: 30.38168544821427
gap: 0.15606429310473496
time: 3604.5579249858856
preprocess_time: 0.059027
node: 113308
formulation: LEFPDB