instance: K100.5.con.red
obj: 196.0
bound: 194.0
gap: 0.01020408163265306
time: 7198.832561016083
preprocess_time: 1.16845
sepa_time: 2.720112099297009e14
node: 2254983
formulation: LEFPAV