instance: K100.8.con.red
obj: 9.0
bound: 8.000000000000002
gap: 0.11111111111111091
time: 942.3179650306702
preprocess_time: 0.050558
sepa_time: 0.0
node: 9055
formulation: LEVFP