instance: K100.3.con.red
obj: 200.0
bound: 199.00000000000003
gap: 0.004999999999999858
time: 5714.312335014343
preprocess_time: 0.942003
sepa_time: 0.0
node: 2004612
formulation: LEFP