instance: K100.5.con.red
obj: 196.0
bound: 194.0
gap: 0.01020408163265306
time: 7199.043422937393
preprocess_time: 0.958054
sepa_time: 0.0
node: 2039067
formulation: LEFP