instance: K100.2.red
obj: 21.0
bound: 20.0
gap: 0.04761904761882087
time: 13.036956787109375
preprocess_time: 0.047331
node: 1010
formulation: LEFPD