instance: K100.7.red
obj: 4.0
bound: 3.0000000000000004
gap: 0.2499999999999999
time: 5.060067892074585
preprocess_time: 0.060982
node: 1
formulation: LEFPI