instance: K100.8.con.red
obj: 9.0
bound: 9.0
gap: 0.0
time: 241.0579388141632
preprocess_time: 0.925303
sepa_time: 0.0
node: 5663
formulation: LEFPD