instance: K100.7.red
obj: 23.0
bound: 18.061965275066985
gap: 0.2146971619526759
time: 1827.1303670406342
preprocess_time: 0.090716
node: 15957
algo: EFPD