instance: K100.9.red
obj: 118.0
bound: 117.00000000000011
gap: 0.008474576271185478
time: 7199.046401023865
preprocess_time: 0.95458
sepa_time: 0.0
node: 2608758
formulation: LEFPAD