instance: K100.6.red
obj: 16.0
bound: 16.0
gap: 0.0
time: 0.09051394462585449
preprocess_time: 0.110858
node: 15
algo: SFD