instance: K100.5.con.red
obj: 0.0
bound: 0.0
gap: 0.0
time: 0.9520561695098877
preprocess_time: 0.078913
node: 0
algo: EVFP