instance: K100.9.red
obj: 86.0
bound: 85.0
gap: 0.011627906976744186
time: 3599.9388999938965
preprocess_time: 0.062658
sepa_time: 0.0
node: 1286982
formulation: LEFPV