instance: K100.1.red
obj: 297.0
bound: 293.0
gap: 0.013468013468013467
time: 7198.243019104004
preprocess_time: 1.759774
sepa_time: 4.563889079135576e14
node: 1228305
formulation: LEFPAV