instance: K100.1.red
obj: 10.0
bound: 9.0
gap: 0.1
time: 3599.952775001526
preprocess_time: 0.051202
sepa_time: 0.0
node: 20187
formulation: LEFPD