instance: K100.6.red
obj: 15.0
bound: 11.30109706439084
gap: 0.24659352903896672
time: 1661.2396659851074
preprocess_time: 141.177435
node: 74850
algo: EFPV2