instance: K100.9.red
obj: 3.0
bound: 2.0000000000000004
gap: 0.3333333333222221
time: 2.9540748596191406
preprocess_time: 0.060942
node: 0
formulation: EFPD