instance: K100.10.red
obj: 19.0
bound: 16.72611750398018
gap: 0.1196780261056764
time: 1800.7882061004639
preprocess_time: 0.054672
node: 42845
algo: F0