instance: K100.6.red
obj: 4.0
bound: 4.0
gap: 0.0
time: 3.1498148441314697
preprocess_time: 0.898826
sepa_time: 0.0
node: 209
formulation: LEFP