instance: K100.8.con.red
obj: 32.0
bound: 22.005973016827348
gap: 0.3123133432231694
time: 1800.9774060249329
preprocess_time: 0.097102
node: 14982
algo: EFPLg