instance: K100.4.con.red
obj: 4.0
bound: 4.0
gap: 0.0
time: 27.339072942733765
preprocess_time: 0.965669
sepa_time: 0.0
node: 683
formulation: LEFPI