instance: K100.7.red
obj: 157.0
bound: 139.0
gap: 0.11464968152866242
time: 7199.914151906967
preprocess_time: 0.091687
sepa_time: 0.0
node: 1841015
formulation: EFP