instance: K100.5.con.red
obj: 25.0
bound: 14.245402093715061
gap: 0.43018391624967683
time: 1801.2806360721588
preprocess_time: 0.087079
node: 9372
algo: ESF