instance: K100.7.red
obj: 23.0
bound: 17.49999994162778
gap: 0.23913043731949157
time: 1802.2327830791473
preprocess_time: 0.081312
node: 52038
algo: RF