instance: K100.1.red
obj: 297.0
bound: 292.0
gap: 0.016835016835016835
time: 3599.955666065216
preprocess_time: 0.046477
sepa_time: 0.0
node: 706170
formulation: LEFP