instance: K100.2.red
obj: 4.0
bound: 2.999999999999999
gap: 0.24999999999375022
time: 83.77947807312012
preprocess_time: 0.036652
node: 2413
formulation: LEVFP