instance: K100.1.red
obj: 11.0
bound: 4.5240327392812425
gap: 0.5887242964236259
time: 1856.5401639938354
preprocess_time: 40.403966
node: 340
algo: EFPV