instance: K100.4.con.red
obj: 122.0
bound: 0.0
gap: 1.0
time: 7202.236149072647
preprocess_time: 0.027375
sepa_time: 0.0
node: 1
formulation: EF