instance: K100.4.con.red
obj: 28.0
bound: 26.999999999999993
gap: 0.03571428571415842
time: 30.191555976867676
preprocess_time: 0.070097
node: 1284
formulation: LEFPD