instance: K100.6.red
obj: 108.0
bound: 108.0
gap: 0.0
time: 594.8915688991547
preprocess_time: 0.984928
sepa_time: 0.0
node: 137352
formulation: LEFPAD