instance: K100.4.con.red
obj: 4.0
bound: 4.0
gap: 0.0
time: 254.12568593025208
preprocess_time: 0.086746
node: 2219
algo: F