instance: K100.6.red
obj: 4.0
bound: 3.000000000000001
gap: 0.24999999999999978
time: 4.402759075164795
preprocess_time: 0.043666
sepa_time: 0.0
node: 741
formulation: LEFPV