instance: K100.6.red
obj: 4.0
bound: 4.0
gap: 0.0
time: 3.137086868286133
preprocess_time: 0.905092
sepa_time: 0.0
node: 209
formulation: LEFP