instance: K100.1.red
obj: 10.0
bound: 8.000000000000004
gap: 0.19999999999999965
time: 7199.959259033203
preprocess_time: 0.043382
sepa_time: 6.92859888869265e-310
node: 28928
formulation: LEVFP