instance: K100.4.con.red
obj: 25.0
bound: 17.317935894880407
gap: 0.30728256420355465
time: 1800.7115049362183
preprocess_time: 0.041225
node: 3534
formulation: EFPD