instance: K100.4.con.red
obj: 185.0
bound: 182.0
gap: 0.016216216216216217
time: 3599.957447052002
preprocess_time: 0.043841
sepa_time: 0.0
node: 929924
formulation: LEFPV