instance: K100.5.con.red
obj: 7.0
bound: 5.499999999999998
gap: 0.2142857142826533
time: 1801.0762310028076
preprocess_time: 0.088406
node: 31675
algo: SF