instance: K100.4.con.red
obj: 185.0
bound: 185.0
gap: 0.0
time: 3538.535556077957
preprocess_time: 1.22011
sepa_time: 0.0
node: 947522
formulation: LEFPAI