instance: K100.8.con.red
obj: 10.0
bound: 6.44759414959078
gap: 0.35524058503736955
time: 1801.032478094101
preprocess_time: 0.089704
node: 11712
algo: EFP0