instance: K100.7.red
obj: 154.0
bound: 146.0
gap: 0.05194805194805195
time: 3599.6798210144043
preprocess_time: 0.327643
sepa_time: 0.0
node: 59305
formulation: EVFP