instance: K100.4.con.red
obj: 23.0
bound: 16.553191489361705
gap: 0.28029602220044636
time: 1799.0605640411377
preprocess_time: 2.643639
node: 20483
formulation: EFPV