instance: K100.8.con.red
obj: 9.0
bound: 7.007449668873714
gap: 0.22139448123379407
time: 1801.0123360157013
preprocess_time: 0.051668
node: 16853
algo: ESFV