instance: K100.8.con.red
obj: 33.0
bound: 24.55932505838202
gap: 0.2557780285331031
time: 1800.9888639450073
preprocess_time: 0.072598
node: 25186
algo: RF