instance: K100.6.red
obj: 4.0
bound: 3.0000000000000004
gap: 0.2499999999999999
time: 5.5149619579315186
preprocess_time: 0.046563
sepa_time: 0.0
node: 298
formulation: LEFPD