instance: K100.9.red
obj: 3.0
bound: 3.0
gap: 0.0
time: 1.6275320053100586
preprocess_time: 0.050623
sepa_time: 1.6e-322
node: 1
formulation: LEVFP