instance: K100.4.con.red
obj: 22.0
bound: 19.0
gap: 0.13636363636363635
time: 3599.9411079883575
preprocess_time: 0.063495
node: 138944
formulation: EFP