instance: K100.10.red
obj: 133.0
bound: 133.0
gap: 0.0
time: 2275.2640209198
preprocess_time: 1.75141
sepa_time: 1.9368258067885428e14
node: 932096
formulation: LEFPAV