instance: K100.8.con.red
obj: 31.0
bound: 26.0
gap: 0.16129032258064516
time: 3599.9657180309296
preprocess_time: 0.05095
sepa_time: 0.0
node: 30593
formulation: EVFP