instance: K100.10.red
obj: 134.0
bound: 119.0
gap: 0.11194029850746269
time: 7199.956176042557
preprocess_time: 0.046601
sepa_time: 0.0
node: 2638816
formulation: EFP