instance: K100.1.red
obj: 40.0
bound: 31.846025106964746
gap: 0.20384937232537173
time: 1800.4905171394348
preprocess_time: 0.044435
node: 3228
formulation: EFPD