instance: K100.9.red
obj: 3.0
bound: 3.0
gap: 0.0
time: 0.7534761428833008
preprocess_time: 0.037938
sepa_time: 0.0
node: 1
formulation: EFP