instance: K100.con.red
obj: 35.999999750000406
bound: 21.088562815641446
gap: 0.4142065843852505
time: 1790.4834949970245
preprocess_time: 10.363613
node: 8302
algo: EFPV