instance: K100.3.con.red
obj: 200.0
bound: 199.0
gap: 0.005
time: 7199.96489906311
preprocess_time: 0.037124
sepa_time: 0.0
node: 2038775
formulation: LEVFP