instance: K100.con.red
obj: 9.0
bound: 5.999999999999994
gap: 0.33333333332963033
time: 1785.4268929958344
preprocess_time: 15.09445
node: 6924
algo: EFPV