instance: K100.1.red
obj: 41.0
bound: 39.999999999999986
gap: 0.02439024390237988
time: 1.8576738834381104
preprocess_time: 0.127714
node: 839
algo: SFD