instance: K100.con.red
obj: 9.0
bound: 5.717873409350036
gap: 0.3646807322903885
time: 1802.3428490161896
preprocess_time: 0.088308
node: 18698
algo: SF