instance: K100.7.red
obj: 23.0
bound: 21.0
gap: 0.08695652173913043
time: 3599.9401199817657
preprocess_time: 0.060913
node: 604946
formulation: LEFPI