instance: K100.con.red
obj: 9.0
bound: 5.455447314765641
gap: 0.39383918724388617
time: 1800.3189659118652
preprocess_time: 0.091055
node: 8789
algo: EVFP