instance: K100.con.red
obj: 34.0
bound: 19.55941271249625
gap: 0.42472315551356693
time: 1800.301031112671
preprocess_time: 0.061509
node: 6195
algo: EFPLg