instance: K100.4.con.red
obj: 4.0
bound: 4.0
gap: 0.0
time: 21.421049118041992
preprocess_time: 0.947908
sepa_time: 0.0
node: 252
formulation: LEFP