instance: K100.7.red
obj: 154.0
bound: 152.0
gap: 0.012987012987012988
time: 7199.007045984268
preprocess_time: 0.994059
sepa_time: 0.0
node: 2276991
formulation: LEFP