instance: K100.5.con.red
obj: 26.0
bound: 14.281514392199702
gap: 0.4507109849136626
time: 1800.4277081489563
preprocess_time: 0.064468
node: 4304
algo: EDF