instance: K100.5.con.red
obj: 198.0
bound: 176.0
gap: 0.1111111111111111
time: 7199.8376750946045
preprocess_time: 0.170009
sepa_time: 0.0
node: 1716851
formulation: EFP