instance: K100.9.red
obj: 3.0
bound: 3.0
gap: 0.0
time: 2.051492929458618
preprocess_time: 1.076245
sepa_time: 2.308168202287596e13
node: 1
formulation: LEFPAV