instance: K100.con.red
obj: 312.0
bound: 308.0
gap: 0.01282051282051282
time: 3598.693120956421
preprocess_time: 1.309366
sepa_time: 0.0
node: 897143
formulation: LEFPV