instance: K100.4.con.red
obj: 4.0
bound: 4.0
gap: 0.0
time: 4.717982769012451
preprocess_time: 0.050561
sepa_time: 0.0
node: 285
formulation: EFP