instance: K100.7.red
obj: 23.0
bound: 17.999996978618384
gap: 0.217391435711299
time: 1801.3709740638733
preprocess_time: 1.753009
node: 76157
algo: EFPV