instance: K100.5.con.red
obj: 24.0
bound: 16.22068696353497
gap: 0.32413804318469236
time: 2036.2409710884094
preprocess_time: 0.075251
node: 3767
algo: EFPD