instance: K100.2.red
obj: 4.0
bound: 2.9999999999999964
gap: 0.2499999999937509
time: 138.90984296798706
preprocess_time: 0.05612
node: 1509
formulation: EFPI