instance: K100.6.red
obj: 4.0
bound: 4.0
gap: 0.0
time: 7.82403302192688
preprocess_time: 0.036348
sepa_time: 0.0
node: 166
formulation: EFP