instance: K100.3.con.red
obj: 5.0
bound: 5.0
gap: 0.0
time: 0.5364978313446045
preprocess_time: 1.287648
sepa_time: 0.0
node: 1
formulation: LEFPAD