instance: K100.1.red
obj: 297.0
bound: 293.0
gap: 0.013468013468013467
time: 3599.9566349983215
preprocess_time: 0.045741
sepa_time: 0.0
node: 506650
formulation: LEVFP