instance: K100.9.red
obj: 3.0
bound: 3.0
gap: 0.0
time: 0.5931870937347412
preprocess_time: 1.177135
sepa_time: 0.0
node: 1
formulation: LEFPA