instance: K100.10.red
obj: 5.0
bound: 4.0
gap: 0.199999999996
time: 320.56057691574097
preprocess_time: 0.068806
node: 600
algo: EFPD