instance: K100.8.con.red
obj: 9.0
bound: 9.0
gap: 0.0
time: 2057.160784006119
preprocess_time: 1.715346
sepa_time: 0.0
node: 41269
formulation: LEFPAD