instance: K100.2.red
obj: 21.0
bound: 20.0
gap: 0.04761904761882087
time: 20.40331506729126
preprocess_time: 0.044693
node: 5068
formulation: LEFPDB