instance: K100.5.con.red
obj: 8.0
bound: 6.999999999999987
gap: 0.12499999999843917
time: 268.90182399749756
preprocess_time: 0.062287
node: 4232
formulation: LEFPD