instance: K100.4.con.red
obj: 23.0
bound: 21.0
gap: 0.08695652173913043
time: 3599.944468021393
preprocess_time: 0.061826
node: 58587
formulation: LEFPD