instance: K100.4.con.red
obj: 4.0
bound: 4.0
gap: 0.0
time: 5.800585985183716
preprocess_time: 1.025924
sepa_time: 0.0
node: 371
formulation: LEFPA