instance: K100.4.con.red
obj: 23.0
bound: 16.499999999999996
gap: 0.2826086956509454
time: 1796.2374160289764
preprocess_time: 5.27543
node: 19096
algo: EFPV