instance: K100.6.red
obj: 79.0
bound: 78.00000000000001
gap: 0.012658227848101085
time: 40.99671006202698
preprocess_time: 0.058253
sepa_time: 0.0
node: 14613
formulation: LEVFP