instance: K100.9.red
obj: 3.0
bound: 3.0
gap: 0.0
time: 2457.556123971939
preprocess_time: 0.045675
node: 30
formulation: EF