instance: K100.1.red
obj: 153.0
bound: 153.0
gap: 0.0
time: 0.051991939544677734
preprocess_time: 1.220734
sepa_time: 0.0
node: 1
formulation: LEFPAD