instance: K100.1.red
obj: 38.99999900000391
bound: 26.834677403287564
gap: 0.311931330990135
time: 1800.8439071178436
preprocess_time: 0.041436
node: 2710
formulation: EFP