instance: K100.7.red
obj: 0.0
bound: 0.0
gap: 0.0
time: 0.27135205268859863
preprocess_time: 0.045508
node: 0
algo: EVFP0