instance: K100.2.red
obj: 4.0
bound: 2.999999999999965
gap: 0.24999999999375877
time: 57.36581492424011
preprocess_time: 0.067228
node: 3805
formulation: LEFPI