instance: K100.6.red
obj: 4.0
bound: 4.0
gap: 0.0
time: 6.669437885284424
preprocess_time: 0.037352
sepa_time: 5.0e-324
node: 531
formulation: LEVFP