instance: K100.1.red
obj: 10.0
bound: 8.0
gap: 0.2
time: 3599.950672864914
preprocess_time: 0.051211
sepa_time: 6.91336029950344e-310
node: 13353
formulation: LEVFP