instance: K100.2.red
obj: 19.0
bound: 12.025141035935015
gap: 0.3670978402120145
time: 1865.2184429168701
preprocess_time: 1.836912
node: 1348
algo: EFPV