instance: K100.con.red
obj: 38.0
bound: 22.409939976787303
gap: 0.410264737451886
time: 1800.1998250484467
preprocess_time: 0.066545
node: 5262
algo: RF