instance: K100.3.con.red
org_node: 26
org_edge: 123
org_min_len: 0.015593762495002
org_avg_len: 0.15111009057820574
org_max_len: 1.0
dtf_node: 53
dtf_edge: 150
dtf_min_len: 5.3146144448366905e-5
dtf_avg_len: 0.12391027427412875
dtf_max_len: 1.0
sdb_node: 336
sdb_edge: 433
sdb_min_len: 0.015593762495002
sdb_avg_len: 0.04292503727741176
sdb_max_len: 0.04974979705087662
dlt: 0.049866329890807894
formulation: None