instance: K100.6.red
obj: 4.0
bound: 3.000000000000001
gap: 0.24999999999374978
time: 51.190706968307495
preprocess_time: 0.052968
node: 2645
algo: EFPLg