instance: K100.9.red
obj: 3.0
bound: 3.0
gap: 0.0
time: 19.770516872406006
preprocess_time: 0.059191
node: 768
formulation: EFP