instance: K100.4.con.red
obj: 185.0
bound: 185.0
gap: 0.0
time: 5669.587874174118
preprocess_time: 0.97435
sepa_time: 0.0
node: 1244194
formulation: LEFPAI