instance: K100.5.con.red
obj: 103.0
bound: 103.0
gap: 0.0
time: 0.03369402885437012
preprocess_time: 1.207742
sepa_time: 0.0
node: 0
formulation: LEFPA