instance: K100.9.red
obj: 118.0
bound: 118.0
gap: 0.0
time: 3626.208984851837
preprocess_time: 0.980962
sepa_time: 0.0
node: 2701788
formulation: LEFP