instance: K100.8.con.red
obj: 9.0
bound: 9.0
gap: 0.0
time: 2066.6985971927643
preprocess_time: 0.996862
sepa_time: 0.0
node: 62853
formulation: LEFPAI