instance: K100.9.red
obj: 3.0
bound: 3.0
gap: 0.0
time: 0.6145608425140381
preprocess_time: 0.061933
sepa_time: 0.0
node: 1
formulation: LEFPV2