instance: K100.1.red
obj: 10.0
bound: 9.0
gap: 0.1
time: 3599.949732065201
preprocess_time: 0.052536
node: 78819
formulation: LEFPI