instance: K100.10.red
obj: 5.0
bound: 5.0
gap: 0.0
time: 53.42859697341919
preprocess_time: 0.039318
sepa_time: 0.0
node: 3676
formulation: EFP