instance: K100.10.red
obj: 20.0
bound: 14.518824361427738
gap: 0.2740587819272428
time: 1801.3548069000244
preprocess_time: 0.081192
node: 43707
algo: SF