instance: K100.9.red
obj: 16.0
bound: 13.481481395386032
gap: 0.15740741278738923
time: 1802.0055708885193
preprocess_time: 0.037221
node: 35990
formulation: EFP