instance: K100.1.red
obj: 8.0
bound: 8.0
gap: 0.0
time: 216.1796669960022
preprocess_time: 1.336323
sepa_time: 0.0
node: 6862
formulation: LEFPA