instance: K100.4.con.red
obj: 4.0
bound: 4.0
gap: 0.0
time: 45.19892406463623
preprocess_time: 1.236562
sepa_time: 0.0
node: 1096
formulation: LEFP