instance: K100.8.con.red
obj: 10.0
bound: 8.99999999999999
gap: 0.09999999999900107
time: 266.8127489089966
preprocess_time: 0.065066
node: 9059
formulation: LEFPDB