instance: K100.9.red
obj: 118.0
bound: 118.0
gap: 0.0
time: 4750.045205831528
preprocess_time: 0.039018
sepa_time: 6.0e-323
node: 2602404
formulation: LEVFP