instance: K100.8.con.red
obj: 8.0
bound: 8.0
gap: 0.0
time: 67.719309091568
preprocess_time: 1.014156
sepa_time: 1.7457970207919734e14
node: 1254
formulation: LEFPAV