instance: K100.9.red
obj: 16.0
bound: 12.499999999999998
gap: 0.21874999999863295
time: 1003.7841899394989
preprocess_time: 797.261587
node: 16054
algo: EFPV2