instance: K100.4.con.red
obj: 4.0
bound: 4.0
gap: 0.0
time: 25.735208988189697
preprocess_time: 0.038522
sepa_time: 0.0
node: 946
formulation: EFP