instance: K100.3.con.red
obj: 7.0
bound: 7.0
gap: 0.0
time: 19.871164083480835
preprocess_time: 0.041057
sepa_time: 0.0
node: 720
formulation: EFP