instance: K100.2.red
obj: 106.0
bound: 105.0
gap: 0.009433962264150943
time: 3599.957515001297
preprocess_time: 0.043816
sepa_time: 0.0
node: 605344
formulation: LEFPD