instance: K100.10.red
obj: 22.000000000000004
bound: 21.000000000000004
gap: 0.045454545454338836
time: 4.0404651165008545
preprocess_time: 0.044846
node: 1248
formulation: LEFPDB