instance: K100.4.con.red
obj: 4.0
bound: 4.0
gap: 0.0
time: 930.3873889446259
preprocess_time: 0.060157
node: 1182
algo: EDF