instance: K100.8.con.red
obj: 10.0
bound: 6.000000000000002
gap: 0.39999999999599983
time: 1801.27028298378
preprocess_time: 0.062904
node: 13392
formulation: EVFP