instance: K100.2.red
obj: 18.0
bound: 14.438968480253951
gap: 0.19783508442923697
time: 1801.121136188507
preprocess_time: 0.090824
node: 47211
algo: RF