instance: K100.6.red
obj: 15.0
bound: 14.000000000000002
gap: 0.06666666666666655
time: 3244.0047471523285
preprocess_time: 0.058547
node: 706853
formulation: LEFPI