instance: K100.4.con.red
obj: 185.0
bound: 185.0
gap: 0.0
time: 4948.285723924637
preprocess_time: 1.036445
sepa_time: 1.3838294544638492e14
node: 1107337
formulation: LEFPAV