instance: K100.9.red
obj: 15.0
bound: 14.000000000000002
gap: 0.06666666666666655
time: 20.634382963180542
preprocess_time: 0.061757
node: 1176
formulation: LEFPI