instance: K100.7.red
obj: 4.0
bound: 4.0
gap: 0.0
time: 2.6248600482940674
preprocess_time: 1.316485
sepa_time: 0.0
node: 1
formulation: LEFPA