instance: K100.10.red
obj: 5.0
bound: 5.0
gap: 0.0
time: 41.64002585411072
preprocess_time: 0.971914
sepa_time: 0.0
node: 905
formulation: LEFPAD