instance: K100.3.con.red
obj: 24.0
bound: 15.999999854902114
gap: 0.3333333393776897
time: 1800.6292459964752
preprocess_time: 0.056747
node: 8975
algo: EFP