instance: K100.4.con.red
obj: 4.0
bound: 4.0
gap: 0.0
time: 70.66699886322021
preprocess_time: 0.053156
node: 3964
formulation: LEFPDB