instance: K100.10.red
obj: 5.0
bound: 4.000000000000001
gap: 0.19999999999999982
time: 3.2141330242156982
preprocess_time: 0.044956
node: 1
formulation: LEVFP