instance: K100.6.red
org_node: 22
org_edge: 64
org_min_len: 0.056771256132425084
org_avg_len: 0.3522479860057177
org_max_len: 1.0
dtf_node: 28
dtf_edge: 70
dtf_min_len: 0.027248635353982142
dtf_avg_len: 0.3220553014909418
dtf_max_len: 0.7044952675154634
sdb_node: 28
sdb_edge: 70
sdb_min_len: 0.027248635353982142
sdb_avg_len: 0.3220553014909418
sdb_max_len: 0.7044952675154634
dlt: 0.7044959720114354
algo: None