instance: K100.2.red
obj: 4.0
bound: 4.0
gap: 0.0
time: 4.363513946533203
preprocess_time: 1.273783
sepa_time: 0.0
node: 625
formulation: LEFPV2