instance: K100.1.red
obj: 297.0
bound: 294.0
gap: 0.010101010101010102
time: 7199.964293003082
preprocess_time: 0.038486
sepa_time: 0.0
node: 963086
formulation: LEVFP