instance: K100.7.red
obj: 4.0
bound: 4.0
gap: 0.0
time: 3.276262044906616
preprocess_time: 1.103601
sepa_time: 5.967714427082158e13
node: 1
formulation: LEFPAV