instance: K100.1.red
obj: 297.0
bound: 293.0
gap: 0.013468013468013467
time: 7198.663548946381
preprocess_time: 1.33905
sepa_time: 0.0
node: 1177833
formulation: LEFPV