instance: K100.7.red
obj: 4.0
bound: 2.999999999999984
gap: 0.249999999993754
time: 233.57376217842102
preprocess_time: 0.053495
node: 1701
algo: RF