instance: K100.5.con.red
obj: 7.0
bound: 6.000002051900952
gap: 0.1428568497284354
time: 188.0624439716339
preprocess_time: 1.053555
sepa_time: 1.3815820378790473e14
node: 28620
formulation: LEFPAV