instance: K100.10.red
obj: 133.0
bound: 133.0
gap: 0.0
time: 6317.042973995209
preprocess_time: 1.400787
sepa_time: 0.0
node: 2070949
formulation: LEFPA