instance: K100.6.red
obj: 4.0
bound: 4.0
gap: 0.0
time: 8.993342876434326
preprocess_time: 1.172022
sepa_time: 0.0
node: 780
formulation: LEFPAI