instance: K100.6.red
obj: 4.0
bound: 2.9999999999999996
gap: 0.2499999999937501
time: 2.4634950160980225
preprocess_time: 0.06936
node: 0
algo: ESFV