instance: K100.1.red
obj: 10.0
bound: 9.0
gap: 0.1
time: 3598.6581971645355
preprocess_time: 1.351171
sepa_time: 0.0
node: 64293
formulation: LEFP