instance: K100.9.red
obj: 3.0
bound: 3.0
gap: 0.0
time: 2.9811809062957764
preprocess_time: 1.236501
sepa_time: 0.0
node: 1
formulation: LEFPD