instance: K100.6.red
obj: 4.0
bound: 2.9999999999999947
gap: 0.24999999999375133
time: 4.696630954742432
preprocess_time: 1.816385
node: 43
algo: EFPV