instance: K100.7.red
obj: 4.0
bound: 4.0
gap: 0.0
time: 25.47260808944702
preprocess_time: 0.037696
sepa_time: 1.5e-323
node: 43
formulation: LEVFP