instance: K100.8.con.red
obj: 10.0
bound: 6.4258018101717305
gap: 0.35741981897925273
time: 1801.402352809906
preprocess_time: 0.081026
node: 15841
algo: ESF