instance: K100.con.red
obj: 38.0
bound: 29.366942162319233
gap: 0.22718573256994862
time: 3603.4478590488434
preprocess_time: 0.073295
node: 49986
formulation: LEFP