instance: K100.1.red
obj: 221.0
bound: 213.0
gap: 0.03619909502262444
time: 3599.953912973404
preprocess_time: 0.049076
sepa_time: 0.0
node: 86939
formulation: LEFPD