instance: K100.1.red
obj: 10.0
bound: 8.000000000000004
gap: 0.19999999999999965
time: 7199.958337068558
preprocess_time: 0.043736
sepa_time: 0.0
node: 29260
formulation: LEVFP