instance: K100.8.con.red
obj: 239.0
bound: 236.0
gap: 0.012552301255230125
time: 7199.084703922272
preprocess_time: 0.916454
sepa_time: 0.0
node: 2545638
formulation: LEFPV2