instance: K100.con.red
obj: 211.0
bound: 201.0
gap: 0.04739336492890995
time: 3599.9368481636047
preprocess_time: 0.064344
sepa_time: 0.0
node: 357834
formulation: LEFPI