instance: K100.con.red
obj: 312.0
bound: 308.0
gap: 0.01282051282051282
time: 7199.035306930542
preprocess_time: 0.966253
sepa_time: 0.0
node: 1829541
formulation: LEFP