instance: K100.8.con.red
obj: 9.0
bound: 9.0
gap: 0.0
time: 1297.762043952942
preprocess_time: 0.055628
sepa_time: 0.0
node: 28490
formulation: EFP