instance: K100.7.red
obj: 23.0
bound: 14.303697448800715
gap: 0.3781001109200641
time: 1801.5128028392792
preprocess_time: 0.072655
node: 18705
algo: EFP0