instance: K100.con.red
obj: 38.0
bound: 16.737882946078432
gap: 0.5595293961543583
time: 1800.1984729766846
preprocess_time: 0.051939
node: 5547
algo: EVFPV