instance: K100.5.con.red
obj: 25.0
bound: 14.741994886465651
gap: 0.4103202045397327
time: 1801.9956579208374
preprocess_time: 0.0645
node: 20491
formulation: EFP