instance: K100.1.red
obj: 11.0
bound: 6.169518561484918
gap: 0.4391346762246517
time: 1744.03675198555
preprocess_time: 56.601512
node: 1160
formulation: EFPV