instance: K100.2.red
obj: 142.0
bound: 142.0
gap: 0.0
time: 433.1194350719452
preprocess_time: 0.044216
sepa_time: 0.0
node: 111201
formulation: LEFPD