instance: K100.7.red
obj: 4.0
bound: 2.999999999999999
gap: 0.24999999999375022
time: 50.51749897003174
preprocess_time: 6.769797
node: 20
algo: EFPV