instance: K100.10.red
obj: 20.0
bound: 15.77692307692308
gap: 0.2111538461527903
time: 1801.7256660461426
preprocess_time: 0.05987
node: 65596
algo: ERF