instance: K100.4.con.red
obj: 4.0
bound: 2.999999999999999
gap: 0.24999999999375022
time: 677.0158259868622
preprocess_time: 0.057919
node: 1584
formulation: LEVFP