instance: K100.4.con.red
obj: 4.0
bound: 4.0
gap: 0.0
time: 9.033671855926514
preprocess_time: 1.194357
sepa_time: 0.0
node: 111
formulation: LEFPA