instance: K100.2.red
obj: 19.0
bound: 14.196585393692768
gap: 0.25281129506747113
time: 1801.6392710208893
preprocess_time: 0.093338
node: 37534
algo: EVFPL