instance: K100.7.red
obj: 23.0
bound: 13.961076661569727
gap: 0.3929966668865641
time: 1801.4307870864868
preprocess_time: 0.085707
node: 13292
algo: EVFP0