instance: K100.5.con.red
obj: 138.0
bound: 136.0000000000001
gap: 0.014492753623187582
time: 3599.9571220874786
preprocess_time: 0.044486
sepa_time: 0.0
node: 648098
formulation: LEFPV2