instance: K100.3.con.red
obj: 201.0
bound: 181.0
gap: 0.09950248756218906
time: 3599.9276559352875
preprocess_time: 0.077334
sepa_time: 0.0
node: 734487
formulation: EFP