instance: K100.4.con.red
obj: 22.0
bound: 20.0
gap: 0.09090909090909091
time: 3599.9368889331818
preprocess_time: 0.06425
node: 120215
formulation: LEFPI