instance: K100.5.con.red
obj: 196.0
bound: 194.0
gap: 0.01020408163265306
time: 7198.720324039459
preprocess_time: 1.281315
sepa_time: 0.0
node: 1991625
formulation: LEFP