instance: K100.3.con.red
obj: 24.0
bound: 14.688871892645228
gap: 0.3879636711381657
time: 1801.6228218078613
preprocess_time: 0.050697
node: 18353
algo: ERF