instance: K100.5.con.red
obj: 196.0
bound: 193.0
gap: 0.015306122448979591
time: 3599.9664809703827
preprocess_time: 0.035207
sepa_time: 0.0
node: 977052
formulation: LEFPV