instance: K100.1.red
obj: 10.0
bound: 8.0
gap: 0.2
time: 7199.9462258815765
preprocess_time: 0.058563
sepa_time: 0.0
node: 26681
formulation: LEVFP