instance: K100.2.red
obj: 4.0
bound: 2.9999999999999964
gap: 0.2499999999937509
time: 99.87711501121521
preprocess_time: 0.046337
node: 1509
algo: EFPLg