instance: K100.4.con.red
org_node: 29
org_edge: 113
org_min_len: 0.0337626609978742
org_avg_len: 0.3062571030508121
org_max_len: 1.0
dtf_node: 53
dtf_edge: 137
dtf_min_len: 0.0058503502180109745
dtf_avg_len: 0.2526062236842464
dtf_max_len: 1.0
sdb_node: 309
sdb_edge: 393
sdb_min_len: 0.0337626609978742
sdb_avg_len: 0.0880586581291139
sdb_max_len: 0.10091284231586845
dlt: 0.101064844006768
formulation: None