instance: K100.7.red
obj: 23.0
bound: 17.556693021934155
gap: 0.23666552078444256
time: 1802.4976170063019
preprocess_time: 0.058742
node: 42750
formulation: LEVFP