instance: K100.8.con.red
obj: 9.0
bound: 9.0
gap: 0.0
time: 2161.7418489456177
preprocess_time: 1.641821
sepa_time: 0.0
node: 62853
formulation: LEFPAI