instance: K100.3.con.red
obj: 7.0
bound: 7.0
gap: 0.0
time: 4.285539150238037
preprocess_time: 0.980396
sepa_time: 0.0
node: 1
formulation: LEFPAI