instance: K100.8.con.red
obj: 9.0
bound: 8.000000000000002
gap: 0.11111111111111091
time: 863.5003991127014
preprocess_time: 0.041263
sepa_time: 0.0
node: 13785
formulation: EFP