instance: K100.6.red
obj: 4.0
bound: 4.0
gap: 0.0
time: 670.7977478504181
preprocess_time: 0.025974
sepa_time: 0.0
node: 1
formulation: EF