instance: K100.3.con.red
obj: 26.0
bound: 24.0
gap: 0.07692307692278107
time: 3604.9733741283417
preprocess_time: 0.070457
node: 39853
formulation: LEFP