instance: K100.3.con.red
obj: 7.0
bound: 7.0
gap: 0.0
time: 4.442868947982788
preprocess_time: 1.023693
sepa_time: 1.3855498083817607e13
node: 1
formulation: LEFPAV