instance: K100.con.red
org_node: 45
org_edge: 191
org_min_len: 0.005256011563225439
org_avg_len: 0.26402549028016237
org_max_len: 1.0
dtf_node: 55
dtf_edge: 201
dtf_min_len: 0.005256011563225439
dtf_avg_len: 0.2508898937488109
dtf_max_len: 0.5280504525093441
sdb_node: 55
sdb_edge: 201
sdb_min_len: 0.005256011563225439
sdb_avg_len: 0.2508898937488109
sdb_max_len: 0.5280504525093441
dlt: 0.5280509805603247
formulation: None