instance: K100.10.red
obj: 5.0
bound: 5.0
gap: 0.0
time: 57.047845125198364
preprocess_time: 1.000685
sepa_time: 0.0
node: 925
formulation: LEFP