instance: K100.1.red
obj: 10.0
bound: 8.999999999999986
gap: 0.09999999999900142
time: 811.0394508838654
preprocess_time: 0.050686
node: 2796
formulation: LEFPD