instance: K100.7.red
obj: 103.0
bound: 0.0
gap: 1.0
time: 7201.333348035812
preprocess_time: 0.025877
sepa_time: 0.0
node: 1
formulation: EF