instance: K100.2.red
obj: 4.0
bound: 4.0
gap: 0.0
time: 2.159000873565674
preprocess_time: 1.175261
sepa_time: 0.0
node: 94
formulation: LEFPAI