instance: K100.10.red
obj: 133.0
bound: 132.0000000000002
gap: 0.007518796992479707
time: 7199.954713106155
preprocess_time: 0.046932
sepa_time: 6.9121569497398e-310
node: 2177616
formulation: LEVFP