instance: K100.1.red
obj: 8.0
bound: 8.0
gap: 0.0
time: 247.78693199157715
preprocess_time: 1.330524
sepa_time: 0.0
node: 3475
formulation: LEFPAI