instance: K100.6.red
obj: 109.0
bound: 98.0
gap: 0.10091743119266056
time: 7199.951313972473
preprocess_time: 0.053834
sepa_time: 0.0
node: 1979802
formulation: EFP