instance: K100.2.red
obj: 18.0
bound: 17.0
gap: 0.05555555555555555
time: 3599.9563019275665
preprocess_time: 0.045487
node: 261043
formulation: LEFPV