instance: K100.con.red
obj: 313.0
bound: 298.0
gap: 0.04792332268370607
time: 3599.7107667922974
preprocess_time: 0.303684
sepa_time: 0.0
node: 31169
formulation: EVFP