instance: K100.2.red
obj: 4.0
bound: 4.0
gap: 0.0
time: 2.3680520057678223
preprocess_time: 0.045074
sepa_time: 0.0
node: 238
formulation: EFP