instance: K100.7.red
obj: 29.0
bound: 28.0
gap: 0.03448275862057075
time: 6.481887102127075
preprocess_time: 0.061182
node: 509
formulation: LEFPD