instance: K100.8.con.red
obj: 241.0
bound: 228.0
gap: 0.05394190871369295
time: 3599.8730590343475
preprocess_time: 0.138222
sepa_time: 6.9191152603504e-310
node: 95720
formulation: EVFP