instance: K100.7.red
obj: 158.0
bound: 157.0
gap: 0.006329113924050633
time: 7198.6893010139465
preprocess_time: 1.312712
sepa_time: 0.0
node: 984537
formulation: LEFPD