instance: K100.1.red
obj: 12.0
bound: 6.0815429643830266
gap: 0.4932047529639711
time: 1800.383414030075
preprocess_time: 0.082659
node: 5044
algo: SF