instance: K100.3.con.red
obj: 1.0
bound: 0.0
gap: 0.9999999999
time: 1.834855079650879
preprocess_time: 0.090562
node: 0
algo: EVFPV