instance: K100.con.red
obj: 36.0
bound: 17.404892270292606
gap: 0.516530770268215
time: 1800.5453350543976
preprocess_time: 0.093997
node: 5742
algo: EVFP0