instance: K100.9.red
obj: 16.0
bound: 12.499999999999988
gap: 0.21874999999863362
time: 939.9411311149597
preprocess_time: 860.788985
node: 7385
formulation: EFPV2