instance: K100.4.con.red
obj: 4.0
bound: 4.0
gap: 0.0
time: 38.291918992996216
preprocess_time: 0.046431
sepa_time: 0.0
node: 952
formulation: LEFPI