instance: K100.con.red
obj: 9.0
bound: 5.6796429449987125
gap: 0.36892856166271054
time: 1800.5533120632172
preprocess_time: 0.183486
node: 17173
algo: EVFPL