instance: K100.1.red
obj: 10.0
bound: 6.4343521761055085
gap: 0.3565647823858835
time: 1800.590257883072
preprocess_time: 0.107693
node: 4492
formulation: EFP