instance: K100.5.con.red
obj: 23.0
bound: 19.0
gap: 0.17391304347826086
time: 3599.9541618824005
preprocess_time: 0.049318
node: 63866
formulation: EFP