instance: K100.7.red
obj: 103.0
bound: 0.0
gap: 1.0
time: 3602.7995748519897
preprocess_time: 0.046972
sepa_time: 0.0
node: 1
formulation: EF