instance: K100.2.red
obj: 137.0
bound: 136.00000000000003
gap: 0.007299270072992493
time: 241.71712803840637
preprocess_time: 0.897272
sepa_time: 0.0
node: 122730
formulation: LEFP