instance: K100.4.con.red
obj: 4.0
bound: 4.0
gap: 0.0
time: 578.7900130748749
preprocess_time: 0.058634
node: 940
formulation: EFPD