instance: K100.9.red
obj: 3.0
bound: 3.0
gap: 0.0
time: 1.615342140197754
preprocess_time: 0.058608
node: 1
formulation: LEVFP