instance: K100.7.red
obj: 4.0
bound: 3.0000000000000004
gap: 0.2499999999937499
time: 40.5940420627594
preprocess_time: 0.083225
node: 481
algo: ESF