instance: K100.2.red
obj: 99.0
bound: 97.00000000000011
gap: 0.020202020202019055
time: 3599.9561309814453
preprocess_time: 0.044709
sepa_time: 0.0
node: 1139390
formulation: LEFPI