instance: K100.con.red
obj: 9.0
bound: 5.999999999999999
gap: 0.3333333333296297
time: 3601.8335609436035
preprocess_time: 0.159677
node: 31892
formulation: LEFPDB