instance: K100.3.con.red
obj: 26.0
bound: 24.61560416795211
gap: 0.053245993540098666
time: 3603.9964401721954
preprocess_time: 0.069282
node: 83401
formulation: LEFPDB