instance: K100.4.con.red
obj: 126.0
bound: 122.0
gap: 0.031746031746031744
time: 3599.9565398693085
preprocess_time: 0.044028
sepa_time: 0.0
node: 641781
formulation: LEFPI