instance: K100.1.red
obj: 41.0
bound: 19.450038661331362
gap: 0.5256088131369775
time: 1800.0585460662842
preprocess_time: 0.087101
node: 2807
algo: SF