instance: K100.8.con.red
obj: 9.0
bound: 6.9571854383294776
gap: 0.22697939573864717
time: 1785.1345131397247
preprocess_time: 15.877848
node: 9345
algo: EFPV