instance: K100.con.red
obj: 9.0
bound: 7.000000000000003
gap: 0.22222222222222193
time: 3599.93577003479
preprocess_time: 0.066054
sepa_time: 0.0
node: 155002
formulation: LEFPI