instance: K100.6.red
obj: 108.0
bound: 107.0
gap: 0.009259259259259259
time: 3599.941668987274
preprocess_time: 0.058882
sepa_time: 0.0
node: 1316727
formulation: LEFPI