instance: K100.9.red
obj: 118.0
bound: 118.0
gap: 0.0
time: 4552.493942975998
preprocess_time: 1.312928
sepa_time: 0.0
node: 2491323
formulation: LEFPA