instance: K100.6.red
obj: 18.0
bound: 16.99999999999995
gap: 0.05555555555524968
time: 122.17591881752014
preprocess_time: 0.059163
node: 24095
formulation: LEFPI