instance: K100.1.red
obj: 38.0
bound: 24.245094545568925
gap: 0.36197119616828627
time: 1801.185170173645
preprocess_time: 0.040771
node: 6051
formulation: EFPI