instance: K100.9.red
obj: 15.0
bound: 13.999999999999906
gap: 0.0666666666662285
time: 1135.349259853363
preprocess_time: 0.183434
node: 24784
algo: EVFPL