instance: K100.1.red
obj: 297.0
bound: 293.0
gap: 0.013468013468013467
time: 7198.744176864624
preprocess_time: 1.257407
sepa_time: 4.5737774204804625e14
node: 1261875
formulation: LEFPAV