instance: K100.10.red
obj: 1.0
bound: 0.0
gap: 0.9999999999
time: 1.3739149570465088
preprocess_time: 0.045987
node: 510
algo: EVFPV