instance: K100.2.red
obj: 4.0
bound: 3.0000000000000004
gap: 0.2499999999999999
time: 1.7157809734344482
preprocess_time: 0.04523
node: 55
formulation: LEFPI