instance: K100.2.red
obj: 21.0
bound: 20.0
gap: 0.04761904761882087
time: 0.11364603042602539
preprocess_time: 0.111372
node: 0
algo: SFD