instance: K100.9.red
obj: 15.0
bound: 13.999999999999996
gap: 0.06666666666622247
time: 1632.6444239616394
preprocess_time: 0.063044
node: 24717
formulation: EFPD