instance: K100.4.con.red
obj: 4.0
bound: 4.0
gap: 0.0
time: 15.57113003730774
preprocess_time: 1.039926
sepa_time: 3.680920118376254e13
node: 249
formulation: LEFPAV