instance: K100.1.red
obj: 10.0
bound: 6.374999999999999
gap: 0.3624999999963751
time: 1800.564504146576
preprocess_time: 0.073048
node: 1418
algo: ESFV