instance: K100.1.red
obj: 38.0
bound: 24.26717536767504
gap: 0.3613901219023374
time: 1800.6816878318787
preprocess_time: 0.072706
node: 6436
algo: EFPLg