instance: K100.10.red
obj: 5.0
bound: 5.0
gap: 0.0
time: 36.600152015686035
preprocess_time: 1.196864
sepa_time: 0.0
node: 883
formulation: LEFPA