instance: K100.5.con.red
obj: 7.0
bound: 6.000000000000001
gap: 0.14285714285714274
time: 38.45878887176514
preprocess_time: 0.0461
sepa_time: 0.0
node: 1382
formulation: LEFPI