instance: K100.5.con.red
obj: 197.0
bound: 186.0
gap: 0.05583756345177665
time: 3599.907751083374
preprocess_time: 0.102016
sepa_time: 0.0
node: 57821
formulation: EVFP