instance: K100.10.red
obj: 91.99999999073484
bound: 89.0
gap: 0.032608695554749566
time: 3599.956619977951
preprocess_time: 0.04451
sepa_time: 0.0
node: 946128
formulation: LEFP