instance: K100.8.con.red
obj: 8.0
bound: 8.0
gap: 0.0
time: 113.23988699913025
preprocess_time: 1.770416
sepa_time: 0.0
node: 769
formulation: LEFPAD