instance: K100.8.con.red
obj: 240.0
bound: 228.0
gap: 0.05
time: 7199.822719097137
preprocess_time: 0.18877
sepa_time: 0.0
node: 246348
formulation: EVFP