instance: K100.3.con.red
obj: 201.0
bound: 179.0
gap: 0.10945273631840796
time: 7199.880717992783
preprocess_time: 0.123976
sepa_time: 0.0
node: 1741102
formulation: EFP