instance: K100.10.red
org_node: 27
org_edge: 78
org_min_len: 0.03149536520090038
org_avg_len: 0.35755803781007145
org_max_len: 1.0
dtf_node: 35
dtf_edge: 86
dtf_min_len: 0.008870389482639851
dtf_avg_len: 0.3242968249905303
dtf_max_len: 0.7151153605040672
sdb_node: 35
sdb_edge: 86
sdb_min_len: 0.008870389482639851
sdb_avg_len: 0.3242968249905303
sdb_max_len: 0.7151153605040672
dlt: 0.7151160756201429
algo: None