instance: K100.5.con.red
obj: 7.0
bound: 6.000000000000001
gap: 0.14285714285714274
time: 44.40799808502197
preprocess_time: 0.063328
node: 1384
formulation: LEFPI