instance: K100.4.con.red
obj: 23.0
bound: 14.753332707160116
gap: 0.3585507518610448
time: 1801.5845789909363
preprocess_time: 0.075425
node: 12915
algo: EFP0