instance: K100.3.con.red
obj: 22.0
bound: 20.0
gap: 0.09090909090909091
time: 3599.9610590934753
preprocess_time: 0.04959
sepa_time: 1.5e-323
node: 13028
formulation: EVFP