instance: K100.1.red
obj: 10.0
bound: 8.000000000000004
gap: 0.19999999999999965
time: 7199.958746910095
preprocess_time: 0.044852
sepa_time: 1.5e-323
node: 28637
formulation: LEVFP