instance: K100.1.red
obj: 36.0
bound: 34.0
gap: 0.05555555555555555
time: 3599.9574689865112
preprocess_time: 0.049069
node: 82183
formulation: LEVFP