instance: K100.1.red
org_node: 42
org_edge: 185
org_min_len: 0.010911904730677928
org_avg_len: 0.20345427857329967
org_max_len: 1.0
dtf_node: 66
dtf_edge: 209
dtf_min_len: 0.002410708402953557
dtf_avg_len: 0.18009110782804053
dtf_max_len: 1.0
sdb_node: 694
sdb_edge: 837
sdb_min_len: 0.010911904730677928
sdb_avg_len: 0.04496898630353703
sdb_max_len: 0.050854459847600564
dlt: 0.05086356964332492
formulation: None