instance: K100.2.red
obj: 4.0
bound: 4.0
gap: 0.0
time: 32.016160011291504
preprocess_time: 0.03889
sepa_time: 0.0
node: 764
formulation: LEVFP