instance: K100.con.red
obj: 9.0
bound: 5.810487136649313
gap: 0.35439031814613864
time: 1800.4063901901245
preprocess_time: 0.040267
node: 3120
formulation: EFPD