instance: K100.4.con.red
obj: 26.0
bound: 14.21618887728325
gap: 0.4532235047181319
time: 1800.481528043747
preprocess_time: 0.051727
node: 5872
algo: ESF