instance: K100.8.con.red
obj: 9.0
bound: 6.0
gap: 0.3333333333296296
time: 1801.0151989459991
preprocess_time: 0.056749
node: 10600
algo: EVFP