instance: K100.7.red
obj: 4.0
bound: 3.0000000000000004
gap: 0.2499999999999999
time: 5.180417060852051
preprocess_time: 0.064078
sepa_time: 0.0
node: 486
formulation: LEFPI