instance: K100.2.red
obj: 71.0
bound: 71.0
gap: 0.0
time: 0.004807949066162109
preprocess_time: 0.999521
sepa_time: 0.0
node: 1
formulation: LEFPAV