instance: K100.5.con.red
obj: 7.0
bound: 7.0
gap: 0.0
time: 33.41829299926758
preprocess_time: 0.048192
node: 1279
formulation: LEFPV