instance: K100.2.red
obj: 4.0
bound: 4.0
gap: 0.0
time: 9.082433938980103
preprocess_time: 4.139988
node: 54
algo: EFPV