instance: K100.1.red
obj: 11.0
bound: 9.999999999999995
gap: 0.09090909090826495
time: 0.9957590103149414
preprocess_time: 0.091207
node: 0
algo: SFD