instance: K100.8.con.red
obj: 11.0
bound: 5.855684462584892
gap: 0.4676650488516674
time: 1800.5722908973694
preprocess_time: 0.054939
node: 1063
algo: EFPD