instance: K100.7.red
obj: 4.0
bound: 4.0
gap: 0.0
time: 31.490654945373535
preprocess_time: 0.089426
node: 136
algo: EFPD