instance: K100.10.red
obj: 84.0
bound: 0.0
gap: 1.0
time: 3600.1974289417267
preprocess_time: 0.028719
sepa_time: 0.0
node: 1
formulation: EF