instance: K100.10.red
obj: 137.0
bound: 133.0
gap: 0.029197080291970802
time: 3599.9569129943848
preprocess_time: 0.044239
sepa_time: 0.0
node: 459069
formulation: LEFPD