instance: K100.10.red
obj: 5.0
bound: 4.000000000000001
gap: 0.19999999999999982
time: 18.876446962356567
preprocess_time: 1.233353
sepa_time: 0.0
node: 808
formulation: LEFPV