instance: K100.4.con.red
obj: 4.0
bound: 4.0
gap: 0.0
time: 49.99289417266846
preprocess_time: 0.936095
sepa_time: 0.0
node: 1879
formulation: LEFP