instance: K100.1.red
obj: 39.99999999999986
bound: 23.335305777966408
gap: 0.4166173555497962
time: 1800.713900089264
preprocess_time: 0.069369
node: 3123
formulation: EVFP