instance: K100.4.con.red
obj: 23.0
bound: 17.176470357408324
gap: 0.253196940981146
time: 1801.480390071869
preprocess_time: 0.036946
node: 30134
formulation: LEVFP