instance: K100.5.con.red
obj: 7.0
bound: 7.0
gap: 0.0
time: 31.46761202812195
preprocess_time: 0.041462
sepa_time: 0.0
node: 1128
formulation: EFP