instance: K100.6.red
obj: 4.0
bound: 4.0
gap: 0.0
time: 737.2939300537109
preprocess_time: 0.045925
node: 1
formulation: EF