instance: K100.con.red
obj: 9.0
bound: 7.000000000000002
gap: 0.22222222222222202
time: 7199.094600915909
preprocess_time: 0.911859
sepa_time: 0.0
node: 128554
formulation: LEFPD