instance: K100.con.red
obj: 38.999999666666824
bound: 19.58242205240973
gap: 0.4978866097479341
time: 1800.2347860336304
preprocess_time: 0.107926
node: 4861
algo: F0