instance: K100.10.red
obj: 5.0
bound: 4.000000000000001
gap: 0.19999999999999982
time: 16.158185958862305
preprocess_time: 0.04511
sepa_time: 0.0
node: 808
formulation: LEFPV2