instance: K100.10.red
obj: 133.0
bound: 133.0
gap: 0.0
time: 3130.260875940323
preprocess_time: 0.955686
sepa_time: 0.0
node: 1189196
formulation: LEFPA