instance: K100.9.red
obj: 0.0
bound: 0.0
gap: 0.0
time: 0.4050939083099365
preprocess_time: 0.084897
node: 0
algo: EVFP