instance: K100.10.red
obj: 5.0
bound: 3.999999999999999
gap: 0.19999999999600018
time: 126.61768794059753
preprocess_time: 0.064388
node: 1308
algo: EFPLg