instance: K100.7.red
obj: 23.0
bound: 13.985430358020714
gap: 0.39193781051913446
time: 1800.4436709880829
preprocess_time: 0.081414
node: 15489
algo: SF