instance: K100.2.red
obj: 21.0
bound: 19.999999999999915
gap: 0.047619047618824926
time: 273.5341558456421
preprocess_time: 0.055065
node: 26163
formulation: LEFP