instance: K100.9.red
obj: 118.0
bound: 106.0
gap: 0.1016949152542373
time: 3599.690924882889
preprocess_time: 0.314157
sepa_time: 0.0
node: 1217748
formulation: EFP