instance: K100.6.red
obj: 16.0
bound: 9.236512869146537
gap: 0.4227179456756995
time: 1605.6562769412994
preprocess_time: 276.1287
node: 4410
algo: EFPV2