instance: K100.2.red
obj: 4.0
bound: 4.0
gap: 0.0
time: 386.66583490371704
preprocess_time: 0.036959
node: 1592
formulation: EFPD