instance: K100.2.red
obj: 137.0
bound: 137.0
gap: 0.0
time: 2281.7219698429108
preprocess_time: 1.25551
sepa_time: 0.0
node: 414546
formulation: LEFPAD