instance: K100.8.con.red
obj: 32.000000000003475
bound: 20.640033191883518
gap: 0.35499896275260073
time: 1801.3518900871277
preprocess_time: 0.069602
node: 15189
formulation: EVFP