instance: K100.con.red
obj: 8.0
bound: 8.0
gap: 0.0
time: 1609.6376640796661
preprocess_time: 0.041202
sepa_time: 0.0
node: 82642
formulation: EFP