instance: K100.2.red
obj: 4.0
bound: 2.9999999999999987
gap: 0.24999999999375033
time: 55.83854103088379
preprocess_time: 0.062437
node: 1215
formulation: LEVFP