instance: K100.4.con.red
obj: 23.0
bound: 14.639481022750036
gap: 0.3635008250962441
time: 1801.5187418460846
preprocess_time: 0.057046
node: 16974
formulation: EFP