instance: K100.4.con.red
obj: 122.0
bound: 0.0
gap: 1.0
time: 3604.994621038437
preprocess_time: 0.036599
sepa_time: 0.0
node: 1
formulation: EF