instance: K100.1.red
obj: 11.0
bound: 5.999922790312201
gap: 0.4545524736038494
time: 1800.5479459762573
preprocess_time: 0.056108
node: 724
algo: ESF