instance: K100.10.red
obj: 84.0
bound: 0.0
gap: 1.0
time: 3600.168550014496
preprocess_time: 0.03435
sepa_time: 4.243991582e-314
node: 1
formulation: EF