instance: K100.con.red
obj: 9.0
bound: 7.000000000000007
gap: 0.22222222222222143
time: 7198.9873559474945
preprocess_time: 1.017351
sepa_time: 3.911040212360502e13
node: 375895
formulation: LEFPAV