instance: K100.5.con.red
obj: 7.0
bound: 7.0
gap: 0.0
time: 33.45739984512329
preprocess_time: 1.204066
sepa_time: 0.0
node: 1452
formulation: LEFPA