instance: K100.10.red
obj: 19.0
bound: 16.21428571428571
gap: 0.14661654135261193
time: 1801.3258628845215
preprocess_time: 0.06061
node: 41723
algo: ERF