instance: K100.4.con.red
obj: 189.0
bound: 167.0
gap: 0.1164021164021164
time: 3599.9242219924927
preprocess_time: 0.080503
sepa_time: 0.0
node: 908501
formulation: EFP