instance: K100.7.red
obj: 23.0
bound: 21.0
gap: 0.08695652173913043
time: 3599.944007873535
preprocess_time: 0.059394
node: 330328
formulation: LEVFP