instance: K100.6.red
obj: 15.0
bound: 11.985114275851705
gap: 0.20099238160854638
time: 1800.9257218837738
preprocess_time: 0.114125
node: 89997
algo: F