instance: K100.9.red
obj: 15.0
bound: 14.000000000000009
gap: 0.06666666666666607
time: 23.950937032699585
preprocess_time: 0.059646
node: 1558
formulation: LEFP