instance: K100.5.con.red
obj: 148.0
bound: 144.0
gap: 0.02702702702702703
time: 3599.9574449062347
preprocess_time: 0.044296
sepa_time: 0.0
node: 225721
formulation: LEFPD