instance: K100.3.con.red
obj: 7.0
bound: 5.999999999999978
gap: 0.1428571428551052
time: 578.2084338665009
preprocess_time: 0.066091
node: 3286
algo: EFPLg