instance: K100.2.red
obj: 59.0
bound: 13.0
gap: 0.7796610169478311
time: 3606.427172899246
preprocess_time: 0.037223
node: 0
formulation: EF