instance: K100.9.red
obj: 3.0
bound: 1.9999999999999998
gap: 0.3333333333222223
time: 3.3286099433898926
preprocess_time: 0.061238
node: 20
formulation: EFP