instance: K100.5.con.red
obj: 196.0
bound: 194.0
gap: 0.01020408163265306
time: 7198.748568058014
preprocess_time: 1.253074
sepa_time: 0.0
node: 2032668
formulation: LEFP