instance: K100.con.red
obj: 9.0
bound: 5.708707063535054
gap: 0.36569921515870846
time: 1802.8999400138855
preprocess_time: 0.08227
node: 17181
algo: F