instance: K100.1.red
obj: 124.0
bound: 21.78017599673374
gap: 0.8243534193805148
time: 1800.3902189731598
preprocess_time: 0.070238
node: 764
algo: EDF