instance: K100.8.con.red
obj: 9.0
bound: 7.134383556972195
gap: 0.20729071588967507
time: 1800.6110260486603
preprocess_time: 0.068374
node: 9753
algo: ERF