instance: K100.9.red
obj: 16.0
bound: 14.0
gap: 0.125
time: 3602.995672941208
preprocess_time: 0.04951
node: 4330
formulation: EF