instance: K100.9.red
obj: 3.0
bound: 3.0
gap: 0.0
time: 0.6743919849395752
preprocess_time: 1.230415
sepa_time: 0.0
node: 1
formulation: LEFPAI