instance: K100.4.con.red
obj: 4.0
bound: 4.0
gap: 0.0
time: 12.461780071258545
preprocess_time: 0.039155
sepa_time: 0.0
node: 1307
formulation: EFP