instance: K100.10.red
obj: 4.999999999999918
bound: 4.999999999999918
gap: 0.0
time: 28.503625869750977
preprocess_time: 1.223384
sepa_time: 0.0
node: 810
formulation: LEFPAI