instance: K100.2.red
obj: 18.0
bound: 17.0
gap: 0.05555555555555555
time: 3599.957106113434
preprocess_time: 0.045804
sepa_time: 0.0
node: 132817
formulation: EVFP