instance: K100.3.con.red
obj: 7.0
bound: 7.0
gap: 0.0
time: 7.270254850387573
preprocess_time: 0.965173
sepa_time: 0.0
node: 142
formulation: LEFP