instance: K100.9.red
obj: 3.0
bound: 2.0000000000000004
gap: 0.3333333333222221
time: 19.683247089385986
preprocess_time: 0.079365
node: 563
algo: ESF