instance: K100.10.red
obj: 5.0
bound: 3.9999999999999534
gap: 0.19999999999600931
time: 308.0490050315857
preprocess_time: 0.072206
node: 3240
algo: EVFPL