instance: K100.3.con.red
org_node: 26
org_edge: 123
org_min_len: 0.015593762495002
org_avg_len: 0.15111009057820574
org_max_len: 1.0
dtf_node: 29
dtf_edge: 126
dtf_min_len: 0.015593762495002
dtf_avg_len: 0.1475122312787247
dtf_max_len: 1.0
sdb_node: 40
sdb_edge: 137
sdb_min_len: 0.015203293997700373
sdb_avg_len: 0.1356681835118198
sdb_max_len: 0.3022198789362303
dlt: 0.30222018115641147
formulation: None