instance: K100.con.red
obj: 313.0
bound: 306.0
gap: 0.022364217252396165
time: 3599.9415051937103
preprocess_time: 0.06102
sepa_time: 0.0
node: 979441
formulation: LEFPV2