instance: K100.6.red
obj: 18.0
bound: 16.9999999999999
gap: 0.05555555555525245
time: 538.7381629943848
preprocess_time: 0.059726
node: 99564
formulation: LEFP