instance: K100.con.red
obj: 211.0
bound: 202.0
gap: 0.04265402843601896
time: 3599.9373490810394
preprocess_time: 0.066077
sepa_time: 0.0
node: 199077
formulation: LEVFP