instance: K100.10.red
obj: 5.0
bound: 4.0
gap: 0.199999999996
time: 6.201061010360718
preprocess_time: 0.043205
node: 260
algo: ESFV