instance: K100.4.con.red
obj: 4.0
bound: 4.0
gap: 0.0
time: 542.88414311409
preprocess_time: 0.052656
node: 1182
algo: EFPD