instance: K100.6.red
obj: 4.0
bound: 3.0000000000000004
gap: 0.2499999999999999
time: 1.8930549621582031
preprocess_time: 0.058985
node: 46
formulation: EFP