instance: K100.6.red
obj: 15.0
bound: 14.0
gap: 0.06666666666666667
time: 782.2818779945374
preprocess_time: 0.059053
node: 66727
formulation: LEVFP