instance: K100.1.red
obj: 8.0
bound: 8.0
gap: 0.0
time: 323.864609003067
preprocess_time: 1.020114
sepa_time: 1.3855344942465537e13
node: 9639
formulation: LEFPAV