instance: K100.5.con.red
obj: 196.0
bound: 194.0
gap: 0.01020408163265306
time: 7199.028831958771
preprocess_time: 0.972194
sepa_time: 0.0
node: 1983029
formulation: LEFPA