instance: K100.4.con.red
org_node: 29
org_edge: 113
org_min_len: 0.0337626609978742
org_avg_len: 0.3062571030508121
org_max_len: 1.0
dtf_node: 45
dtf_edge: 129
dtf_min_len: 0.00013956471303953888
dtf_avg_len: 0.2682717259282308
dtf_max_len: 1.0
sdb_node: 423
sdb_edge: 507
sdb_min_len: 0.0337626609978742
sdb_avg_len: 0.06825848647878077
sdb_max_len: 0.0765236963861448
dlt: 0.07656427576270303
formulation: None