instance: K100.con.red
obj: 8.0
bound: 8.0
gap: 0.0
time: 1772.4421799182892
preprocess_time: 0.90359
sepa_time: 0.0
node: 55427
formulation: LEFPV2