instance: K100.5.con.red
obj: 24.0
bound: 15.80595653720793
gap: 0.34141847761491373
time: 1801.0613181591034
preprocess_time: 0.098596
node: 14779
algo: RF