instance: K100.5.con.red
obj: 24.0
bound: 15.386348765601804
gap: 0.3589021347650961
time: 1789.613492012024
preprocess_time: 12.174203
node: 21089
formulation: EFPV