instance: K100.1.red
obj: 10.0
bound: 9.0
gap: 0.1
time: 7198.717884063721
preprocess_time: 1.292126
sepa_time: 0.0
node: 153925
formulation: LEFP