instance: K100.8.con.red
obj: 9.0
bound: 8.000000000000002
gap: 0.11111111111111091
time: 383.6230821609497
preprocess_time: 0.063198
node: 8810
formulation: LEFPI