instance: K100.con.red
obj: 36.0
bound: 17.411897703904398
gap: 0.5163361748901102
time: 1800.339644908905
preprocess_time: 0.097103
node: 7113
algo: EVFP