instance: K100.8.con.red
obj: 35.0
bound: 22.6428647646801
gap: 0.353061006722417
time: 1836.8509907722473
preprocess_time: 0.089316
node: 2517
algo: EFPD