instance: K100.5.con.red
obj: 7.0
bound: 7.0
gap: 0.0
time: 47.21866512298584
preprocess_time: 1.207691
sepa_time: 0.0
node: 1035
formulation: LEFPA