instance: K100.8.con.red
obj: 31.0
bound: 26.0
gap: 0.16129032258064516
time: 3599.9377150535583
preprocess_time: 0.06459
node: 72266
formulation: LEFPI