instance: K100.con.red
obj: 8.0
bound: 7.000000000000001
gap: 0.12499999999999989
time: 3352.7867908477783
preprocess_time: 0.051839
node: 148847
formulation: LEFPI