instance: K100.7.red
obj: 23.0
bound: 15.981020350106814
gap: 0.30517302825489867
time: 3610.149150133133
preprocess_time: 0.062417
node: 132080
formulation: EFP