instance: K100.7.red
obj: 4.0
bound: 4.0
gap: 0.0
time: 25.351199865341187
preprocess_time: 0.040184
sepa_time: 6.92979499333775e-310
node: 43
formulation: LEVFP