instance: K100.3.con.red
obj: 7.0
bound: 5.999999999999998
gap: 0.1428571428551023
time: 184.1115369796753
preprocess_time: 0.052978
node: 1569
algo: ERF