instance: K100.2.red
obj: 137.0
bound: 136.0000070939229
gap: 0.007299218292533553
time: 408.5460250377655
preprocess_time: 1.354289
sepa_time: 0.0
node: 171559
formulation: LEFPV2