instance: K100.9.red
obj: 1.0
bound: 0.0
gap: 0.9999999999
time: 1.2781460285186768
preprocess_time: 0.074888
node: 30
algo: EVFPV