instance: K100.6.red
obj: 15.0
bound: 11.731617761212718
gap: 0.21789214925103287
time: 1520.067664861679
preprocess_time: 283.163302
node: 63975
algo: EFPV2