instance: K100.7.red
org_node: 25
org_edge: 93
org_min_len: 0.020502792468482883
org_avg_len: 0.2815857327886185
org_max_len: 1.0
dtf_node: 37
dtf_edge: 105
dtf_min_len: 0.010507304488737046
dtf_avg_len: 0.24940450618420493
dtf_max_len: 0.5631709024057714
sdb_node: 37
sdb_edge: 105
sdb_min_len: 0.010507304488737046
sdb_avg_len: 0.24940450618420493
sdb_max_len: 0.5631709024057714
dlt: 0.563171465577237
algo: None