instance: K100.1.red
obj: 40.0
bound: 28.781538448590926
gap: 0.2804615387845257
time: 1793.549073934555
preprocess_time: 7.107951
node: 2159
formulation: EFPV