instance: K100.8.con.red
obj: 12.0
bound: 6.095394335535772
gap: 0.49205047203458524
time: 1800.2351739406586
preprocess_time: 0.087248
node: 1891
algo: EDF