instance: K100.2.red
obj: 18.0
bound: 12.9324689454108
gap: 0.2815295030311693
time: 1801.5115249156952
preprocess_time: 0.038499
node: 29545
formulation: EVFP