instance: K100.10.red
obj: 5.0
bound: 4.000000000000001
gap: 0.19999999999599982
time: 30.323302030563354
preprocess_time: 0.046003
node: 1065
algo: EFP0