instance: K100.1.red
obj: 36.0
bound: 28.881355242858653
gap: 0.1977401321422659
time: 1801.1911401748657
preprocess_time: 0.086009
node: 10967
algo: EVFPL