instance: K100.4.con.red
obj: 126.0
bound: 123.0
gap: 0.023809523809523808
time: 3599.955547094345
preprocess_time: 0.045953
sepa_time: 0.0
node: 523894
formulation: LEFPV