instance: K100.6.red
obj: 108.0
bound: 108.0
gap: 0.0
time: 300.92446994781494
preprocess_time: 0.037638
sepa_time: 0.0
node: 138860
formulation: LEVFP