instance: K100.5.con.red
obj: 7.0
bound: 7.0
gap: 0.0
time: 298.84349298477173
preprocess_time: 1.32891
sepa_time: 0.0
node: 17057
formulation: LEFPAI