instance: K100.10.red
obj: 5.0
bound: 3.9999999999999982
gap: 0.19999999999600035
time: 237.37478709220886
preprocess_time: 0.064739
node: 2015
algo: EVFPV