instance: K100.3.con.red
obj: 7.0
bound: 7.0
gap: 0.0
time: 6.375488996505737
preprocess_time: 0.959492
sepa_time: 1.3870865287824707e13
node: 51
formulation: LEFPV