instance: K100.3.con.red
obj: 141.0
bound: 139.0
gap: 0.014184397163120567
time: 3599.954512119293
preprocess_time: 0.047847
sepa_time: 0.0
node: 189340
formulation: LEFPD