instance: K100.5.con.red
obj: 7.0
bound: 5.999999999999964
gap: 0.14285714285510726
time: 486.94577503204346
preprocess_time: 0.062344
node: 16891
formulation: EFP