instance: K100.3.con.red
obj: 200.0
bound: 199.0
gap: 0.005
time: 7198.535748004913
preprocess_time: 1.465859
sepa_time: 0.0
node: 2086942
formulation: LEFPA