instance: K100.3.con.red
obj: 7.0
bound: 6.0
gap: 0.14285714285510204
time: 6.026180028915405
preprocess_time: 0.105874
node: 480
algo: EVFPL