instance: K100.con.red
obj: 1.0
bound: 0.0
gap: 0.9999999999
time: 1.9714338779449463
preprocess_time: 0.088296
node: 0
algo: EVFP0