instance: K100.7.red
obj: 4.0
bound: 4.0
gap: 0.0
time: 1.4003901481628418
preprocess_time: 3.802615
node: 0
algo: EFPV