instance: K100.7.red
obj: 103.0
bound: 0.0
gap: 1.0
time: 3602.803530931473
preprocess_time: 0.036382
sepa_time: 0.0
node: 1
formulation: EF