instance: K100.2.red
obj: 4.0
bound: 2.999999999999999
gap: 0.24999999999375022
time: 5.126973867416382
preprocess_time: 0.07189
node: 552
algo: EFP0