instance: K100.9.red
obj: 4.0
bound: 1.0
gap: 0.75
time: 7200.139644861221
preprocess_time: 0.03021
sepa_time: 0.0
node: 1
formulation: EF