instance: K100.10.red
obj: 58.0
bound: 58.0
gap: 0.0
time: 0.021700143814086914
preprocess_time: 1.004176
sepa_time: 0.0
node: 1
formulation: LEFPAD