instance: K100.4.con.red
obj: 5.0
bound: 5.0
gap: 0.0
time: 0.20149993896484375
preprocess_time: 0.087894
node: 15
algo: SFD