instance: K100.9.red
obj: 17.0
bound: 11.999999999999998
gap: 0.29411764705709353
time: 1910.5218060016632
preprocess_time: 1.778358
node: 6406
algo: EFPV