instance: K100.3.con.red
obj: 200.0
bound: 199.0
gap: 0.005
time: 7198.719335079193
preprocess_time: 1.281955
sepa_time: 0.0
node: 2270376
formulation: LEFPA