instance: K100.5.con.red
obj: 24.0
bound: 21.05098717880678
gap: 0.12287553421587226
time: 3605.0274670124054
preprocess_time: 0.063792
node: 102316
formulation: LEFP