instance: K100.2.red
obj: 139.0
bound: 123.0
gap: 0.11510791366906475
time: 7199.943972826004
preprocess_time: 0.060735
sepa_time: 0.0
node: 2616921
formulation: EFP