instance: K100.8.con.red
obj: 0.0
bound: 0.0
gap: 0.0
time: 1.012415885925293
preprocess_time: 0.087826
node: 0
algo: EVFP