instance: K100.2.red
obj: 18.0
bound: 17.0
gap: 0.05555555555555555
time: 3599.9550909996033
preprocess_time: 0.047427
sepa_time: 0.0
node: 260661
formulation: LEFPV2