instance: K100.con.red
obj: 323.0
bound: 313.0
gap: 0.030959752321981424
time: 3599.938054084778
preprocess_time: 0.06499
sepa_time: 0.0
node: 252112
formulation: LEFPD