instance: K100.3.con.red
obj: 208.0
bound: 206.0
gap: 0.009615384615384616
time: 3599.955085992813
preprocess_time: 0.047026
sepa_time: 0.0
node: 819833
formulation: LEFPD