instance: K100.5.con.red
obj: 7.0
bound: 7.0
gap: 0.0
time: 37.10965299606323
preprocess_time: 0.910423
sepa_time: 0.0
node: 1403
formulation: LEFPV