instance: K100.7.red
obj: 23.0
bound: 21.0
gap: 0.08695652173913043
time: 3599.942838907242
preprocess_time: 0.060257
node: 631127
formulation: LEFP