instance: K100.3.con.red
obj: 7.0
bound: 6.0
gap: 0.14285714285510204
time: 9.355926990509033
preprocess_time: 0.110233
node: 480
formulation: LEVFP