instance: K100.4.con.red
obj: 4.0
bound: 4.0
gap: 0.0
time: 1013.7752530574799
preprocess_time: 0.085337
node: 8117
algo: EFP0