instance: K100.9.red
obj: 3.0
bound: 3.0
gap: 0.0
time: 2.772336006164551
preprocess_time: 1.242753
sepa_time: 0.0
node: 195
formulation: LEFPA