instance: K100.2.red
obj: 18.0
bound: 13.225946257352948
gap: 0.26522520792336274
time: 1801.03595495224
preprocess_time: 0.066192
node: 20690
algo: EVFP0