instance: K100.6.red
obj: 4.0
bound: 2.9999999999999996
gap: 0.2499999999937501
time: 34.57080006599426
preprocess_time: 0.034895
node: 579
formulation: EVFP