instance: K100.9.red
obj: 118.0
bound: 117.00000202059678
gap: 0.008474559147484902
time: 2472.4915080070496
preprocess_time: 1.389708
sepa_time: 0.0
node: 1451043
formulation: LEFPV