instance: K100.10.red
obj: 5.0
bound: 4.000000000000001
gap: 0.19999999999999982
time: 57.5870258808136
preprocess_time: 1.149874
sepa_time: 0.0
node: 1440
formulation: LEFPD