instance: K100.1.red
obj: 10.0
bound: 9.0
gap: 0.1
time: 7199.0167689323425
preprocess_time: 0.98457
sepa_time: 0.0
node: 131721
formulation: LEFPAI