instance: K100.con.red
obj: 313.0
bound: 307.0
gap: 0.019169329073482427
time: 7198.361036062241
preprocess_time: 1.642222
sepa_time: 0.0
node: 443299
formulation: LEFPAD