instance: K100.5.con.red
obj: 7.0
bound: 7.0
gap: 0.0
time: 46.835569858551025
preprocess_time: 0.051243
sepa_time: 5.0e-324
node: 1119
formulation: EVFP