instance: K100.2.red
obj: 139.0
bound: 124.0
gap: 0.1079136690647482
time: 3599.9370481967926
preprocess_time: 0.066672
sepa_time: 0.0
node: 1002109
formulation: EFP