instance: K100.8.con.red
obj: 32.0
bound: 22.304508602348093
gap: 0.3029841061756752
time: 1801.2606971263885
preprocess_time: 0.061316
node: 21980
algo: RF