instance: K100.2.red
obj: 18.999999748054826
bound: 14.62881932391971
gap: 0.23006213063553438
time: 1800.8619260787964
preprocess_time: 0.083246
node: 40374
algo: F0