instance: K100.5.con.red
obj: 24.0
bound: 14.343442639389291
gap: 0.4023565566904364
time: 1801.2150008678436
preprocess_time: 0.04038
node: 15218
formulation: EFPI