instance: K100.9.red
obj: 20.0
bound: 12.0
gap: 0.399999999998
time: 1802.1730771064758
preprocess_time: 0.041281
node: 536
formulation: EF