instance: K100.7.red
obj: 23.0
bound: 14.335151090148884
gap: 0.37673256129623667
time: 1800.3708469867706
preprocess_time: 0.090049
node: 15173
algo: EVFPV