instance: K100.3.con.red
obj: 23.0
bound: 20.0
gap: 0.13043478260869565
time: 3599.951489210129
preprocess_time: 0.050045
node: 119154
formulation: LEFPI