instance: K100.3.con.red
obj: 24.0
bound: 14.947845111796758
gap: 0.37717312034023026
time: 1800.6517679691315
preprocess_time: 0.090655
node: 10098
algo: ESF