instance: K100.7.red
obj: 89.0
bound: 17.0
gap: 0.8089887640440349
time: 3617.1524600982666
preprocess_time: 0.050858
node: 99
formulation: EF