instance: K100.5.con.red
obj: 24.0
bound: 15.386348765601804
gap: 0.3589021347650961
time: 1797.2828290462494
preprocess_time: 4.170324
node: 19382
algo: EFPV