instance: K100.7.red
obj: 25.0
bound: 24.000000000000004
gap: 0.03999999999983986
time: 0.06997489929199219
preprocess_time: 0.112657
node: 0
algo: SFD