instance: K100.1.red
obj: 41.99999998269534
bound: 22.964174711872975
gap: 0.4532339352052405
time: 1806.568768978119
preprocess_time: 0.112802
node: 7076
algo: F