instance: K100.4.con.red
obj: 188.0
bound: 168.0
gap: 0.10638297872340426
time: 3599.922180891037
preprocess_time: 0.081802
sepa_time: 0.0
node: 875443
formulation: EFP