instance: K100.5.con.red
obj: 7.0
bound: 5.999999999999949
gap: 0.14285714285510928
time: 1555.075856924057
preprocess_time: 0.086462
node: 20997
algo: F