instance: K100.7.red
obj: 4.0
bound: 4.0
gap: 0.0
time: 1.85011887550354
preprocess_time: 0.898207
sepa_time: 0.0
node: 1
formulation: LEFP