instance: K100.10.red
obj: 135.0
bound: 119.0
gap: 0.11851851851851852
time: 7199.904199838638
preprocess_time: 0.099138
sepa_time: 0.0
node: 3107678
formulation: EFP