instance: K100.6.red
obj: 4.0
bound: 3.0
gap: 0.24999999999375
time: 21.227611780166626
preprocess_time: 0.077613
node: 1121
algo: ERF