instance: K100.10.red
obj: 19.0
bound: 18.000000000000004
gap: 0.05263157894736823
time: 2125.9637660980225
preprocess_time: 0.045462
node: 322786
formulation: LEFPI