instance: K100.4.con.red
obj: 4.0
bound: 4.0
gap: 0.0
time: 782.5069899559021
preprocess_time: 0.06637
node: 7423
algo: EVFPV