instance: K100.6.red
obj: 108.0
bound: 108.0
gap: 0.0
time: 973.0024831295013
preprocess_time: 0.953947
sepa_time: 0.0
node: 649425
formulation: LEFPAI