instance: K100.2.red
obj: 4.0
bound: 4.0
gap: 0.0
time: 6873.10125207901
preprocess_time: 0.026211
sepa_time: 0.0
node: 1
formulation: EF