instance: K100.con.red
obj: 312.0
bound: 308.0
gap: 0.01282051282051282
time: 7198.968417167664
preprocess_time: 1.033199
sepa_time: 3.044109663690405e14
node: 1513337
formulation: LEFPAV