instance: K100.1.red
obj: 11.0
bound: 6.167989766257463
gap: 0.4392736576089645
time: 1800.303871870041
preprocess_time: 0.086187
node: 6895
algo: F