instance: K100.9.red
obj: 16.0
bound: 12.999999999999998
gap: 0.18749999999882827
time: 1800.813854932785
preprocess_time: 0.076897
node: 29592
algo: SF