instance: K100.2.red
obj: 4.0
bound: 4.0
gap: 0.0
time: 6.9115309715271
preprocess_time: 0.944415
sepa_time: 0.0
node: 304
formulation: LEFPD