instance: K100.5.con.red
obj: 204.0
bound: 200.0
gap: 0.0196078431372549
time: 3598.6976840496063
preprocess_time: 1.304668
sepa_time: 0.0
node: 454497
formulation: LEFPD