instance: K100.8.con.red
obj: 239.0
bound: 236.0
gap: 0.012552301255230125
time: 7199.093142986298
preprocess_time: 0.908881
sepa_time: 0.0
node: 2564754
formulation: LEFPV