instance: K100.10.red
obj: 19.0
bound: 15.17072505934944
gap: 0.20154078634896874
time: 1801.8442990779877
preprocess_time: 0.057291
node: 57996
formulation: LEVFP