instance: K100.7.red
obj: 154.0
bound: 151.0
gap: 0.01948051948051948
time: 7199.098566055298
preprocess_time: 0.902945
sepa_time: 0.0
node: 863622
formulation: LEFPD