instance: K100.4.con.red
obj: 4.0
bound: 4.0
gap: 0.0
time: 30.481313943862915
preprocess_time: 1.230256
sepa_time: 0.0
node: 683
formulation: LEFPI