instance: K100.5.con.red
obj: 8.0
bound: 5.68293677221317
gap: 0.28963290346973336
time: 1800.5520479679108
preprocess_time: 0.05151
node: 3828
algo: EFPD