instance: K100.1.red
obj: 10.0
bound: 9.0
gap: 0.1
time: 3598.698231935501
preprocess_time: 1.313311
sepa_time: 0.0
node: 46814
formulation: LEFPV