instance: K100.10.red
obj: 20.0
bound: 13.55877641818139
gap: 0.32206117908932025
time: 1801.0573089122772
preprocess_time: 0.062074
node: 13685
algo: EFPD