instance: K100.5.con.red
obj: 24.0
bound: 15.98085493684128
gap: 0.33413104429688784
time: 1802.869364976883
preprocess_time: 0.126064
node: 21877
algo: RF