instance: K100.1.red
obj: 300.0
bound: 271.0
gap: 0.09666666666666666
time: 3599.808790922165
preprocess_time: 0.200819
sepa_time: 0.0
node: 348697
formulation: EFP