instance: K100.con.red
obj: 38.0
bound: 18.80136853507427
gap: 0.5052271438125054
time: 1800.5061810016632
preprocess_time: 0.089937
node: 4048
algo: EFP