instance: K100.8.con.red
obj: 9.0
bound: 6.875054654601131
gap: 0.23610503837502872
time: 1800.9664289951324
preprocess_time: 0.092389
node: 20589
algo: EFPLg