instance: K100.10.red
obj: 24.0
bound: 23.0
gap: 0.04166666666649306
time: 0.05797410011291504
preprocess_time: 0.11077
node: 0
algo: SFD