instance: K100.6.red
obj: 4.0
bound: 2.999999999999998
gap: 0.24999999999375055
time: 83.0973551273346
preprocess_time: 0.081709
node: 664
algo: EVFP0