instance: K100.con.red
obj: 8.0
bound: 8.0
gap: 0.0
time: 3627.191404104233
preprocess_time: 0.966258
sepa_time: 0.0
node: 128650
formulation: LEFP