instance: K100.1.red
obj: 10.0
bound: 9.0
gap: 0.1
time: 7198.8098821640015
preprocess_time: 1.198727
sepa_time: 0.0
node: 49591
formulation: LEFPAD