instance: K100.1.red
obj: 10.0
bound: 9.0
gap: 0.1
time: 7199.014405965805
preprocess_time: 0.99133
sepa_time: 0.0
node: 104907
formulation: LEFP