instance: K100.4.con.red
obj: 4.0
bound: 4.0
gap: 0.0
time: 49.645161867141724
preprocess_time: 1.174798
sepa_time: 0.0
node: 1188
formulation: LEFPV