instance: K100.2.red
obj: 4.0
bound: 4.0
gap: 0.0
time: 125.16157722473145
preprocess_time: 0.071292
node: 2492
algo: ESF