instance: K100.6.red
obj: 4.0
bound: 4.0
gap: 0.0
time: 8.303423881530762
preprocess_time: 0.037497
sepa_time: 0.0
node: 531
formulation: LEVFP