instance: K100.10.red
obj: 20.0
bound: 15.000000000000004
gap: 0.24999999999874983
time: 1187.13125705719
preprocess_time: 615.12856
node: 28293
algo: EFPV2