instance: K100.2.red
obj: 71.0
bound: 71.0
gap: 0.0
time: 0.07069993019104004
preprocess_time: 1.229198
sepa_time: 0.0
node: 1
formulation: LEFPAD