instance: K100.2.red
obj: 19.0
bound: 15.99999984415903
gap: 0.1578947450434306
time: 1801.6160960197449
preprocess_time: 0.068454
node: 43639
algo: RF