instance: K100.6.red
obj: 108.0
bound: 108.0
gap: 0.0
time: 325.16453099250793
preprocess_time: 1.195896
sepa_time: 0.0
node: 194159
formulation: LEFPA