instance: K100.1.red
obj: 297.9999998814542
bound: 283.0
gap: 0.05033557009201765
time: 3599.6520190238953
preprocess_time: 0.353478
sepa_time: 0.0
node: 24873
formulation: EVFP