instance: K100.9.red
obj: 3.0
bound: 3.0
gap: 0.0
time: 1.641624927520752
preprocess_time: 0.06044
sepa_time: 1.1e-322
node: 1
formulation: LEVFP