instance: K100.5.con.red
obj: 7.0
bound: 5.999999999999975
gap: 0.1428571428551056
time: 832.3512880802155
preprocess_time: 12.558241
node: 3241
algo: EFPV