instance: K100.2.red
obj: 18.0
bound: 13.999999999999991
gap: 0.22222222222098817
time: 1801.3110618591309
preprocess_time: 0.046966
node: 24000
algo: ERF