instance: K100.9.red
obj: 86.0
bound: 85.0
gap: 0.011627906976744186
time: 3599.945281982422
preprocess_time: 0.059102
sepa_time: 0.0
node: 1457530
formulation: LEFPI