instance: K100.4.con.red
obj: 4.0
bound: 2.9999999999999973
gap: 0.24999999999375067
time: 793.2088930606842
preprocess_time: 0.06208
node: 10306
formulation: LEFPI