instance: K100.con.red
obj: 35.0
bound: 18.498682163488063
gap: 0.471466223898994
time: 1800.3919100761414
preprocess_time: 0.061181
node: 2567
algo: ESF