instance: K100.4.con.red
obj: 185.0
bound: 185.0
gap: 0.0
time: 4398.98699092865
preprocess_time: 0.956086
sepa_time: 0.0
node: 1154680
formulation: LEFPA