instance: K100.con.red
obj: 8.0
bound: 7.000000000000001
gap: 0.12499999999999989
time: 2061.246124982834
preprocess_time: 0.055233
sepa_time: 6.93970706637616e-310
node: 20070
formulation: LEVFP