instance: K100.5.con.red
obj: 7.0
bound: 7.0
gap: 0.0
time: 92.23815298080444
preprocess_time: 1.258182
sepa_time: 0.0
node: 2017
formulation: LEFPAD