instance: K100.10.red
obj: 5.0
bound: 5.0
gap: 0.0
time: 41.976141929626465
preprocess_time: 1.317727
sepa_time: 0.0
node: 883
formulation: LEFPA