instance: K100.10.red
obj: 20.0
bound: 15.348888888888892
gap: 0.23255555555439264
time: 1801.6169028282166
preprocess_time: 0.078995
node: 55537
algo: RF