instance: K100.5.con.red
obj: 23.0
bound: 15.810462897725536
gap: 0.31258856966274806
time: 3603.7586278915405
preprocess_time: 0.064709
node: 42665
formulation: EFP