instance: K100.7.red
obj: 4.0
bound: 4.0
gap: 0.0
time: 18.033012866973877
preprocess_time: 1.070108
sepa_time: 3.2211733048978133e13
node: 104
formulation: LEFPAV