instance: K100.1.red
obj: 8.0
bound: 8.0
gap: 0.0
time: 238.5124249458313
preprocess_time: 1.233294
sepa_time: 0.0
node: 2949
formulation: LEFPAD