instance: K100.4.con.red
obj: 24.0
bound: 17.244834406395825
gap: 0.2814652330656679
time: 1986.3464789390564
preprocess_time: 0.075353
node: 2165
algo: EFPD