instance: K100.9.red
obj: 3.0
bound: 2.0
gap: 0.3333333333222222
time: 6.155041933059692
preprocess_time: 0.100708
node: 70
algo: EVFPL