instance: K100.2.red
obj: 137.0
bound: 137.0
gap: 0.0
time: 447.57127594947815
preprocess_time: 1.73165
sepa_time: 0.0
node: 159589
formulation: LEFPA