instance: K100.9.red
obj: 118.0
bound: 118.0
gap: 0.0
time: 3322.8612990379333
preprocess_time: 1.22926
sepa_time: 7.837513488614545e13
node: 2487645
formulation: LEFPAV