instance: K100.10.red
obj: 50.0
bound: 14.000000000000002
gap: 0.71999999999856
time: 1962.422012090683
preprocess_time: 0.035662
node: 216
algo: EF