instance: K100.7.red
obj: 4.0
bound: 2.9999999999999982
gap: 0.24999999999375044
time: 398.67549109458923
preprocess_time: 0.070154
node: 1388
algo: SF