instance: K100.8.con.red
obj: 32.0
bound: 19.246721301423772
gap: 0.3985399593292617
time: 1801.1320779323578
preprocess_time: 0.069964
node: 24938
algo: ERF