instance: K100.3.con.red
obj: 7.0
bound: 5.999999999999904
gap: 0.14285714285511575
time: 578.1956791877747
preprocess_time: 0.04615
node: 2704
algo: EVFPV