instance: K100.1.red
obj: 12.0
bound: 5.941631189373207
gap: 0.5048640675480256
time: 1800.3657310009003
preprocess_time: 0.066828
node: 507
algo: EDF