instance: K100.9.red
obj: 3.0
bound: 2.0
gap: 0.3333333333222222
time: 16.753082990646362
preprocess_time: 0.045116
node: 760
algo: EVFPV