instance: K100.1.red
obj: 10.0
bound: 9.0
gap: 0.1
time: 7198.812783956528
preprocess_time: 1.193709
sepa_time: 1.770776
node: 187540
formulation: LEFPAV