instance: K100.9.red
obj: 15.0
bound: 13.999999999999906
gap: 0.0666666666662285
time: 999.8795781135559
preprocess_time: 0.060951
node: 24784
formulation: LEVFP