instance: K100.3.con.red
obj: 0.0
bound: 0.0
gap: 0.0
time: 1.5918710231781006
preprocess_time: 0.069865
node: 0
algo: EVFP0