instance: K100.2.red
obj: 4.0
bound: 4.0
gap: 0.0
time: 1.9004509449005127
preprocess_time: 1.004276
sepa_time: 2.769475748469847e13
node: 1
formulation: LEFPAV