instance: K100.con.red
obj: 9.0
bound: 7.0
gap: 0.2222222222222222
time: 7198.672737121582
preprocess_time: 1.336844
sepa_time: 0.0
node: 108524
formulation: LEFPAD