instance: K100.1.red
obj: 44.0
bound: 18.326902779266742
gap: 0.5834794822880661
time: 1800.3868520259857
preprocess_time: 0.071678
node: 1173
algo: EVFPV