instance: K100.3.con.red
obj: 1.0
bound: 0.0
gap: 0.9999999999
time: 12.657610893249512
preprocess_time: 0.093006
node: 486
algo: EVFPV