instance: K100.7.red
obj: 23.0
bound: 14.169953523776972
gap: 0.38391506418194077
time: 1801.1358740329742
preprocess_time: 0.049424
node: 19840
algo: ESF