instance: K100.1.red
obj: 10.0
bound: 9.0
gap: 0.1
time: 7199.960662841797
preprocess_time: 0.045301
sepa_time: 0.0
node: 206674
formulation: EFP