instance: K100.9.red
org_node: 22
org_edge: 70
org_min_len: 0.015330788804071247
org_avg_len: 0.29202517266448563
org_max_len: 1.0
dtf_node: 35
dtf_edge: 83
dtf_min_len: 0.005478300022264626
dtf_avg_len: 0.24628629019896378
dtf_max_len: 1.0
sdb_node: 56
sdb_edge: 104
sdb_min_len: 0.015330788804071247
sdb_avg_len: 0.19655540467801916
sdb_max_len: 0.2857241306191688
dlt: 0.29202517266448563
formulation: None