instance: K100.3.con.red
obj: 7.0
bound: 5.99999999999998
gap: 0.14285714285510495
time: 199.10847806930542
preprocess_time: 0.069394
node: 2146
formulation: EFP