instance: K100.7.red
obj: 4.0
bound: 2.999999999999999
gap: 0.24999999999375022
time: 3.851292848587036
preprocess_time: 0.04598
node: 110
algo: ERF