instance: K100.1.red
obj: 10.0
bound: 6.061990833088827
gap: 0.3938009166871793
time: 1801.0078411102295
preprocess_time: 0.108434
node: 4624
formulation: EVFP