instance: K100.5.con.red
obj: 140.0
bound: 127.0
gap: 0.09285714285714286
time: 3599.933315038681
preprocess_time: 0.070404
sepa_time: 0.0
node: 609219
formulation: EFP