instance: K100.9.red
obj: 118.0
bound: 118.0
gap: 0.0
time: 5928.322951078415
preprocess_time: 1.240457
sepa_time: 0.0
node: 2235047
formulation: LEFP