instance: K100.2.red
obj: 89.0
bound: 1.0
gap: 0.9887640449438202
time: 3600.2161009311676
preprocess_time: 0.034573
node: 1
formulation: EF