instance: K100.8.con.red
obj: 1.0
bound: 0.0
gap: 0.9999999999
time: 15.742424964904785
preprocess_time: 0.173882
node: 989
algo: EVFPV