instance: K100.2.red
obj: 99.0
bound: 98.0
gap: 0.010101010101010102
time: 3599.954680919647
preprocess_time: 0.046624
sepa_time: 0.0
node: 1164407
formulation: LEFPV