instance: K100.9.red
obj: 4.0
bound: 1.0
gap: 0.75
time: 3600.2387149333954
preprocess_time: 0.04478
node: 1
formulation: EF