instance: K100.7.red
obj: 4.0
bound: 4.0
gap: 0.0
time: 2.61838698387146
preprocess_time: 5.811737
node: 0
algo: EFPV