instance: K100.6.red
obj: 15.0
bound: 12.023134495908286
gap: 0.1984577002714579
time: 1801.3701219558716
preprocess_time: 0.082007
node: 56789
algo: EFP