instance: K100.10.red
obj: 19.0
bound: 18.0
gap: 0.05263157894736842
time: 3599.957008123398
preprocess_time: 0.044988
node: 447645
formulation: EFP