instance: K100.10.red
obj: 133.0
bound: 132.0000023971996
gap: 0.007518778968423996
time: 3167.586014032364
preprocess_time: 1.015282
sepa_time: 0.0
node: 1317268
formulation: LEFP