instance: K100.3.con.red
obj: 7.0
bound: 5.999999999999996
gap: 0.14285714285510268
time: 67.74398994445801
preprocess_time: 0.085969
node: 347
algo: ESFV