instance: K100.9.red
obj: 15.0
bound: 14.000000000000004
gap: 0.06666666666666643
time: 39.59114408493042
preprocess_time: 0.058746
node: 3770
formulation: EFP