instance: K100.4.con.red
obj: 4.0
bound: 4.0
gap: 0.0
time: 151.50233387947083
preprocess_time: 0.103664
node: 1539
algo: RF