instance: K100.1.red
obj: 10.0
bound: 8.0
gap: 0.2
time: 3599.9554858207703
preprocess_time: 0.047375
sepa_time: 6.94174416343245e-310
node: 13898
formulation: EVFP