instance: K100.6.red
obj: 4.0
bound: 3.0000000000000013
gap: 0.24999999999999967
time: 2.826195001602173
preprocess_time: 0.048832
sepa_time: 6.903892877495e-310
node: 111
formulation: EVFP