instance: K100.1.red
obj: 297.0
bound: 294.0
gap: 0.010101010101010102
time: 7199.951900005341
preprocess_time: 0.050953
sepa_time: 0.0
node: 913105
formulation: LEVFP