instance: K100.2.red
obj: 4.0
bound: 4.0
gap: 0.0
time: 3.517554998397827
preprocess_time: 0.037456
sepa_time: 0.0
node: 86
formulation: EFP