instance: K100.4.con.red
obj: 185.0
bound: 184.0
gap: 0.005405405405405406
time: 3599.0953369140625
preprocess_time: 0.905651
sepa_time: 0.0
node: 973661
formulation: LEFP