instance: K100.8.con.red
org_node: 43
org_edge: 144
org_min_len: 0.019638154128020155
org_avg_len: 0.21276098324363515
org_max_len: 1.0
dtf_node: 53
dtf_edge: 154
dtf_min_len: 0.006861374413145771
dtf_avg_len: 0.19894533498106148
dtf_max_len: 1.0
sdb_node: 57
sdb_edge: 158
sdb_min_len: 0.006861374413145771
sdb_avg_len: 0.1939087442220472
sdb_max_len: 0.4255215409653038
dlt: 0.4255219664872703
formulation: None