instance: K100.5.con.red
obj: 25.0
bound: 14.74999983317019
gap: 0.41000000667155245
time: 1801.3905129432678
preprocess_time: 0.084088
node: 21061
algo: EFP