instance: K100.3.con.red
obj: 23.0
bound: 20.0
gap: 0.13043478260869565
time: 3599.9539289474487
preprocess_time: 0.051877
node: 133131
formulation: LEFP