instance: K100.4.con.red
obj: 0.0
bound: 0.0
gap: 0.0
time: 0.32657480239868164
preprocess_time: 0.061269
node: 0
algo: EVFP0