instance: K100.1.red
obj: 8.0
bound: 8.0
gap: 0.0
time: 239.55689096450806
preprocess_time: 1.019647
sepa_time: 0.0
node: 2949
formulation: LEFPAD