instance: K100.2.red
obj: 4.0
bound: 2.999999999999999
gap: 0.24999999999375022
time: 20.08911108970642
preprocess_time: 0.044518
node: 1340
formulation: EFP