instance: K100.con.red
obj: 313.0
bound: 298.0
gap: 0.04792332268370607
time: 3599.796723842621
preprocess_time: 0.216136
sepa_time: 6.4e-323
node: 33832
formulation: EVFP