instance: K100.5.con.red
obj: 23.0
bound: 15.620227625142315
gap: 0.32085966847067826
time: 1793.1002860069275
preprocess_time: 7.695989
node: 4992
algo: EFPV