instance: K100.2.red
obj: 4.0
bound: 4.0
gap: 0.0
time: 18.00149893760681
preprocess_time: 0.897819
sepa_time: 0.0
node: 760
formulation: LEFP