instance: K100.4.con.red
obj: 122.0
bound: 0.0
gap: 1.0
time: 7202.2678399086
preprocess_time: 0.028281
sepa_time: 0.0
node: 1
formulation: EF