instance: K100.9.red
obj: 15.0
bound: 12.314596290261173
gap: 0.17902691398139495
time: 1800.418879032135
preprocess_time: 0.068317
node: 8092
algo: EFPD