instance: K100.8.con.red
obj: 9.0
bound: 9.0
gap: 0.0
time: 2531.899535179138
preprocess_time: 0.054654
sepa_time: 6.91575440072594e-310
node: 25739
formulation: LEVFP