instance: K100.con.red
org_node: 45
org_edge: 191
org_min_len: 0.005256011563225439
org_avg_len: 0.26402549028016237
org_max_len: 1.0
dtf_node: 89
dtf_edge: 235
dtf_min_len: 0.00044996800820207294
dtf_avg_len: 0.2145909303979192
dtf_max_len: 1.0
sdb_node: 518
sdb_edge: 664
sdb_min_len: 0.005256011563225439
sdb_avg_len: 0.07594709133058898
sdb_max_len: 0.08703079146774123
dlt: 0.08712841179245359
formulation: None