instance: K100.10.red
obj: 20.0
bound: 15.527144565039823
gap: 0.22364277174689068
time: 1801.2623391151428
preprocess_time: 0.043267
node: 16542
formulation: EFPD