instance: K100.6.red
obj: 4.0
bound: 2.9999999999999987
gap: 0.24999999999375033
time: 98.50695705413818
preprocess_time: 0.084257
node: 1331
algo: EVFPL