instance: K100.3.con.red
obj: 25.0
bound: 16.285417281986827
gap: 0.34858330871913257
time: 1787.6609439849854
preprocess_time: 13.096663
node: 4029
algo: EFPV