instance: K100.9.red
obj: 22.0
bound: 20.999999999999996
gap: 0.04545454545433901
time: 4.005002021789551
preprocess_time: 0.059197
node: 844
formulation: LEFPD