instance: K100.con.red
obj: 35.0
bound: 18.668892048709584
gap: 0.46660308432125014
time: 1800.3616650104523
preprocess_time: 0.046652
node: 2346
formulation: LEVFP