instance: K100.6.red
obj: 15.0
bound: 12.08718957945415
gap: 0.1941873613684287
time: 1802.9605841636658
preprocess_time: 0.06699
node: 110511
algo: ERF