instance: K100.4.con.red
obj: 96.0
bound: 96.0
gap: 0.0
time: 0.04402518272399902
preprocess_time: 1.002023
sepa_time: 0.0
node: 1
formulation: LEFPAI