instance: K100.5.con.red
obj: 196.0
bound: 192.0
gap: 0.02040816326530612
time: 3599.9675030708313
preprocess_time: 0.034565
sepa_time: 0.0
node: 1113498
formulation: LEFPV2