instance: K100.7.red
obj: 23.0
bound: 18.070136775187656
gap: 0.21434187933873522
time: 1801.4630620479584
preprocess_time: 0.049573
node: 16589
formulation: EFPD