instance: K100.4.con.red
obj: 4.0
bound: 2.999999999999999
gap: 0.24999999999375022
time: 170.21364092826843
preprocess_time: 0.074224
node: 4284
formulation: EFP