instance: K100.2.red
obj: 4.0
bound: 2.999999999999999
gap: 0.24999999999375022
time: 139.3057999610901
preprocess_time: 0.056694
node: 2413
algo: EVFPL