instance: K100.6.red
obj: 15.0
bound: 11.93875902971274
gap: 0.20408273135112345
time: 1802.4562411308289
preprocess_time: 0.081255
node: 68564
algo: EVFP0