instance: K100.3.con.red
obj: 200.0
bound: 199.0
gap: 0.005
time: 7199.101084947586
preprocess_time: 0.901587
sepa_time: 2.7715717234341395e13
node: 2220113
formulation: LEFPV2