instance: K100.5.con.red
org_node: 31
org_edge: 120
org_min_len: 0.015312980695943793
org_avg_len: 0.1917636719742428
org_max_len: 1.0
dtf_node: 64
dtf_edge: 153
dtf_min_len: 0.003605209247723812
dtf_avg_len: 0.15040287997979845
dtf_max_len: 1.0
sdb_node: 86
sdb_edge: 175
sdb_min_len: 0.003605209247723812
sdb_avg_len: 0.1314950893537667
sdb_max_len: 0.19176348021057082
dlt: 0.1917636719742428
algo: None