instance: K100.8.con.red
obj: 9.0
bound: 8.000000000000002
gap: 0.11111111111111091
time: 1300.8532700538635
preprocess_time: 0.064073
node: 15574
formulation: LEFPV