instance: K100.10.red
obj: 20.0
bound: 13.017973501786226
gap: 0.3491013249089432
time: 1801.2011959552765
preprocess_time: 0.030313
node: 20408
formulation: EFPI