instance: K100.9.red
obj: 15.0
bound: 14.000000000000002
gap: 0.06666666666666655
time: 34.272496938705444
preprocess_time: 0.058548
node: 1110
formulation: LEVFP