instance: K100.1.red
obj: 153.0
bound: 153.0
gap: 0.0
time: 0.06133913993835449
preprocess_time: 1.054082
sepa_time: 0.0
node: 1
formulation: LEFPAI