instance: K100.3.con.red
obj: 7.0
bound: 5.999999999999997
gap: 0.14285714285510243
time: 153.81170320510864
preprocess_time: 0.078549
node: 1476
algo: EFP