instance: K100.7.red
obj: 154.0
bound: 152.0
gap: 0.012987012987012988
time: 3598.66260099411
preprocess_time: 1.339018
sepa_time: 0.0
node: 1226678
formulation: LEFPV2