instance: K100.con.red
obj: 9.0
bound: 5.683641425455185
gap: 0.3684842860564408
time: 1800.6670138835907
preprocess_time: 0.046127
node: 21189
algo: EVFPV