instance: K100.10.red
obj: 5.0
bound: 5.0
gap: 0.0
time: 84.38737487792969
preprocess_time: 1.17873
sepa_time: 0.0
node: 1468
formulation: LEFPAI