instance: K100.5.con.red
obj: 8.0
bound: 8.0
gap: 0.0
time: 0.12330913543701172
preprocess_time: 0.085302
node: 0
algo: SFD