instance: K100.5.con.red
obj: 25.0
bound: 14.343733808205991
gap: 0.4262506476700554
time: 1800.5523281097412
preprocess_time: 0.056051
node: 4685
algo: EFPD