instance: K100.9.red
obj: 56.0
bound: 56.0
gap: 0.0
time: 0.6183469295501709
preprocess_time: 1.744037
sepa_time: 1.3839561654910129e13
node: 1
formulation: LEFPAV