instance: K100.6.red
obj: 15.0
bound: 12.200000242274392
gap: 0.1866666505137961
time: 1803.5660610198975
preprocess_time: 0.088439
node: 163709
algo: RF