instance: K100.5.con.red
obj: 7.0
bound: 5.999999999999984
gap: 0.1428571428551043
time: 1379.2409191131592
preprocess_time: 0.092805
node: 13397
algo: RF