instance: K100.1.red
obj: 10.0
bound: 6.514515341784283
gap: 0.34854846581808624
time: 1801.6725070476532
preprocess_time: 0.058448
node: 5355
algo: F0