instance: K100.7.red
obj: 23.0
bound: 21.0
gap: 0.08695652173913043
time: 3599.9543449878693
preprocess_time: 0.047885
sepa_time: 0.0
node: 248199
formulation: EVFP