instance: K100.4.con.red
obj: 22.0
bound: 20.0
gap: 0.09090909090909091
time: 3599.9424061775208
preprocess_time: 0.062197
node: 59084
formulation: LEVFP