instance: K100.con.red
obj: 312.0
bound: 308.0
gap: 0.01282051282051282
time: 7199.068588972092
preprocess_time: 0.933076
sepa_time: 0.0
node: 1696307
formulation: LEFPV