instance: K100.5.con.red
obj: 7.0
bound: 7.0
gap: 0.0
time: 32.35693311691284
preprocess_time: 1.232959
sepa_time: 1.383304364174705e14
node: 1422
formulation: LEFPAV