instance: K100.9.red
obj: 18.0
bound: 17.0
gap: 0.05555555555524692
time: 0.10460209846496582
preprocess_time: 0.081175
node: 0
algo: SFD