instance: K100.8.con.red
obj: 9.0
bound: 9.0
gap: 0.0
time: 1374.8862900733948
preprocess_time: 1.060358
sepa_time: 2.166289406818042e14
node: 33280
formulation: LEFPAV