instance: K100.4.con.red
obj: 4.0
bound: 4.0
gap: 0.0
time: 66.64020800590515
preprocess_time: 9.785372
node: 316
algo: EFPV