instance: K100.4.con.red
obj: 185.0
bound: 184.0
gap: 0.005405405405405406
time: 7199.952915906906
preprocess_time: 0.04916
sepa_time: 5.0e-324
node: 1331140
formulation: LEVFP