instance: K100.con.red
obj: 41.0
bound: 18.931305542275968
gap: 0.5382608404309807
time: 1800.2173731327057
preprocess_time: 0.053242
node: 1675
algo: EDF