instance: K100.10.red
obj: 133.0
bound: 132.00000000000003
gap: 0.007518796992480989
time: 4029.7065489292145
preprocess_time: 0.036386
sepa_time: 6.9209512399489e-310
node: 1274843
formulation: LEVFP