instance: K100.9.red
obj: 16.0
bound: 13.041401523490084
gap: 0.18491240478071408
time: 1800.9648468494415
preprocess_time: 0.089793
node: 30362
algo: EVFPV