instance: K100.6.red
obj: 108.0
bound: 108.0
gap: 0.0
time: 289.5172669887543
preprocess_time: 1.171842
sepa_time: 0.0
node: 187181
formulation: LEFPAI