instance: K100.10.red
obj: 133.0
bound: 132.00000226744598
gap: 0.007518779944015199
time: 4334.273551940918
preprocess_time: 0.900228
sepa_time: 1.3392819390370589e14
node: 1938022
formulation: LEFPV