instance: K100.6.red
obj: 4.0
bound: 3.0000000000000013
gap: 0.24999999999999967
time: 2.7909719944000244
preprocess_time: 0.048957
sepa_time: 3.3e-321
node: 111
formulation: EVFP