instance: K100.9.red
obj: 15.0
bound: 13.261220331880258
gap: 0.11591864454054333
time: 1801.4331698417664
preprocess_time: 0.081061
node: 42462
algo: ESFV