instance: K100.3.con.red
obj: 7.0
bound: 5.576543136651734
gap: 0.20335098047541864
time: 1800.4070370197296
preprocess_time: 0.085234
node: 1130
algo: EFPD