instance: K100.7.red
obj: 0.0
bound: 0.0
gap: 0.0
time: 5.336116075515747
preprocess_time: 0.075369
node: 1110
algo: EVFPV