instance: K100.10.red
obj: 5.0
bound: 5.0
gap: 0.0
time: 136.29979181289673
preprocess_time: 1.002454
sepa_time: 0.0
node: 8502
formulation: LEFPAD