instance: K100.6.red
obj: 4.0
bound: 4.0
gap: 0.0
time: 12.191972017288208
preprocess_time: 1.035902
sepa_time: 0.0
node: 541
formulation: LEFPAD