instance: K100.2.red
obj: 137.0
bound: 137.0
gap: 0.0
time: 301.47529101371765
preprocess_time: 1.240978
sepa_time: 1.430190047299072e14
node: 129833
formulation: LEFPAV