instance: K100.1.red
obj: 10.0
bound: 8.0
gap: 0.2
time: 3599.944764852524
preprocess_time: 0.058399
sepa_time: 0.0
node: 12374
formulation: LEVFP