instance: K100.9.red
obj: 3.0
bound: 3.0
gap: 0.0
time: 4.00508189201355
preprocess_time: 0.954611
sepa_time: 0.0
node: 53
formulation: LEFPAD