instance: K100.4.con.red
obj: 4.0
bound: 3.0000000000000053
gap: 0.24999999999999867
time: 10.801124095916748
preprocess_time: 0.051364
sepa_time: 6.90805700126965e-310
node: 129
formulation: LEVFP