instance: K100.3.con.red
obj: 7.0
bound: 6.000000000000001
gap: 0.14285714285510193
time: 431.25752806663513
preprocess_time: 0.072244
node: 533
algo: EFPD