instance: K100.5.con.red
obj: 23.0
bound: 20.0
gap: 0.13043478260869565
time: 3599.954405784607
preprocess_time: 0.048387
sepa_time: 0.0
node: 35704
formulation: EVFP