instance: K100.9.red
obj: 3.0
bound: 2.0
gap: 0.3333333333222222
time: 1.3384668827056885
preprocess_time: 0.054609
node: 20
algo: F0