instance: K100.9.red
obj: 15.0
bound: 13.999999999999996
gap: 0.06666666666622247
time: 1637.017161846161
preprocess_time: 0.087289
node: 23173
algo: EFPD