instance: K100.1.red
obj: 39.0
bound: 28.99999999999999
gap: 0.2564102564095992
time: 1786.6914749145508
preprocess_time: 13.754552
node: 1663
algo: EFPV