instance: K100.7.red
obj: 4.0
bound: 4.0
gap: 0.0
time: 19.84947681427002
preprocess_time: 0.963391
sepa_time: 0.0
node: 162
formulation: LEFPAI