instance: K100.9.red
obj: 118.0
bound: 107.0
gap: 0.09322033898305085
time: 7199.951441049576
preprocess_time: 0.051315
sepa_time: 0.0
node: 2882266
formulation: EFP