instance: K100.con.red
obj: 8.0
bound: 7.000000000000003
gap: 0.12499999999999967
time: 1636.0882830619812
preprocess_time: 0.065122
node: 80110
formulation: EFP