instance: K100.4.con.red
obj: 4.0
bound: 4.0
gap: 0.0
time: 78.73274898529053
preprocess_time: 6.461826
node: 316
formulation: EFPV