instance: K100.7.red
obj: 154.0
bound: 146.0
gap: 0.05194805194805195
time: 3599.6783101558685
preprocess_time: 0.329149
sepa_time: 0.0
node: 58049
formulation: EVFP