instance: K100.4.con.red
obj: 4.0
bound: 2.9999999999999996
gap: 0.2499999999937501
time: 99.81851100921631
preprocess_time: 0.081464
node: 931
algo: EVFP0