instance: K100.1.red
obj: 51.0
bound: 49.99999999999991
gap: 0.019607843137218264
time: 1087.0915310382843
preprocess_time: 0.053062
node: 25084
formulation: LEFPI