instance: K100.4.con.red
obj: 27.0
bound: 14.286838916652208
gap: 0.4708578179000262
time: 1891.6970429420471
preprocess_time: 5.000659
node: 1293
algo: EFPV