instance: K100.con.red
obj: 10.0
bound: 5.573208589150426
gap: 0.4426791410805306
time: 1802.2046728134155
preprocess_time: 0.09642
node: 15696
algo: RF