instance: K100.5.con.red
obj: 7.0
bound: 5.999999999999992
gap: 0.14285714285510318
time: 641.4590740203857
preprocess_time: 0.087737
node: 5027
algo: RF