instance: K100.2.red
obj: 4.0
bound: 4.0
gap: 0.0
time: 628.7564659118652
preprocess_time: 0.071276
node: 1592
algo: EFPD