instance: K100.5.con.red
obj: 197.0
bound: 176.0
gap: 0.1065989847715736
time: 7199.909709215164
preprocess_time: 0.098048
sepa_time: 0.0
node: 1314403
formulation: EFP