instance: K100.6.red
obj: 4.0
bound: 3.0
gap: 0.24999999999375
time: 32.590797901153564
preprocess_time: 0.037467
node: 210
formulation: EFPD