instance: K100.8.con.red
obj: 9.0
bound: 9.0
gap: 0.0
time: 3279.849718093872
preprocess_time: 0.888539
sepa_time: 0.0
node: 117923
formulation: LEFP