instance: K100.7.red
obj: 154.0
bound: 150.0
gap: 0.025974025974025976
time: 3599.942982196808
preprocess_time: 0.0591
sepa_time: 0.0
node: 942468
formulation: LEFPV