instance: K100.6.red
obj: 18.0
bound: 16.999999999999936
gap: 0.05555555555525047
time: 27.5578510761261
preprocess_time: 0.058515
node: 4394
formulation: LEFPD