instance: K100.8.con.red
obj: 0.0
bound: 0.0
gap: 0.0
time: 1.100193977355957
preprocess_time: 0.071918
node: 0
algo: EVFP0