instance: K100.10.red
obj: 5.0
bound: 5.0
gap: 0.0
time: 29.49223303794861
preprocess_time: 0.037812
sepa_time: 0.0
node: 3606
formulation: EFP