instance: K100.5.con.red
org_node: 31
org_edge: 120
org_min_len: 0.015312980695943793
org_avg_len: 0.1917636719742428
org_max_len: 1.0
dtf_node: 37
dtf_edge: 126
dtf_min_len: 0.015312980695943793
dtf_avg_len: 0.18263206854689806
dtf_max_len: 1.0
sdb_node: 39
sdb_edge: 128
sdb_min_len: 0.015312980695943793
sdb_avg_len: 0.17977844247585278
sdb_max_len: 0.3778633888111307
dlt: 0.3835273439484856
formulation: None