instance: K100.4.con.red
obj: 96.0
bound: 96.0
gap: 0.0
time: 0.05900001525878906
preprocess_time: 1.220022
sepa_time: 0.0
node: 1
formulation: LEFPAD