instance: K100.10.red
obj: 134.0
bound: 120.0
gap: 0.1044776119402985
time: 7199.93821811676
preprocess_time: 0.067083
sepa_time: 0.0
node: 1960421
formulation: EFP