instance: K100.9.red
obj: 3.0
bound: 3.0
gap: 0.0
time: 0.7490098476409912
preprocess_time: 0.292383
sepa_time: 0.0
node: 1
formulation: EFP