instance: K100.con.red
obj: 8.0
bound: 7.000000000000001
gap: 0.12499999999999989
time: 2036.5467069149017
preprocess_time: 0.054774
sepa_time: 1.5e-323
node: 20070
formulation: LEVFP