instance: K100.9.red
obj: 16.0
bound: 13.215988432286553
gap: 0.17400072298100297
time: 1801.4794809818268
preprocess_time: 0.079326
node: 26837
algo: ESF