instance: K100.6.red
obj: 4.0
bound: 3.0000000000000004
gap: 0.2499999999999999
time: 4.1078619956970215
preprocess_time: 0.058146
node: 480
formulation: LEFP