instance: K100.1.red
obj: 10.0
bound: 9.000000000000002
gap: 0.09999999999999983
time: 5115.03112912178
preprocess_time: 0.043993
sepa_time: 0.0
node: 177004
formulation: EFP