instance: K100.10.red
obj: 22.0
bound: 21.0
gap: 0.04545454545433884
time: 6.856308937072754
preprocess_time: 0.044468
node: 567
formulation: LEFPD