instance: K100.3.con.red
obj: 6.999999999841898
bound: 6.0
gap: 0.1428571428357426
time: 11.737098932266235
preprocess_time: 0.09517
node: 151
algo: RF