instance: K100.4.con.red
obj: 23.0
bound: 16.5
gap: 0.2826086956509452
time: 1801.883318901062
preprocess_time: 0.0913
node: 21060
algo: ESFV