instance: K100.4.con.red
obj: 185.0
bound: 182.0
gap: 0.016216216216216217
time: 3599.956904888153
preprocess_time: 0.044337
sepa_time: 0.0
node: 928672
formulation: LEFPV2