instance: K100.con.red
obj: 9.0
bound: 7.000000000000005
gap: 0.22222222222222163
time: 7198.708698987961
preprocess_time: 1.299264
sepa_time: 4.611445398468414e13
node: 348919
formulation: LEFPAV