instance: K100.7.red
obj: 0.0
bound: 0.0
gap: 0.0
time: 0.3298320770263672
preprocess_time: 0.07626
node: 0
algo: EVFP