instance: K100.10.red
obj: 5.0
bound: 3.9999999999999973
gap: 0.19999999999600054
time: 38.75743103027344
preprocess_time: 0.059086
node: 1036
algo: ERF