instance: K100.con.red
obj: 32.0
bound: 25.0
gap: 0.21875
time: 3599.9290778636932
preprocess_time: 0.073383
node: 26617
formulation: LEFPV