instance: K100.8.con.red
obj: 9.0
bound: 9.0
gap: 0.0
time: 1434.514261007309
preprocess_time: 1.66285
sepa_time: 2.1660058207790125e14
node: 33280
formulation: LEFPAV