instance: K100.3.con.red
org_node: 26
org_edge: 123
org_min_len: 0.015593762495002
org_avg_len: 0.15111009057820574
org_max_len: 1.0
dtf_node: 66
dtf_edge: 163
dtf_min_len: 0.00024769929456158746
dtf_avg_len: 0.11402785976146818
dtf_max_len: 1.0
sdb_node: 94
sdb_edge: 191
sdb_min_len: 0.015593762495002
sdb_avg_len: 0.0973117337231378
sdb_max_len: 0.15073970411835266
dlt: 0.15111009057820574
formulation: None