instance: K100.4.con.red
obj: 4.0
bound: 4.0
gap: 0.0
time: 316.21538400650024
preprocess_time: 0.054487
node: 3152
formulation: EVFP