instance: K100.7.red
obj: 158.0
bound: 157.0
gap: 0.006329113924050633
time: 3598.7042710781097
preprocess_time: 1.297632
sepa_time: 0.0
node: 481664
formulation: LEFPD