instance: K100.3.con.red
obj: 8.0
bound: 8.0
gap: 0.0
time: 6.06213903427124
preprocess_time: 1.301504
sepa_time: 0.0
node: 1
formulation: LEFPD