instance: K100.8.con.red
obj: 9.0
bound: 8.000000000000002
gap: 0.11111111111111091
time: 1185.2400059700012
preprocess_time: 0.048031
sepa_time: 0.0
node: 15574
formulation: LEFPV2