instance: K100.con.red
obj: 10.0
bound: 5.9999999999999725
gap: 0.3999999999960028
time: 1800.6555540561676
preprocess_time: 0.089154
node: 22132
algo: ERF