instance: K100.8.con.red
obj: 37.0
bound: 33.85441594771957
gap: 0.0850157851965385
time: 3602.9333510398865
preprocess_time: 0.066499
node: 59002
formulation: LEFPD