instance: K100.3.con.red
obj: 8.0
bound: 7.0
gap: 0.1249999999984375
time: 0.16618990898132324
preprocess_time: 0.086824
node: 0
algo: SFD