instance: K100.4.con.red
obj: 4.0
bound: 4.0
gap: 0.0
time: 9.47805380821228
preprocess_time: 1.007151
sepa_time: 0.0
node: 108
formulation: LEFPAI