instance: K100.3.con.red
obj: 25.0
bound: 15.812437091121964
gap: 0.36750251635365144
time: 1794.5965929031372
preprocess_time: 5.883559
node: 2441
algo: EFPV