instance: K100.10.red
obj: 133.0
bound: 133.0
gap: 0.0
time: 5837.624351978302
preprocess_time: 1.229083
sepa_time: 0.0
node: 2070949
formulation: LEFPA