instance: K100.8.con.red
obj: 239.0
bound: 234.0
gap: 0.02092050209205021
time: 7198.2954070568085
preprocess_time: 1.707064
sepa_time: 0.0
node: 688610
formulation: LEFPAD