instance: K100.8.con.red
obj: 9.0
bound: 9.0
gap: 0.0
time: 2945.210480928421
preprocess_time: 0.040661
sepa_time: 3.9e-322
node: 25914
formulation: EVFP