instance: K100.4.con.red
obj: 5.0
bound: 3.9999999999999063
gap: 0.19999999999601875
time: 501.40030694007874
preprocess_time: 0.064596
node: 3290
algo: EFPLg