instance: K100.9.red
obj: 118.0
bound: 116.00000000000026
gap: 0.016949152542370713
time: 3599.9421610832214
preprocess_time: 0.059436
sepa_time: 0.0
node: 1692845
formulation: LEFPV2