instance: K100.3.con.red
obj: 28.0
bound: 17.45379026900029
gap: 0.3766503475343588
time: 1997.7342281341553
preprocess_time: 0.080741
node: 1018
algo: EFPD