instance: K100.3.con.red
obj: 24.0
bound: 15.7810264573115
gap: 0.3424572309439273
time: 1800.8617100715637
preprocess_time: 0.085298
node: 8698
algo: EFP0