instance: K100.1.red
obj: 10.0
bound: 9.0
gap: 0.1
time: 3599.9554522037506
preprocess_time: 0.052617
sepa_time: 0.0
node: 81599
formulation: LEFPV2