instance: K100.10.red
obj: 5.0
bound: 4.000000000000001
gap: 0.19999999999999982
time: 16.169853925704956
preprocess_time: 0.046427
node: 808
formulation: LEFPV