instance: K100.1.red
obj: 10.0
bound: 9.0
gap: 0.1
time: 7199.949685096741
preprocess_time: 0.059733
sepa_time: 0.0
node: 189813
formulation: EFP