instance: K100.9.red
obj: 15.0
bound: 13.999999999999991
gap: 0.06666666666622281
time: 1066.7905888557434
preprocess_time: 0.058613
node: 31268
formulation: LEVFP