instance: K100.6.red
obj: 4.0
bound: 2.9999999999999996
gap: 0.2499999999937501
time: 2346.558051109314
preprocess_time: 0.045127
node: 491
formulation: EF