instance: K100.6.red
obj: 4.0
bound: 3.0000000000000004
gap: 0.2499999999999999
time: 3.246490955352783
preprocess_time: 0.057846
node: 250
formulation: LEFPI