instance: K100.9.red
obj: 15.0
bound: 14.000000000000002
gap: 0.06666666666666655
time: 14.02907395362854
preprocess_time: 0.044022
sepa_time: 0.0
node: 1145
formulation: LEFPV2