instance: K100.3.con.red
obj: 7.0
bound: 7.0
gap: 0.0
time: 11.211674928665161
preprocess_time: 0.966352
sepa_time: 0.0
node: 4
formulation: LEFPAD