instance: K100.8.con.red
obj: 37.0
bound: 32.80786287708213
gap: 0.11330100332179838
time: 3610.9038569927216
preprocess_time: 0.064129
node: 108354
formulation: LEFP