instance: K100.7.red
obj: 112.0
bound: 99.0
gap: 0.11607142857142858
time: 3599.925843000412
preprocess_time: 0.08132
sepa_time: 0.0
node: 965205
formulation: EFP