instance: K100.10.red
obj: 20.0
bound: 14.999999999999998
gap: 0.2499999999987501
time: 1801.2671329975128
preprocess_time: 0.066277
node: 23956
algo: EVFP