instance: K100.9.red
obj: 15.0
bound: 12.42300818421886
gap: 0.171799454384264
time: 1800.5942559242249
preprocess_time: 0.050922
node: 10422
algo: EDF