instance: K100.5.con.red
obj: 198.0
bound: 176.0
gap: 0.1111111111111111
time: 7199.935975074768
preprocess_time: 0.068469
sepa_time: 0.0
node: 1399052
formulation: EFP