instance: K100.3.con.red
obj: 8.0
bound: 6.0
gap: 0.249999999996875
time: 1867.6685619354248
preprocess_time: 25.057789
node: 758
algo: EFPV