instance: K100.10.red
obj: 20.0
bound: 15.718094553053374
gap: 0.21409527234626083
time: 1801.4578969478607
preprocess_time: 0.070347
node: 31352
algo: ESF