instance: K100.6.red
obj: 4.0
bound: 4.0
gap: 0.0
time: 3.634963035583496
preprocess_time: 0.984174
sepa_time: 0.0
node: 599
formulation: LEFPAI