instance: K100.3.con.red
obj: 7.0
bound: 6.0
gap: 0.14285714285510204
time: 615.5840950012207
preprocess_time: 22.890579
node: 474
algo: EFPV