instance: K100.7.red
org_node: 25
org_edge: 93
org_min_len: 0.020502792468482883
org_avg_len: 0.2815857327886185
org_max_len: 1.0
dtf_node: 38
dtf_edge: 106
dtf_min_len: 0.007985338753283583
dtf_avg_len: 0.24705163348435394
dtf_max_len: 1.0
sdb_node: 349
sdb_edge: 417
sdb_min_len: 0.020502792468482883
sdb_avg_len: 0.06279969580177834
sdb_max_len: 0.06978949083744426
dlt: 0.07039643319715462
formulation: None