instance: K100.7.red
obj: 4.0
bound: 4.0
gap: 0.0
time: 2.301851987838745
preprocess_time: 0.038422
sepa_time: 0.0
node: 1
formulation: EVFP