instance: K100.9.red
obj: 118.0
bound: 117.00000202059678
gap: 0.008474559147484902
time: 2456.6722090244293
preprocess_time: 1.355193
sepa_time: 0.0
node: 1451043
formulation: LEFPV2