instance: K100.2.red
obj: 4.0
bound: 4.0
gap: 0.0
time: 2.5174601078033447
preprocess_time: 0.045117
sepa_time: 0.0
node: 351
formulation: LEFPV2