instance: K100.7.red
obj: 155.0
bound: 135.0
gap: 0.12903225806451613
time: 3599.9060649871826
preprocess_time: 0.10082
sepa_time: 0.0
node: 819862
formulation: EFP