instance: K100.6.red
obj: 4.0
bound: 3.000000000000001
gap: 0.24999999999999978
time: 4.973467826843262
preprocess_time: 0.0616
sepa_time: 0.0
node: 741
formulation: LEFPV2