instance: K100.1.red
obj: 301.0
bound: 269.0
gap: 0.10631229235880399
time: 7199.825222015381
preprocess_time: 0.185633
sepa_time: 0.0
node: 875139
formulation: EFP