instance: K100.4.con.red
obj: 4.0
bound: 3.0000000000000053
gap: 0.24999999999999867
time: 10.753532886505127
preprocess_time: 0.060776
node: 129
formulation: LEVFP