instance: K100.8.con.red
obj: 173.0
bound: 160.0
gap: 0.07514450867052024
time: 3599.665946006775
preprocess_time: 0.342359
sepa_time: 0.0
node: 61451
formulation: EVFP