instance: K100.3.con.red
obj: 7.0
bound: 6.000000000000003
gap: 0.14285714285510165
time: 21.34938097000122
preprocess_time: 0.067858
node: 503
formulation: LEVFP