instance: K100.8.con.red
obj: 8.0
bound: 8.0
gap: 0.0
time: 83.8971300125122
preprocess_time: 0.952654
sepa_time: 0.0
node: 1120
formulation: LEFPA