instance: K100.1.red
obj: 8.0
bound: 8.0
gap: 0.0
time: 199.06790900230408
preprocess_time: 1.29645
sepa_time: 0.0
node: 6862
formulation: LEFPA