instance: K100.7.red
obj: 4.0
bound: 3.0000000000000004
gap: 0.2499999999999999
time: 17.4062659740448
preprocess_time: 1.292613
sepa_time: 0.0
node: 351
formulation: LEFPD