instance: K100.7.red
obj: 64.0
bound: 64.0
gap: 0.0
time: 0.07273602485656738
preprocess_time: 1.224043
sepa_time: 0.0
node: 1
formulation: LEFPAD