instance: K100.4.con.red
obj: 122.0
bound: 0.0
gap: 1.0
time: 7205.074408054352
preprocess_time: 0.036809
sepa_time: -1.0
node: 1
formulation: EF