instance: K100.2.red
obj: 137.0
bound: 125.0
gap: 0.08759124087591241
time: 7199.916859149933
preprocess_time: 0.088137
sepa_time: 0.0
node: 2173026
formulation: EFP