instance: K100.3.con.red
obj: 200.0
bound: 199.0
gap: 0.005
time: 7199.112802028656
preprocess_time: 0.888552
sepa_time: 0.0
node: 2274146
formulation: LEFP