instance: K100.3.con.red
obj: 24.0
bound: 17.720110818154904
gap: 0.26166204924245545
time: 3613.409597158432
preprocess_time: 0.07243
node: 29797
formulation: EFP