instance: K100.2.red
obj: 4.0
bound: 3.0
gap: 0.24999999999375
time: 52.08802604675293
preprocess_time: 0.074382
node: 1110
algo: EFP