instance: K100.4.con.red
obj: 4.0
bound: 3.0000000000000004
gap: 0.2499999999999999
time: 26.78744888305664
preprocess_time: 0.06329
node: 706
formulation: LEFP