instance: K100.2.red
obj: 4.0
bound: 4.0
gap: 0.0
time: 10.191288948059082
preprocess_time: 9.35471
node: 54
formulation: EFPV