instance: K100.10.red
obj: 5.0
bound: 3.999999999999985
gap: 0.19999999999600301
time: 42.195757150650024
preprocess_time: 0.041486
node: 1417
formulation: EFP