instance: K100.10.red
obj: 133.0
bound: 133.0
gap: 0.0
time: 6837.292901992798
preprocess_time: 1.012018
sepa_time: 0.0
node: 2238835
formulation: LEFPAI