instance: K100.7.red
obj: 154.0
bound: 152.0
gap: 0.012987012987012988
time: 7199.068454027176
preprocess_time: 0.932619
sepa_time: 0.0
node: 2580686
formulation: LEFPV2