instance: K100.6.red
obj: 108.0
bound: 107.00000000000001
gap: 0.009259259259259127
time: 223.15250205993652
preprocess_time: 0.057659
sepa_time: 0.0
node: 100113
formulation: LEVFP