instance: K100.con.red
obj: 9.0
bound: 5.481779118137473
gap: 0.3909134313137151
time: 1774.0921339988708
preprocess_time: 26.949921
node: 5553
formulation: EFPV