instance: K100.6.red
obj: 15.0
bound: 12.078685905112971
gap: 0.1947542729911702
time: 1801.5048518180847
preprocess_time: 0.061534
node: 73619
algo: EFPLg