instance: K100.3.con.red
obj: 7.0
bound: 6.000000000000001
gap: 0.14285714285714274
time: 16.62197494506836
preprocess_time: 0.052233
sepa_time: 6.9080147190819e-310
node: 1087
formulation: EVFP