instance: K100.6.red
obj: 4.0
bound: 3.0000000000000004
gap: 0.2499999999999999
time: 14.60524320602417
preprocess_time: 1.282753
sepa_time: 0.0
node: 938
formulation: LEFPV