instance: K100.6.red
obj: 108.0
bound: 103.0
gap: 0.046296296296296294
time: 3599.939581155777
preprocess_time: 0.065244
sepa_time: 0.0
node: 167497
formulation: EVFP