instance: K100.1.red
obj: 10.0
bound: 6.830256656148833
gap: 0.31697433438194694
time: 1800.7730951309204
preprocess_time: 0.06656
node: 11981
algo: ERF