instance: K100.8.con.red
obj: 11.0
bound: 7.0
gap: 0.36363636363305785
time: 1800.442790031433
preprocess_time: 0.093865
node: 9456
algo: RF