instance: K100.5.con.red
obj: 25.0
bound: 14.271714706188979
gap: 0.42913141175072433
time: 1800.8843948841095
preprocess_time: 0.049367
node: 12522
algo: EFPLg