instance: K100.7.red
obj: 23.0
bound: 13.50484960797386
gap: 0.41283262573847207
time: 1801.1408860683441
preprocess_time: 0.088798
node: 8968
algo: EVFP