instance: K100.9.red
obj: 3.0
bound: 3.0
gap: 0.0
time: 1.8621020317077637
preprocess_time: 1.053324
sepa_time: 8.27037519409448e13
node: 1
formulation: LEFPAV