instance: K100.1.red
obj: 0.0
bound: 0.0
gap: 0.0
time: 1.279175043106079
preprocess_time: 0.100567
node: 0
algo: EVFP0