instance: K100.1.red
obj: 12.0
bound: 6.382615389737123
gap: 0.46811538418467213
time: 1800.6329429149628
preprocess_time: 0.076609
node: 737
algo: RF