instance: K100.7.red
obj: 111.0
bound: 108.0
gap: 0.02702702702702703
time: 3599.94113612175
preprocess_time: 0.059646
sepa_time: 0.0
node: 691093
formulation: LEFPI