instance: K100.4.con.red
obj: 185.0
bound: 184.0
gap: 0.005405405405405406
time: 3599.9533021450043
preprocess_time: 0.049187
sepa_time: 2.0e-322
node: 750280
formulation: LEVFP