instance: K100.5.con.red
obj: 7.0
bound: 7.0
gap: 0.0
time: 42.43286609649658
preprocess_time: 0.046665
sepa_time: 1.0e-323
node: 1119
formulation: EVFP