instance: K100.7.red
obj: 154.0
bound: 152.0
gap: 0.012987012987012988
time: 7198.761865139008
preprocess_time: 1.239759
sepa_time: 0.0
node: 2420198
formulation: LEFPV2