instance: K100.6.red
obj: 4.0
bound: 3.0000000000000013
gap: 0.24999999999999967
time: 2.3411238193511963
preprocess_time: 0.044937
sepa_time: NaN
node: 111
formulation: EVFP