instance: K100.10.red
obj: 19.0
bound: 18.000000000000004
gap: 0.05263157894736823
time: 1883.9842278957367
preprocess_time: 0.044715
node: 277500
formulation: LEFPV