instance: K100.6.red
obj: 4.0
bound: 3.000000000000001
gap: 0.24999999999374978
time: 32.43742299079895
preprocess_time: 0.037091
node: 2645
formulation: EFPI