instance: K100.1.red
obj: 36.0
bound: 28.889236700473973
gap: 0.1975212027640632
time: 1801.4294300079346
preprocess_time: 0.042891
node: 11152
formulation: LEVFP