instance: K100.4.con.red
obj: 4.0
bound: 2.999999999999999
gap: 0.24999999999375022
time: 542.3828279972076
preprocess_time: 0.062866
node: 1584
algo: EVFPL