instance: K100.5.con.red
obj: 24.0
bound: 15.924453799238918
gap: 0.33648109169697643
time: 1801.2764489650726
preprocess_time: 0.03961
node: 14964
formulation: LEVFP