instance: K100.con.red
obj: 34.0
bound: 27.0
gap: 0.20588235294117646
time: 3599.9322831630707
preprocess_time: 0.072939
node: 14962
formulation: LEFPD