instance: K100.10.red
obj: 20.0
bound: 12.523102800711264
gap: 0.3738448599625676
time: 1106.3685491085052
preprocess_time: 742.016353
node: 1917
algo: EFPV2