instance: K100.1.red
obj: 37.0
bound: 29.0
gap: 0.21621621621563183
time: 1801.7873458862305
preprocess_time: 0.087297
node: 29701
algo: ESFV