instance: K100.2.red
obj: 4.0
bound: 4.0
gap: 0.0
time: 2.255525827407837
preprocess_time: 1.241916
sepa_time: 0.0
node: 76
formulation: LEFP