instance: K100.6.red
obj: 15.0
bound: 12.199199410321816
gap: 0.18672003931063416
time: 1802.4667179584503
preprocess_time: 0.084889
node: 91002
algo: ERF