instance: K100.9.red
org_node: 22
org_edge: 70
org_min_len: 0.015330788804071247
org_avg_len: 0.29202517266448563
org_max_len: 1.0
dtf_node: 30
dtf_edge: 78
dtf_min_len: 0.004188436328721373
dtf_avg_len: 0.2620738729040256
dtf_max_len: 1.0
sdb_node: 269
sdb_edge: 317
sdb_min_len: 0.015330788804071247
sdb_avg_len: 0.06448505390067517
sdb_max_len: 0.07238920695504665
dlt: 0.07300629316612141
formulation: None