instance: K100.con.red
obj: 36.0
bound: 36.0
gap: 0.0
time: 0.6337339878082275
preprocess_time: 0.116386
node: 276
algo: SFD