instance: K100.1.red
obj: 214.0
bound: 203.0
gap: 0.0514018691588785
time: 3599.710988998413
preprocess_time: 0.296387
sepa_time: 0.0
node: 32394
formulation: EVFP