instance: K100.3.con.red
obj: 201.0
bound: 190.0
gap: 0.05472636815920398
time: 3599.939227104187
preprocess_time: 0.075426
sepa_time: 6.0e-323
node: 89213
formulation: EVFP