instance: K100.con.red
obj: 312.0
bound: 308.0
gap: 0.01282051282051282
time: 3599.03201007843
preprocess_time: 0.969596
sepa_time: 0.0
node: 868903
formulation: LEFPV2