instance: K100.2.red
obj: 4.0
bound: 4.0
gap: 0.0
time: 14.529687881469727
preprocess_time: 0.084013
node: 111
algo: ESFV