instance: K100.8.con.red
obj: 11.0
bound: 6.745171500732532
gap: 0.3868025908389807
time: 1802.7181730270386
preprocess_time: 0.05487
node: 21046
formulation: EFP