instance: K100.con.red
obj: 10.0
bound: 4.33872490975044
gap: 0.5661275090192947
time: 3604.175628900528
preprocess_time: 0.065526
node: 27222
formulation: EFP