instance: K100.1.red
obj: 46.0
bound: 28.789106127393662
gap: 0.3741498667949766
time: 1800.1939480304718
preprocess_time: 0.09562
node: 9512
algo: F0