instance: K100.5.con.red
obj: 8.0
bound: 5.499999999999999
gap: 0.31249999999609385
time: 1782.7252810001373
preprocess_time: 18.530764
node: 11850
formulation: EFPV