instance: K100.7.red
obj: 4.0
bound: 2.9999999999999964
gap: 0.2499999999937509
time: 285.89053988456726
preprocess_time: 0.038215
node: 1739
formulation: EVFP