instance: K100.8.con.red
obj: 11.0
bound: 6.278725602999605
gap: 0.4292067633597704
time: 1801.2857220172882
preprocess_time: 0.097964
node: 19740
algo: RF