instance: K100.2.red
obj: 0.0
bound: 0.0
gap: 0.0
time: 0.12747907638549805
preprocess_time: 0.071282
node: 0
algo: EVFP