instance: K100.5.con.red
obj: 138.0
bound: 136.0
gap: 0.014492753623188406
time: 3599.9556238651276
preprocess_time: 0.04524
sepa_time: 0.0
node: 637541
formulation: LEFPI