instance: K100.3.con.red
obj: 26.0
bound: 12.79532186599516
gap: 0.5078722359213098
time: 1800.7062928676605
preprocess_time: 0.092186
node: 1987
formulation: EVFP