instance: K100.5.con.red
obj: 25.0
bound: 13.594601186164237
gap: 0.4562159525516057
time: 1801.2496008872986
preprocess_time: 0.061915
node: 10586
formulation: EVFP