instance: K100.7.red
obj: 23.0
bound: 14.188954512588197
gap: 0.3830889342336302
time: 1889.848927974701
preprocess_time: 2.924868
node: 3859
algo: EFPV