instance: K100.10.red
obj: 5.0
bound: 4.000000000000002
gap: 0.19999999999999965
time: 19.420593976974487
preprocess_time: 0.048914
node: 1116
formulation: LEFPI