instance: K100.5.con.red
obj: 7.0
bound: 6.000000000000001
gap: 0.14285714285714274
time: 42.29552912712097
preprocess_time: 0.06119
node: 1430
formulation: LEVFP