instance: K100.6.red
obj: 4.0
bound: 2.9999999999999445
gap: 0.24999999999376388
time: 13.330692052841187
preprocess_time: 0.083123
node: 657
algo: EFP0