instance: K100.3.con.red
obj: 7.0
bound: 6.000000000000001
gap: 0.14285714285714274
time: 6.290131092071533
preprocess_time: 0.047446
sepa_time: 0.0
node: 591
formulation: EFP