instance: K100.7.red
obj: 153.999999083509
bound: 151.0
gap: 0.019480513645212503
time: 3599.942312002182
preprocess_time: 0.058518
sepa_time: 0.0
node: 1004811
formulation: LEFPI