instance: K100.con.red
obj: 9.0
bound: 5.9000000169692415
gap: 0.344444442555146
time: 1800.5141332149506
preprocess_time: 0.047247
node: 17163
algo: EFPLg