instance: K100.10.red
obj: 20.0
bound: 13.000000898374779
gap: 0.3499999550795111
time: 1800.9265830516815
preprocess_time: 0.063892
node: 16489
algo: EFPLg