instance: K100.10.red
obj: 134.0
bound: 126.0
gap: 0.05970149253731343
time: 3599.938138961792
preprocess_time: 0.065305
sepa_time: 6.9036408036112e-310
node: 110868
formulation: EVFP