instance: K100.1.red
obj: 297.0
bound: 294.0
gap: 0.010101010101010102
time: 7199.951573848724
preprocess_time: 0.051353
sepa_time: 0.0
node: 903717
formulation: LEVFP