instance: K100.con.red
obj: 10.0
bound: 10.0
gap: 0.0
time: 1.8454868793487549
preprocess_time: 0.088803
node: 463
algo: SFD