instance: K100.3.con.red
obj: 7.0
bound: 7.0
gap: 0.0
time: 3.51723313331604
preprocess_time: 0.052211
sepa_time: 1.5e-323
node: 1
formulation: LEVFP