instance: K100.1.red
obj: 10.0
bound: 9.0
gap: 0.1
time: 3599.9514729976654
preprocess_time: 0.051669
node: 19425
formulation: LEFPD