instance: K100.8.con.red
obj: 33.0
bound: 21.747737292366132
gap: 0.3409776578060536
time: 1801.0283620357513
preprocess_time: 0.053521
node: 8738
algo: ESF