instance: K100.con.red
obj: 8.0
bound: 7.000000000000001
gap: 0.12499999999999989
time: 1805.7632639408112
preprocess_time: 0.049414
sepa_time: 0.0
node: 61404
formulation: LEFPV2