instance: K100.con.red
obj: 36.0
bound: 16.7042345690664
gap: 0.535993484191111
time: 1800.3976759910583
preprocess_time: 0.058866
node: 2493
algo: SF