instance: K100.7.red
obj: 4.0
bound: 4.0
gap: 0.0
time: 3.349768877029419
preprocess_time: 0.911653
sepa_time: 0.0
node: 1
formulation: LEFPV