instance: K100.1.red
obj: 10.0
bound: 6.118753716104558
gap: 0.388124628385663
time: 1767.9335210323334
preprocess_time: 32.460938
node: 1362
algo: EFPV