instance: K100.5.con.red
obj: 24.0
bound: 16.501094039049942
gap: 0.31245441503828386
time: 3603.2516191005707
preprocess_time: 0.06317
node: 27464
formulation: LEVFP