instance: K100.4.con.red
obj: 4.0
bound: 4.0
gap: 0.0
time: 1723.2277901172638
preprocess_time: 0.087875
node: 30692
algo: SF