instance: K100.8.con.red
obj: 238.99999997889944
bound: 236.0
gap: 0.012552301168051462
time: 7198.828153133392
preprocess_time: 1.351511
sepa_time: 0.0
node: 2172845
formulation: LEFP