instance: K100.8.con.red
obj: 31.0
bound: 22.387459626626896
gap: 0.2778238830111394
time: 1801.0452101230621
preprocess_time: 0.103041
node: 21371
algo: EVFPL