instance: K100.9.red
obj: 3.0
bound: 3.0
gap: 0.0
time: 1.7896289825439453
preprocess_time: 1.243283
sepa_time: 6.910379944625787e13
node: 1
formulation: LEFPAV