instance: K100.9.red
obj: 16.0
bound: 13.461541749246932
gap: 0.1586536406710752
time: 1800.7751450538635
preprocess_time: 0.053224
node: 26418
algo: EFPLg