instance: K100.9.red
obj: 4.0
bound: 3.0
gap: 0.24999999999375
time: 0.10180091857910156
preprocess_time: 0.08287
node: 0
algo: SFD