instance: K100.9.red
obj: 87.0
bound: 82.0
gap: 0.05747126436781609
time: 3599.9305651187897
preprocess_time: 0.073792
sepa_time: 0.0
node: 147845
formulation: EVFP