instance: K100.6.red
obj: 4.0
bound: 4.0
gap: 0.0
time: 3.8556079864501953
preprocess_time: 1.252951
sepa_time: 5.515727955076128e13
node: 471
formulation: LEFPAV