instance: K100.5.con.red
obj: 7.0
bound: 5.99999999999999
gap: 0.14285714285510343
time: 1131.11305809021
preprocess_time: 0.052222
node: 13274
algo: ERF