instance: K100.2.red
obj: 137.0
bound: 136.00000354698662
gap: 0.007299244182579423
time: 516.0483889579773
preprocess_time: 0.038241
sepa_time: 3.5e-323
node: 186616
formulation: LEVFP