instance: K100.6.red
obj: 108.0
bound: 108.0
gap: 0.0
time: 495.35179686546326
preprocess_time: 0.962804
sepa_time: 0.0
node: 299754
formulation: LEFPA