instance: K100.10.red
obj: 5.0
bound: 5.0
gap: 0.0
time: 73.65652394294739
preprocess_time: 0.037765
sepa_time: 0.0
node: 5211
formulation: EFP