instance: K100.6.red
obj: 4.0
bound: 2.9999999999999933
gap: 0.24999999999375166
time: 18.844589948654175
preprocess_time: 1752.977518
node: 89
algo: EFPV2