instance: K100.6.red
obj: 4.0
bound: 3.0
gap: 0.24999999999375
time: 11.257878065109253
preprocess_time: 0.062067
node: 998
formulation: LEFPDB