instance: K100.9.red
obj: 15.0
bound: 13.999999999999908
gap: 0.06666666666622838
time: 1387.5366261005402
preprocess_time: 1.754006
node: 41420
formulation: EFPV