instance: K100.con.red
obj: 9.0
bound: 5.566763927745382
gap: 0.381470674690719
time: 1802.230959892273
preprocess_time: 0.083095
node: 14058
formulation: LEVFP