instance: K100.9.red
obj: 15.0
bound: 14.000000000000002
gap: 0.06666666666666655
time: 15.868049144744873
preprocess_time: 0.059403
node: 1145
formulation: LEFPV