instance: K100.2.red
obj: 4.0
bound: 4.0
gap: 0.0
time: 4.649333953857422
preprocess_time: 0.985577
sepa_time: 0.0
node: 709
formulation: LEFPAI