instance: K100.con.red
obj: 10.0
bound: 5.567270797188531
gap: 0.44327292027671417
time: 1800.1290910243988
preprocess_time: 0.047988
node: 3001
algo: EDF