instance: K100.10.red
obj: 20.0
bound: 15.624992465018101
gap: 0.2187503767480012
time: 1801.9635150432587
preprocess_time: 0.059452
node: 44626
algo: EFP0