instance: K100.2.red
obj: 4.0
bound: 4.0
gap: 0.0
time: 36.27119708061218
preprocess_time: 0.048988
sepa_time: 1.5e-323
node: 764
formulation: LEVFP