instance: K100.10.red
obj: 5.0
bound: 3.9999999999999227
gap: 0.19999999999601545
time: 508.181312084198
preprocess_time: 0.066396
node: 5959
algo: EVFP