instance: K100.2.red
obj: 18.0
bound: 13.892114806594199
gap: 0.2282158440768322
time: 3603.463500022888
preprocess_time: 0.045155
node: 109850
formulation: EFP