instance: K100.6.red
obj: 14.0
bound: 14.0
gap: 0.0
time: 3065.136997938156
preprocess_time: 0.044213
sepa_time: 5.0e-324
node: 291429
formulation: EVFP