instance: K100.4.con.red
obj: 185.0
bound: 183.0
gap: 0.010810810810810811
time: 7199.042550802231
preprocess_time: 0.958946
sepa_time: 0.0
node: 844791
formulation: LEFPAD