instance: K100.con.red
obj: 37.0
bound: 28.46132528664596
gap: 0.2307749922521882
time: 3602.8567700386047
preprocess_time: 0.073437
node: 40736
formulation: LEFPI