instance: K100.7.red
obj: 4.0
bound: 4.0
gap: 0.0
time: 23.488837003707886
preprocess_time: 1.62663
sepa_time: 0.0
node: 162
formulation: LEFPAI