instance: K100.4.con.red
obj: 4.0
bound: 4.0
gap: 0.0
time: 47.795345067977905
preprocess_time: 0.048828
sepa_time: 0.0
node: 1437
formulation: LEFPV