instance: K100.6.red
obj: 4.0
bound: 4.0
gap: 0.0
time: 3.2057301998138428
preprocess_time: 1.226543
sepa_time: 0.0
node: 298
formulation: LEFPA