instance: K100.2.red
obj: 137.0
bound: 137.0
gap: 0.0
time: 541.0532200336456
preprocess_time: 0.997271
sepa_time: 0.0
node: 221571
formulation: LEFP