instance: K100.5.con.red
obj: 24.0
bound: 19.0
gap: 0.20833333333333334
time: 3599.9360070228577
preprocess_time: 0.066053
node: 61065
formulation: LEFPI