instance: K100.8.con.red
obj: 10.0
bound: 6.347373266625356
gap: 0.3652626733338118
time: 1800.9563391208649
preprocess_time: 0.084516
node: 12667
algo: SF