instance: K100.6.red
obj: 4.0
bound: 3.0
gap: 0.24999999999375
time: 1784.5318031311035
preprocess_time: 0.047781
node: 77
algo: EF