instance: K100.1.red
obj: 297.0
bound: 293.0
gap: 0.013468013468013467
time: 7199.043251991272
preprocess_time: 0.958932
sepa_time: 0.0
node: 1336140
formulation: LEFP