instance: K100.2.red
obj: 101.0
bound: 93.0
gap: 0.07920792079207921
time: 3599.945375919342
preprocess_time: 0.057528
sepa_time: 0.0
node: 1185929
formulation: EFP