instance: K100.2.red
obj: 137.0
bound: 136.0000359972853
gap: 0.007299007319085439
time: 2046.642060995102
preprocess_time: 0.909515
sepa_time: 0.0
node: 485526
formulation: LEFPD