instance: K100.2.red
obj: 137.0
bound: 136.00000000000003
gap: 0.007299270072992493
time: 238.12943410873413
preprocess_time: 0.90793
sepa_time: 0.0
node: 101492
formulation: LEFPI