instance: K100.4.con.red
obj: 23.0
bound: 16.553191489361705
gap: 0.28029602220044636
time: 1798.2093892097473
preprocess_time: 3.170674
node: 21065
algo: EFPV