instance: K100.con.red
obj: 37.0
bound: 22.18031577993408
gap: 0.400532005946645
time: 1800.5530881881714
preprocess_time: 0.096332
node: 2032
algo: EFPD