instance: K100.9.red
org_node: 22
org_edge: 70
org_min_len: 0.015330788804071247
org_avg_len: 0.29202517266448563
org_max_len: 1.0
dtf_node: 30
dtf_edge: 78
dtf_min_len: 0.015330788804071247
dtf_avg_len: 0.2620738729040255
dtf_max_len: 0.584049761278626
sdb_node: 30
sdb_edge: 78
sdb_min_len: 0.015330788804071247
sdb_avg_len: 0.2620738729040255
sdb_max_len: 0.584049761278626
dlt: 0.5840503453289713
algo: None