instance: K100.5.con.red
obj: 196.0
bound: 193.0
gap: 0.015306122448979591
time: 7198.810366153717
preprocess_time: 1.191492
sepa_time: 0.0
node: 990508
formulation: LEFPAD