instance: K100.2.red
obj: 137.0
bound: 136.00000000000003
gap: 0.007299270072992493
time: 385.811625957489
preprocess_time: 0.043117
sepa_time: 0.0
node: 146804
formulation: LEVFP