instance: K100.3.con.red
obj: 7.0
bound: 7.0
gap: 0.0
time: 1.8778340816497803
preprocess_time: 0.04801
node: 1
formulation: LEFPI