instance: K100.3.con.red
obj: 208.0
bound: 206.0
gap: 0.009615384615384616
time: 3598.7046868801117
preprocess_time: 1.29811
sepa_time: 0.0
node: 708853
formulation: LEFPD