instance: K100.5.con.red
obj: 196.0
bound: 193.0
gap: 0.015306122448979591
time: 3599.9668419361115
preprocess_time: 0.034815
sepa_time: 0.0
node: 1005975
formulation: LEFPV2