instance: K100.3.con.red
obj: 201.0
bound: 181.0
gap: 0.09950248756218906
time: 7199.906616926193
preprocess_time: 0.101988
sepa_time: 0.0
node: 1463573
formulation: EFP