instance: K100.10.red
obj: 20.0
bound: 14.500001857595064
gap: 0.2749999071188718
time: 778.1050980091095
preprocess_time: 1024.30709
node: 34756
formulation: EFPV2