instance: K100.3.con.red
obj: 7.0
bound: 7.0
gap: 0.0
time: 2.657388925552368
preprocess_time: 0.045765
node: 1
formulation: LEVFP