instance: K100.1.red
obj: 298.0
bound: 283.0
gap: 0.050335570469798654
time: 7199.822844982147
preprocess_time: 0.186212
sepa_time: 8.9e-322
node: 73498
formulation: EVFP