instance: K100.6.red
obj: 4.0
bound: 4.0
gap: 0.0
time: 668.4877579212189
preprocess_time: 0.025967
sepa_time: 4.0e-323
node: 1
formulation: EF