instance: K100.con.red
obj: 9.0
bound: 7.000000000000008
gap: 0.22222222222222132
time: 7198.66072010994
preprocess_time: 1.340704
sepa_time: 0.0
node: 372320
formulation: LEFPAI