instance: K100.7.red
obj: 0.0
bound: 0.0
gap: 0.0
time: 0.41873598098754883
preprocess_time: 0.052434
node: 0
algo: EVFP0