instance: K100.8.con.red
obj: 9.0
bound: 6.215820095305362
gap: 0.30935332274041144
time: 3603.4016840457916
preprocess_time: 0.063945
node: 21846
formulation: LEVFP