instance: K100.8.con.red
obj: 12.0
bound: 6.000000000000005
gap: 0.4999999999958329
time: 1873.418970823288
preprocess_time: 7.882925
node: 889
algo: EFPV