instance: K100.10.red
obj: 93.0
bound: 83.0
gap: 0.10752688172043011
time: 3599.944654941559
preprocess_time: 0.057744
sepa_time: 0.0
node: 1209063
formulation: EFP