instance: K100.2.red
obj: 4.0
bound: 4.0
gap: 0.0
time: 7.29444694519043
preprocess_time: 0.905398
sepa_time: 1.3857397202396523e13
node: 1
formulation: LEFPV2