instance: K100.3.con.red
obj: 200.0
bound: 199.00000000000003
gap: 0.004999999999999858
time: 7199.006096124649
preprocess_time: 0.995312
sepa_time: 0.0
node: 2213401
formulation: LEFPA