instance: K100.10.red
obj: 19.0
bound: 18.000000000000004
gap: 0.05263157894736823
time: 1896.1401479244232
preprocess_time: 0.045459
sepa_time: 0.0
node: 277500
formulation: LEFPV2