instance: K100.6.red
obj: 80.0
bound: 74.0
gap: 0.075
time: 3599.9619710445404
preprocess_time: 0.043731
sepa_time: 0.0
node: 1782979
formulation: EFP