instance: K100.2.red
obj: 4.0
bound: 4.0
gap: 0.0
time: 31.455864906311035
preprocess_time: 0.045043
node: 764
formulation: LEVFP