instance: K100.7.red
obj: 23.0
bound: 13.682593217505065
gap: 0.4051046427154098
time: 1800.8594241142273
preprocess_time: 0.072906
node: 14502
algo: SF