instance: K100.3.con.red
obj: 200.0
bound: 199.00000000000003
gap: 0.004999999999999858
time: 7199.044294118881
preprocess_time: 0.957021
sepa_time: 0.0
node: 2239900
formulation: LEFPAI