instance: K100.2.red
obj: 18.0
bound: 16.0
gap: 0.1111111111111111
time: 3599.9577651023865
preprocess_time: 0.044299
node: 103538
formulation: LEVFP