instance: K100.1.red
obj: 10.0
bound: 9.0
gap: 0.1
time: 7198.793740987778
preprocess_time: 1.212436
sepa_time: 1.6242280000000002
node: 105855
formulation: LEFPAV