instance: K100.4.con.red
obj: 24.0
bound: 14.728082593285317
gap: 0.38632989194483547
time: 1800.998545885086
preprocess_time: 0.046778
node: 12508
algo: EFPLg