instance: K100.3.con.red
obj: 137.0
bound: 0.0
gap: 1.0
time: 3603.0214569568634
preprocess_time: 0.034949
node: 1
formulation: EF