instance: K100.6.red
obj: 14.999999818245275
bound: 12.764837618556795
gap: 0.14901081511713324
time: 1801.9477348327637
preprocess_time: 1.086391
node: 110751
algo: EFPV