instance: K100.6.red
org_node: 22
org_edge: 64
org_min_len: 0.056771256132425084
org_avg_len: 0.3522479860057177
org_max_len: 1.0
dtf_node: 36
dtf_edge: 78
dtf_min_len: 0.016342193611863245
dtf_avg_len: 0.28902398851751193
dtf_max_len: 1.0
sdb_node: 185
sdb_edge: 227
sdb_min_len: 0.056771256132425084
sdb_avg_len: 0.09931220750821988
sdb_max_len: 0.11530219683256779
dlt: 0.11624183538188686
formulation: None