instance: K100.6.red
obj: 4.0
bound: 3.0
gap: 0.24999999999375
time: 38.534351110458374
preprocess_time: 0.07389
node: 210
algo: EFPD