instance: K100.5.con.red
obj: 24.0
bound: 23.0
gap: 0.04166666666649306
time: 0.42536211013793945
preprocess_time: 0.112978
node: 180
algo: SFD