instance: K100.5.con.red
obj: 196.0
bound: 194.0
gap: 0.01020408163265306
time: 7198.94447183609
preprocess_time: 1.056537
sepa_time: 1.936326195447978e14
node: 2304882
formulation: LEFPAV