instance: K100.6.red
obj: 108.0
bound: 107.0
gap: 0.009259259259259259
time: 3599.95818901062
preprocess_time: 0.042497
sepa_time: 0.0
node: 1668118
formulation: LEFPV