instance: K100.7.red
obj: 4.0
bound: 4.0
gap: 0.0
time: 3.5226049423217773
preprocess_time: 0.911201
sepa_time: 3.680343009204146e13
node: 1
formulation: LEFPV