instance: K100.10.red
obj: 134.0
bound: 126.0
gap: 0.05970149253731343
time: 7199.938433885574
preprocess_time: 0.067128
sepa_time: 1.0e-322
node: 234076
formulation: EVFP