instance: K100.7.red
obj: 4.0
bound: 2.9999999999999893
gap: 0.24999999999375266
time: 214.03016185760498
preprocess_time: 0.084986
node: 1341
algo: F