instance: K100.8.con.red
obj: 9.0
bound: 6.8345864661654145
gap: 0.24060150375672504
time: 1789.3721749782562
preprocess_time: 11.927879
node: 12187
algo: EFPV