instance: K100.6.red
obj: 14.999999818245275
bound: 12.749999711493485
gap: 0.15000000893333335
time: 1802.5167770385742
preprocess_time: 1.213173
node: 106180
formulation: EFPV