instance: K100.9.red
obj: 117.99999999999999
bound: 117.0
gap: 0.008474576271186321
time: 349.3002600669861
preprocess_time: 0.943268
sepa_time: 0.0
node: 226517
formulation: LEFPI