instance: K100.6.red
obj: 15.0
bound: 12.092435619811967
gap: 0.1938376253445766
time: 1802.4849240779877
preprocess_time: 0.055952
node: 95612
formulation: LEVFP