instance: K100.1.red
obj: 301.0
bound: 270.0
gap: 0.10299003322259136
time: 3599.648535013199
preprocess_time: 0.358311
sepa_time: 0.0
node: 389047
formulation: EFP