instance: K100.4.con.red
obj: 122.0
bound: 0.0
gap: 1.0
time: 3602.7151341438293
preprocess_time: 0.047393
node: 1
formulation: EF