instance: K100.4.con.red
obj: 1.0
bound: 0.0
gap: 0.9999999999
time: 0.6321709156036377
preprocess_time: 0.054051
node: 0
algo: EVFPV