instance: K100.2.red
obj: 18.0
bound: 14.238431660699112
gap: 0.2089760188488884
time: 1801.2840361595154
preprocess_time: 0.038876
node: 32431
formulation: EFP