instance: K100.9.red
obj: 16.0
bound: 14.999999999999922
gap: 0.06249999999961427
time: 493.8629138469696
preprocess_time: 0.057784
node: 14989
algo: RF