instance: K100.6.red
obj: 15.0
bound: 14.0
gap: 0.06666666666666667
time: 3599.942769050598
preprocess_time: 0.059344
node: 639739
formulation: EFP