instance: K100.5.con.red
obj: 7.0
bound: 7.0
gap: 0.0
time: 46.62877798080444
preprocess_time: 0.962517
sepa_time: 0.0
node: 1833
formulation: LEFP