instance: K100.6.red
obj: 15.0
bound: 10.833588878663969
gap: 0.27776074142055035
time: 1800.7099361419678
preprocess_time: 0.079114
node: 21540
algo: EFPD