instance: K100.5.con.red
obj: 25.0
bound: 13.408253306173183
gap: 0.46366986775121805
time: 1800.3646121025085
preprocess_time: 0.048012
node: 7767
algo: EVFPV