instance: K100.6.red
obj: 15.0
bound: 11.155630630630986
gap: 0.25629129128955896
time: 1453.3293719291687
preprocess_time: 349.723543
node: 50250
formulation: EFPV2