instance: K100.3.con.red
obj: 24.0
bound: 18.04094388358855
gap: 0.24829400484944253
time: 3602.7041540145874
preprocess_time: 0.057266
node: 28040
formulation: LEVFP