instance: K100.7.red
obj: 154.0
bound: 152.0
gap: 0.012987012987012988
time: 3598.7091040611267
preprocess_time: 1.295817
sepa_time: 0.0
node: 1265486
formulation: LEFPV