instance: K100.5.con.red
obj: 198.0
bound: 176.0
gap: 0.1111111111111111
time: 3599.929512023926
preprocess_time: 0.076576
sepa_time: 0.0
node: 684219
formulation: EFP