instance: K100.9.red
obj: 3.0
bound: 3.0
gap: 0.0
time: 13.556195974349976
preprocess_time: 0.063201
node: 628
formulation: LEFPDB