instance: K100.7.red
obj: 23.0
bound: 15.79443898801307
gap: 0.313285261389374
time: 1803.6869189739227
preprocess_time: 0.110598
node: 41499
algo: F