instance: K100.5.con.red
obj: 7.0
bound: 7.0
gap: 0.0
time: 46.71749496459961
preprocess_time: 1.016386
sepa_time: 0.0
node: 1035
formulation: LEFPA