instance: K100.con.red
obj: 8.0
bound: 8.0
gap: 0.0
time: 7011.764070034027
preprocess_time: 0.039897
sepa_time: 0.0
node: 117270
formulation: LEVFP