instance: K100.1.red
obj: 10.0
bound: 9.0
gap: 0.1
time: 7198.690011024475
preprocess_time: 1.319945
sepa_time: 0.0
node: 118800
formulation: LEFPV