instance: K100.4.con.red
obj: 4.0
bound: 4.0
gap: 0.0
time: 51.55366396903992
preprocess_time: 0.887149
sepa_time: 0.0
node: 1879
formulation: LEFP