instance: K100.5.con.red
obj: 196.0
bound: 194.0
gap: 0.01020408163265306
time: 7198.818360090256
preprocess_time: 1.182683
sepa_time: 0.0
node: 1945232
formulation: LEFPA