instance: K100.3.con.red
obj: 7.0
bound: 7.0
gap: 0.0
time: 2.621309995651245
preprocess_time: 0.046751
node: 1
formulation: LEFPV