instance: K100.3.con.red
obj: 7.0
bound: 6.000000000000001
gap: 0.14285714285510193
time: 214.7452700138092
preprocess_time: 0.057679
node: 533
formulation: EFPD