instance: K100.10.red
obj: 5.0
bound: 4.0
gap: 0.199999999996
time: 687.5592300891876
preprocess_time: 0.043593
node: 2250
algo: EFPD