instance: K100.6.red
obj: 15.0
bound: 12.99999893863178
gap: 0.13333340409032576
time: 3604.3843750953674
preprocess_time: 0.058325
node: 262393
formulation: LEVFP