instance: K100.3.con.red
obj: 7.0
bound: 7.0
gap: 0.0
time: 18.442157983779907
preprocess_time: 0.040174
sepa_time: 0.0
node: 720
formulation: EFP