instance: K100.2.red
obj: 4.0
bound: 4.0
gap: 0.0
time: 5700.23734998703
preprocess_time: 0.026843
sepa_time: 0.0
node: 1
formulation: EF