instance: K100.8.con.red
obj: 0.0
bound: 0.0
gap: 0.0
time: 1.1450600624084473
preprocess_time: 0.093081
node: 0
algo: EVFP