instance: K100.3.con.red
obj: 25.0
bound: 15.273746984522056
gap: 0.3890501206175616
time: 1800.8858678340912
preprocess_time: 0.094143
node: 7921
algo: ESFV