instance: K100.10.red
obj: 5.0
bound: 5.0
gap: 0.0
time: 38.757583141326904
preprocess_time: 0.96764
sepa_time: 0.0
node: 4664
formulation: LEFPA