instance: K100.2.red
obj: 18.0
bound: 14.445883151610767
gap: 0.19745093602052713
time: 2010.9640519618988
preprocess_time: 0.070181
node: 6462
algo: EFPD