instance: K100.9.red
obj: 0.0
bound: 0.0
gap: 0.0
time: 0.335007905960083
preprocess_time: 0.046742
node: 0
algo: EVFP0