instance: K100.6.red
obj: 4.0
bound: 4.0
gap: 0.0
time: 611.1424238681793
preprocess_time: 0.034037
sepa_time: 0.0
node: 1
formulation: EF