instance: K100.9.red
obj: 3.0
bound: 3.0
gap: 0.0
time: 53.26942706108093
preprocess_time: 0.050363
node: 250
algo: EFPD