instance: K100.6.red
obj: 4.0
bound: 3.000000000000003
gap: 0.24999999999374922
time: 4.621349811553955
preprocess_time: 0.054589
node: 880
algo: F0