instance: K100.3.con.red
obj: 136.0
bound: 132.0
gap: 0.029411764705882353
time: 3599.9547350406647
preprocess_time: 0.045862
sepa_time: 0.0
node: 490135
formulation: LEFPI