instance: K100.con.red
obj: 8.0
bound: 7.000000000000003
gap: 0.12499999999999967
time: 1619.6923809051514
preprocess_time: 0.065889
sepa_time: 0.0
node: 82677
formulation: EFP