instance: K100.con.red
obj: 9.0
bound: 5.496210178529298
gap: 0.3893099801590857
time: 1786.5265808105469
preprocess_time: 14.226228
node: 6097
algo: EFPV