instance: K100.9.red
obj: 20.0
bound: 12.0
gap: 0.399999999998
time: 1830.9206991195679
preprocess_time: 0.055882
node: 540
algo: EF