instance: K100.10.red
obj: 6.0
bound: 5.0
gap: 0.16666666666388888
time: 0.1293790340423584
preprocess_time: 0.082114
node: 0
algo: SFD