instance: K100.5.con.red
obj: 7.0
bound: 7.0
gap: 0.0
time: 37.24345088005066
preprocess_time: 0.895153
sepa_time: 0.0
node: 1403
formulation: LEFPV2