instance: K100.con.red
obj: 313.0
bound: 309.0
gap: 0.012779552715654952
time: 7198.419023990631
preprocess_time: 1.58234
sepa_time: 0.0
node: 1854290
formulation: LEFPAI