instance: K100.6.red
obj: 15.0
bound: 10.83435880189503
gap: 0.2777094132051466
time: 1800.5494492053986
preprocess_time: 0.061443
node: 23730
algo: EDF