instance: K100.6.red
obj: 17.0
bound: 10.000000000000002
gap: 0.41176470587993075
time: 1812.614427804947
preprocess_time: 0.039378
node: 516
algo: EF