instance: K100.3.con.red
obj: 25.0
bound: 16.285148144060713
gap: 0.3485940742361771
time: 1783.5408728122711
preprocess_time: 17.730205
node: 3732
formulation: EFPV