instance: K100.con.red
obj: 9.0
bound: 5.684723561407456
gap: 0.368364048728412
time: 1800.4137570858002
preprocess_time: 0.05198
node: 1990
algo: EFPD