instance: K100.6.red
obj: 1.0
bound: 0.0
gap: 0.9999999999
time: 0.5860869884490967
preprocess_time: 0.081957
node: 140
algo: EVFPV