instance: K100.con.red
obj: 323.0
bound: 316.0
gap: 0.021671826625386997
time: 7198.688415050507
preprocess_time: 1.314466
sepa_time: 0.0
node: 584436
formulation: LEFPD