instance: K100.8.con.red
obj: 9.0
bound: 8.000000000000002
gap: 0.11111111111111091
time: 953.5763359069824
preprocess_time: 0.063464
node: 9055
formulation: LEVFP