instance: K100.7.red
obj: 4.0
bound: 2.9999999999999813
gap: 0.24999999999375466
time: 176.27248787879944
preprocess_time: 0.037811
node: 1272
formulation: LEVFP