instance: K100.8.con.red
org_node: 43
org_edge: 144
org_min_len: 0.019638154128020155
org_avg_len: 0.21276098324363515
org_max_len: 1.0
dtf_node: 72
dtf_edge: 173
dtf_min_len: 0.0008699030291709903
dtf_avg_len: 0.17709584732418185
dtf_max_len: 1.0
sdb_node: 409
sdb_edge: 510
sdb_min_len: 0.019638154128020155
sdb_avg_len: 0.06007368938643819
sdb_max_len: 0.07014103591740142
dlt: 0.07021112447039961
formulation: None