instance: K100.2.red
obj: 71.0
bound: 71.0
gap: 0.0
time: 0.04476785659790039
preprocess_time: 0.998964
sepa_time: 0.0
node: 1
formulation: LEFPAD