instance: K100.7.red
obj: 4.0
bound: 4.0
gap: 0.0
time: 12.988051176071167
preprocess_time: 0.04737
node: 110
algo: ESFV