instance: K100.10.red
obj: 5.0
bound: 3.9999999999999143
gap: 0.19999999999601714
time: 151.33024096488953
preprocess_time: 0.044642
node: 8061
formulation: EFP