instance: K100.9.red
obj: 3.0
bound: 3.0
gap: 0.0
time: 19.826210975646973
preprocess_time: 0.058724
node: 768
formulation: LEFP