instance: K100.3.con.red
obj: 8.0
bound: 7.000000000000008
gap: 0.124999999999999
time: 10.592750072479248
preprocess_time: 0.046736
node: 467
formulation: LEFPD