instance: K100.5.con.red
obj: 7.0
bound: 5.99999709752932
gap: 0.14285755749377058
time: 1801.2751228809357
preprocess_time: 0.080914
node: 22096
algo: ERF