instance: K100.9.red
obj: 3.0
bound: 1.9999999999999998
gap: 0.3333333333222223
time: 3.597550868988037
preprocess_time: 0.084308
node: 130
algo: F