instance: K100.10.red
obj: 19.0
bound: 15.408131468610245
gap: 0.1890457121774132
time: 1800.6651120185852
preprocess_time: 1.37739
node: 46237
formulation: EFPV