instance: K100.con.red
obj: 8.0
bound: 8.0
gap: 0.0
time: 4573.001019001007
preprocess_time: 1.030399
sepa_time: 2.298594046304395e14
node: 203475
formulation: LEFPAV