instance: K100.9.red
obj: 3.0
bound: 2.0
gap: 0.3333333333222222
time: 2.5966880321502686
preprocess_time: 0.093011
node: 30
algo: RF