instance: K100.4.con.red
obj: 4.0
bound: 4.0
gap: 0.0
time: 6.09709095954895
preprocess_time: 1.320943
sepa_time: 0.0
node: 371
formulation: LEFPA