instance: K100.5.con.red
obj: 7.0
bound: 5.999999999999999
gap: 0.14285714285510218
time: 1544.9013459682465
preprocess_time: 0.077621
node: 21330
algo: EFP