instance: K100.1.red
obj: 297.0
bound: 293.0
gap: 0.013468013468013467
time: 7199.102220058441
preprocess_time: 0.899479
sepa_time: 4.6084734490326445e13
node: 1414240
formulation: LEFPV2