instance: K100.con.red
obj: 9.0
bound: 5.999999999999957
gap: 0.3333333333296344
time: 1800.8150479793549
preprocess_time: 0.054986
node: 17903
algo: EFP