instance: K100.9.red
obj: 3.0
bound: 2.0
gap: 0.3333333333222222
time: 19.236443996429443
preprocess_time: 0.059579
node: 467
formulation: LEVFP