instance: K100.10.red
obj: 19.0
bound: 15.238094814508745
gap: 0.19799500976165557
time: 1800.8819918632507
preprocess_time: 0.119235
node: 72306
algo: RF