instance: K100.8.con.red
obj: 239.0
bound: 236.0
gap: 0.012552301255230125
time: 7199.948165178299
preprocess_time: 0.054069
sepa_time: 6.89926885203013e-310
node: 1650260
formulation: LEVFP