instance: K100.2.red
obj: 4.0
bound: 3.0
gap: 0.24999999999375
time: 120.81640195846558
preprocess_time: 0.068504
node: 601
algo: ERF