instance: K100.5.con.red
obj: 24.0
bound: 14.265743048086193
gap: 0.40559403966138535
time: 1800.4376950263977
preprocess_time: 0.117915
node: 15366
algo: F