instance: K100.1.red
obj: 153.0
bound: 153.0
gap: 0.0
time: 0.1393570899963379
preprocess_time: 1.285601
sepa_time: 0.0
node: 1
formulation: LEFPA