instance: K100.6.red
obj: 14.0
bound: 14.0
gap: 0.0
time: 575.1573770046234
preprocess_time: 0.058364
node: 96473
formulation: LEFPV