instance: K100.2.red
obj: 18.000000000000004
bound: 14.625
gap: 0.1874999999989585
time: 1800.7421960830688
preprocess_time: 0.121452
node: 54225
algo: RF