instance: K100.4.con.red
obj: 4.0
bound: 4.0
gap: 0.0
time: 65.4532561302185
preprocess_time: 0.968589
sepa_time: 0.0
node: 806
formulation: LEFPA