instance: K100.10.red
obj: 19.0
bound: 16.160605628850405
gap: 0.1494418090070869
time: 1801.7085690498352
preprocess_time: 0.044093
node: 43414
formulation: EFP