instance: K100.10.red
obj: 20.0
bound: 14.604557003906445
gap: 0.2697721498033289
time: 1801.457624912262
preprocess_time: 0.063844
node: 21731
algo: EVFP0