instance: K100.4.con.red
obj: 122.0
bound: 0.0
gap: 1.0
time: 3602.503109931946
preprocess_time: 0.035435
sepa_time: 0.0
node: 1
formulation: EF