instance: K100.1.red
obj: 10.0
bound: 9.0
gap: 0.1
time: 7198.802944898605
preprocess_time: 1.198261
sepa_time: 0.0
node: 130730
formulation: LEFPAI