instance: K100.7.red
obj: 4.0
bound: 4.0
gap: 0.0
time: 29.834002017974854
preprocess_time: 0.052076
sepa_time: 0.0
node: 43
formulation: LEVFP