instance: K100.7.red
obj: 154.0
bound: 152.0
gap: 0.012987012987012988
time: 7198.755440950394
preprocess_time: 1.24614
sepa_time: 0.0
node: 2074321
formulation: LEFP