instance: K100.con.red
obj: 313.0
bound: 298.0
gap: 0.04792332268370607
time: 7199.799230098724
preprocess_time: 0.209168
sepa_time: 0.0
node: 91860
formulation: EVFP