instance: K100.10.red
obj: 20.0
bound: 15.228067688770038
gap: 0.23859661556030515
time: 1802.0341219902039
preprocess_time: 0.052984
node: 67833
algo: EVFPL