instance: K100.7.red
obj: 154.0
bound: 151.0
gap: 0.01948051948051948
time: 3599.943377971649
preprocess_time: 0.05889
sepa_time: 0.0
node: 991385
formulation: LEFPV2