instance: K100.7.red
obj: 4.0
bound: 3.0000000000000004
gap: 0.2499999999937499
time: 9.305915117263794
preprocess_time: 0.077111
node: 330
algo: ERF