instance: K100.9.red
obj: 15.0
bound: 13.999999999999902
gap: 0.06666666666622874
time: 929.4019589424133
preprocess_time: 0.08547
node: 27513
algo: RF