instance: K100.7.red
obj: 154.0
bound: 146.0
gap: 0.05194805194805195
time: 7199.941516876221
preprocess_time: 0.062854
sepa_time: 0.0
node: 133963
formulation: EVFP