instance: K100.con.red
obj: 323.0
bound: 316.0
gap: 0.021671826625386997
time: 3598.6472260951996
preprocess_time: 1.356218
sepa_time: 0.0
node: 315640
formulation: LEFPD