instance: K100.10.red
obj: 5.0
bound: 3.9999999999999525
gap: 0.1999999999960095
time: 317.8093349933624
preprocess_time: 0.039292
node: 2869
algo: SF