instance: K100.4.con.red
obj: 4.0
bound: 4.0
gap: 0.0
time: 28.375494956970215
preprocess_time: 1.201288
sepa_time: 5.985416883834942e13
node: 751
formulation: LEFPAV