instance: K100.1.red
obj: 37.0
bound: 32.0
gap: 0.13513513513513514
time: 3599.951138973236
preprocess_time: 0.053021
node: 80039
formulation: EFP