instance: K100.con.red
obj: 211.0
bound: 201.0
gap: 0.04739336492890995
time: 3599.939978122711
preprocess_time: 0.063192
sepa_time: 0.0
node: 410401
formulation: LEFPV2