instance: K100.7.red
org_node: 25
org_edge: 93
org_min_len: 0.020502792468482883
org_avg_len: 0.2815857327886185
org_max_len: 1.0
dtf_node: 48
dtf_edge: 116
dtf_min_len: 0.012016314644558101
dtf_avg_len: 0.22575407887363388
dtf_max_len: 1.0
sdb_node: 74
sdb_edge: 142
sdb_min_len: 0.020502792468482883
sdb_avg_len: 0.1844188249953628
sdb_max_len: 0.2766988133860717
dlt: 0.2815857327886185
formulation: None