instance: K100.6.red
obj: 4.0
bound: 2.9999999999999263
gap: 0.24999999999376843
time: 24.190887928009033
preprocess_time: 0.06462
node: 1134
algo: SF