instance: K100.con.red
obj: 36.0
bound: 22.186194651290325
gap: 0.38371681524086954
time: 1800.3917560577393
preprocess_time: 0.1111
node: 2034
formulation: EFPD