instance: K100.2.red
obj: 4.0
bound: 4.0
gap: 0.0
time: 7.053239107131958
preprocess_time: 0.913174
sepa_time: 0.0
node: 304
formulation: LEFPD