instance: K100.6.red
obj: 4.0
bound: 3.0
gap: 0.24999999999375
time: 93.1592869758606
preprocess_time: 0.07089
node: 465
algo: EDF