instance: K100.2.red
obj: 0.0
bound: 0.0
gap: 0.0
time: 0.6867580413818359
preprocess_time: 0.070916
node: 0
algo: EVFPV