instance: K100.10.red
obj: 5.0
bound: 5.0
gap: 0.0
time: 37.780930042266846
preprocess_time: 1.032099
sepa_time: 1.0176278202977161e14
node: 4134
formulation: LEFPAV