instance: K100.5.con.red
obj: 204.0
bound: 200.0
gap: 0.0196078431372549
time: 7199.081278085709
preprocess_time: 0.920176
sepa_time: 0.0
node: 945665
formulation: LEFPD