instance: K100.9.red
obj: 118.0
bound: 113.0000000000001
gap: 0.04237288135593136
time: 7199.949006080627
preprocess_time: 0.054618
sepa_time: 6.9169627043965e-310
node: 389111
formulation: EVFP