instance: K100.con.red
obj: 40.0
bound: 18.797303622335836
gap: 0.530067409440279
time: 1800.7155649662018
preprocess_time: 0.065683
node: 3908
formulation: EFP