instance: K100.9.red
obj: 118.0
bound: 113.00000000000007
gap: 0.0423728813559316
time: 3599.9232959747314
preprocess_time: 0.082613
sepa_time: 0.0
node: 175498
formulation: EVFP