instance: K100.9.red
obj: 3.0
bound: 2.0
gap: 0.3333333333222222
time: 1.6675209999084473
preprocess_time: 0.0803
node: 20
algo: ERF