instance: K100.10.red
obj: 20.0
bound: 15.865666327850171
gap: 0.20671668360645787
time: 3612.966984987259
preprocess_time: 0.047294
node: 203570
formulation: EFP