instance: K100.5.con.red
obj: 23.999999682602976
bound: 14.015470918953344
gap: 0.41602203731884113
time: 1801.2648770809174
preprocess_time: 0.087511
node: 11889
algo: EFP0