instance: K100.6.red
obj: 4.0
bound: 2.9999999999999916
gap: 0.2499999999937521
time: 17.013456106185913
preprocess_time: 0.082715
node: 1097
algo: RF