instance: K100.3.con.red
obj: 95.0
bound: 95.0
gap: 0.0
time: 0.060665130615234375
preprocess_time: 1.282637
sepa_time: 0.0
node: 1
formulation: LEFPA