instance: K100.8.con.red
obj: 239.0
bound: 236.0
gap: 0.012552301255230125
time: 7199.952970027924
preprocess_time: 0.048939
sepa_time: 0.0
node: 1721591
formulation: LEVFP