instance: K100.2.red
obj: 4.0
bound: 4.0
gap: 0.0
time: 32.29055905342102
preprocess_time: 0.038192
sepa_time: 0.0
node: 764
formulation: LEVFP