instance: K100.10.red
obj: 5.0
bound: 3.9999999999999534
gap: 0.19999999999600931
time: 376.3905291557312
preprocess_time: 0.036229
node: 3240
formulation: LEVFP