instance: K100.10.red
obj: 5.0
bound: 3.9999999999999827
gap: 0.19999999999600346
time: 237.81952095031738
preprocess_time: 0.068939
node: 3404
algo: RF