instance: K100.2.red
obj: 4.0
bound: 4.0
gap: 0.0
time: 36.16506791114807
preprocess_time: 0.050113
sepa_time: 6.94084815641634e-310
node: 764
formulation: LEVFP