instance: K100.7.red
obj: 24.0
bound: 20.149437354006505
gap: 0.16044011024906046
time: 1802.3363270759583
preprocess_time: 0.086834
node: 98581
algo: RF