instance: K100.2.red
obj: 4.0
bound: 4.0
gap: 0.0
time: 7.772937059402466
preprocess_time: 0.997203
sepa_time: 0.0
node: 290
formulation: LEFPAD