instance: K100.10.red
obj: 5.0
bound: 5.0
gap: 0.0
time: 35.58468008041382
preprocess_time: 1.187518
sepa_time: 1.0638144962920777e14
node: 4134
formulation: LEFPAV