instance: K100.2.red
obj: 5.0
bound: 4.0
gap: 0.199999999996
time: 0.0993199348449707
preprocess_time: 0.085686
node: 0
algo: SFD