instance: K100.4.con.red
obj: 4.0
bound: 4.0
gap: 0.0
time: 25.451704025268555
preprocess_time: 0.903285
sepa_time: 0.0
node: 602
formulation: LEFPD