instance: K100.5.con.red
obj: 25.0
bound: 13.264380215828545
gap: 0.4694247913649805
time: 1802.5934569835663
preprocess_time: 0.082724
node: 11408
algo: SF