instance: K100.9.red
obj: 16.0
bound: 13.000006215923454
gap: 0.18749961150361227
time: 1805.802551984787
preprocess_time: 0.116937
node: 29717
algo: F