instance: K100.9.red
obj: 16.0
bound: 13.337259326075298
gap: 0.16642129211925377
time: 1801.6220409870148
preprocess_time: 0.122358
node: 24324
formulation: EFPI