instance: K100.con.red
obj: 9.0
bound: 5.749625187406298
gap: 0.36115275695084303
time: 1801.0013649463654
preprocess_time: 0.063122
node: 14853
algo: RF