instance: K100.7.red
obj: 4.0
bound: 4.0
gap: 0.0
time: 20.35938310623169
preprocess_time: 1.68958
sepa_time: 3.221173304897835e13
node: 104
formulation: LEFPAV