instance: K100.9.red
obj: 118.0
bound: 117.00000000000001
gap: 0.008474576271186321
time: 1122.25656914711
preprocess_time: 0.058485
sepa_time: 0.0
node: 613698
formulation: LEFP