instance: city_276.txt
obj: 515.0
bound: 501.0
gap: 0.027184466019417475
time: 7199.046219110489
preprocess_time: 0.956461
sepa_time: 2.310426781707206e13
node: 1304603
formulation: LEFPV2