instance: city_276.txt
obj: 515.0
bound: 501.0
gap: 0.027184466019417475
time: 7198.668871164322
preprocess_time: 1.332019
sepa_time: 0.0
node: 1358590
formulation: LEFPI