instance: city_276.txt
obj: 39.0
bound: 32.0
gap: 0.1794871794871795
time: 7199.948024988174
preprocess_time: 0.05343
sepa_time: 1.0e-323
node: 22412
formulation: EVFP