instance: city_265.txt
obj: 37.0
bound: 34.0
gap: 0.08108108108108109
time: 7199.9633231163025
preprocess_time: 0.051509
sepa_time: 5.0e-324
node: 53993
formulation: EVFP