instance: city_132.txt
org_node: 106
org_edge: 133
org_min_len: 0.017045454545454544
org_avg_len: 0.3277939166097062
org_max_len: 1.0
dtf_node: 83
dtf_edge: 110
dtf_min_len: 0.003278875523325328
dtf_avg_len: 0.3963326446280991
dtf_max_len: 1.5795454545454546
sdb_node: 557
sdb_edge: 584
sdb_min_len: 0.04261363636363636
sdb_avg_len: 0.07465169676214171
sdb_max_len: 0.08143939393939394
dlt: 0.08194847915242655
formulation: None