instance: city_138.txt
obj: 261.0
bound: 244.0
gap: 0.06513409961685823
time: 7199.891155958176
preprocess_time: 0.120759
sepa_time: 5.8e-322
node: 75571
formulation: EVFP