instance: city_132.txt
obj: 22.0
bound: 22.0
gap: 0.0
time: 6135.398567914963
preprocess_time: 0.043193
sepa_time: 0.0
node: 397447
formulation: EVFP