instance: city_132.txt
obj: 22.0
bound: 20.0
gap: 0.09090909090909091
time: 7200.607885837555
preprocess_time: 0.033078
sepa_time: 0.0
node: 29857
formulation: EF