instance: city_213.txt
org_node: 143
org_edge: 213
org_min_len: 0.015105740181268883
org_avg_len: 0.2079769655191979
org_max_len: 1.0
dtf_node: 137
dtf_edge: 207
dtf_min_len: 0.0023864752670098854
dtf_avg_len: 0.21400528336033398
dtf_max_len: 1.0
sdb_node: 873
sdb_edge: 943
sdb_min_len: 0.015105740181268883
sdb_avg_len: 0.0469767695181224
sdb_max_len: 0.05179110919292188
dlt: 0.05199424137979947
formulation: None