instance: city_771.txt
obj: 116.0
bound: 100.0
gap: 0.13793103448275862
time: 7198.634678840637
preprocess_time: 1.382808
sepa_time: 2.765964572547378e14
node: 91231
formulation: LEFPV