instance: city_265.txt
obj: 39.0
bound: 32.0
gap: 0.1794871794871795
time: 7198.7415199279785
preprocess_time: 1.265036
sepa_time: 0.0
node: 46768
formulation: LEFPD