instance: city_268.txt
obj: 504.0
bound: 492.0
gap: 0.023809523809523808
time: 7198.740623950958
preprocess_time: 1.262152
sepa_time: 1.3842199804212828e13
node: 2691396
formulation: LEFPV2