instance: city_276.txt
obj: 40.0
bound: 32.0
gap: 0.2
time: 7199.019407987595
preprocess_time: 0.981477
sepa_time: 0.0
node: 90903
formulation: LEFPI