instance: city_213.txt
obj: 399.0
bound: 387.0
gap: 0.03007518796992481
time: 7198.728137016296
preprocess_time: 1.274121
sepa_time: 0.0
node: 2317664
formulation: LEFP