instance: city_138.txt
obj: 20.0
bound: 18.00000000000001
gap: 0.09999999999999946
time: 7198.753863811493
preprocess_time: 1.249147
sepa_time: 3.68925657988989e13
node: 580458
formulation: LEFPV2