instance: city_138.txt
obj: 260.0
bound: 253.0
gap: 0.026923076923076925
time: 7198.741786956787
preprocess_time: 1.260327
sepa_time: 0.0
node: 550452
formulation: LEFPD