instance: city_213.txt
obj: 28.99999977579997
bound: 22.0
gap: 0.24137930447990408
time: 7199.048321008682
preprocess_time: 0.954134
sepa_time: 0.0
node: 189892
formulation: LEFPI