instance: city_213.txt
obj: 402.0
bound: 376.0
gap: 0.06467661691542288
time: 7199.570529937744
preprocess_time: 0.442473
sepa_time: 4.25e-322
node: 157055
formulation: EVFP