instance: city_479.txt
obj: 910.0
bound: 882.0
gap: 0.03076923076923077
time: 7199.023806810379
preprocess_time: 0.979972
sepa_time: 0.0
node: 230889
formulation: LEFPD