instance: city_771.txt
obj: 1462.0
bound: 1429.0
gap: 0.022571819425444596
time: 7198.866146802902
preprocess_time: 1.140905
sepa_time: 0.0
node: 931861
formulation: LEFP