instance: city_628.txt
obj: 1180.999999903955
bound: 1147.0
gap: 0.02878916164836591
time: 7198.941901922226
preprocess_time: 1.05986
sepa_time: 0.0
node: 894858
formulation: LEFPI