instance: city_138.txt
obj: 19.0
bound: 18.000016019506077
gap: 0.05263073581546962
time: 6277.241539001465
preprocess_time: 1.051279
sepa_time: 0.0
node: 396666
formulation: LEFPI