instance: city_628.txt
org_node: 465
org_edge: 628
org_min_len: 0.01059322033898305
org_avg_len: 0.1942202850048581
org_max_len: 1.0
dtf_node: 496
dtf_edge: 659
dtf_min_len: 0.002292434930975376
dtf_avg_len: 0.18508397417761932
dtf_max_len: 1.593220338983051
sdb_node: 2634
sdb_edge: 2797
sdb_min_len: 0.01059322033898305
sdb_avg_len: 0.04360755773437649
sdb_max_len: 0.04849340866290019
dlt: 0.04855507125121453
formulation: None