instance: city_268.txt
obj: 40.0
bound: 34.0
gap: 0.15
time: 7198.74453997612
preprocess_time: 1.261518
sepa_time: 1.2453372704714278e14
node: 151427
formulation: LEFPV2