instance: city_628.txt
obj: 97.0
bound: 86.0
gap: 0.1134020618556701
time: 7198.598587036133
preprocess_time: 1.417217
sepa_time: 2.0647372285956247e14
node: 65429
formulation: LEFPV2