instance: city_276.txt
obj: 40.0
bound: 32.0
gap: 0.2
time: 7199.01940202713
preprocess_time: 0.986526
sepa_time: 2.5790183962755312e14
node: 95118
formulation: LEFPV