instance: city_276.txt
obj: 523.0
bound: 441.0
gap: 0.15678776290630975
time: 7199.454539060593
preprocess_time: 0.56005
sepa_time: 0.0
node: 624051
formulation: EFP