instance: city_132.txt
obj: 258.0
bound: 227.0
gap: 0.12015503875968993
time: 7199.887971162796
preprocess_time: 0.119
sepa_time: 0.0
node: 1323810
formulation: EFP