instance: city_132.txt
obj: 256.0
bound: 243.0
gap: 0.05078125
time: 7199.8939509391785
preprocess_time: 0.118335
sepa_time: 0.0
node: 120571
formulation: EVFP