instance: city_265.txt
obj: 37.0
bound: 34.0
gap: 0.08108108108108109
time: 7198.739912986755
preprocess_time: 1.265243
sepa_time: 2.151808681570324e14
node: 173240
formulation: LEFPV