instance: city_268.txt
obj: 504.0
bound: 492.0
gap: 0.023809523809523808
time: 7198.696130037308
preprocess_time: 1.306673
sepa_time: 1.3842199804212127e13
node: 2681948
formulation: LEFPV