instance: city_265.txt
obj: 495.0
bound: 483.0
gap: 0.024242424242424242
time: 7198.74067902565
preprocess_time: 1.264525
sepa_time: 1.3842199804212871e13
node: 2123211
formulation: LEFPV2