instance: city_265.txt
obj: 499.0
bound: 471.0
gap: 0.056112224448897796
time: 7199.504231929779
preprocess_time: 0.528043
sepa_time: 0.0
node: 10592
formulation: EVFP