instance: city_138.txt
obj: 20.0
bound: 18.0
gap: 0.1
time: 7198.752835035324
preprocess_time: 1.252454
sepa_time: 2.485186157798887e14
node: 742935
formulation: LEFPV