instance: city_265.txt
obj: 39.0
bound: 34.0
gap: 0.1282051282051282
time: 7199.03067111969
preprocess_time: 0.972627
sepa_time: 0.0
node: 178504
formulation: LEFP