instance: city_276.txt
obj: 515.0
bound: 500.0
gap: 0.02912621359223301
time: 7199.0296459198
preprocess_time: 0.972454
sepa_time: 1.384219980421189e13
node: 1641841
formulation: LEFPV