instance: city_479.txt
obj: 916.0
bound: 853.0
gap: 0.06877729257641921
time: 7198.684897899628
preprocess_time: 1.322973
sepa_time: 0.0
node: 11766
formulation: EVFP