instance: city_276.txt
obj: 519.0
bound: 482.0
gap: 0.07129094412331406
time: 7199.265843868256
preprocess_time: 0.748464
sepa_time: 5.0e-324
node: 28761
formulation: EVFP