instance: city_628.txt
obj: 1182.0
bound: 1145.0
gap: 0.031302876480541454
time: 7198.9833970069885
preprocess_time: 1.021425
sepa_time: 0.0
node: 987973
formulation: LEFP