instance: city_479.txt
obj: 78.0
bound: 74.0
gap: 0.05128205128205128
time: 7199.927522182465
preprocess_time: 0.079939
sepa_time: 0.0
node: 46245
formulation: LEVFP