instance: city_479.txt
obj: 908.0
bound: 891.0
gap: 0.018722466960352423
time: 7198.617511034012
preprocess_time: 1.387097
sepa_time: 0.0
node: 1547041
formulation: LEFP