instance: city_771.txt
obj: 116.0
bound: 101.0
gap: 0.12931034482758622
time: 7198.904267072678
preprocess_time: 1.105668
sepa_time: 0.0
node: 122635
formulation: LEFP