instance: city_268.txt
obj: 510.0
bound: 442.0
gap: 0.13333333333333333
time: 7199.573869943619
preprocess_time: 0.437086
sepa_time: 0.0
node: 622760
formulation: EFP