instance: city_132.txt
obj: 22.0
bound: 21.00000000000002
gap: 0.045454545454544484
time: 7199.965847969055
preprocess_time: 0.040397
sepa_time: 3.5e-323
node: 359177
formulation: LEVFP