instance: city_213.txt
obj: 398.0
bound: 387.0
gap: 0.02763819095477387
time: 7198.745089054108
preprocess_time: 1.256092
sepa_time: 0.0
node: 2165386
formulation: LEFPI