instance: city_213.txt
obj: 398.0
bound: 387.0
gap: 0.02763819095477387
time: 7198.7271938323975
preprocess_time: 1.275168
sepa_time: 1.3842199804212068e13
node: 1904900
formulation: LEFPV