instance: city_138.txt
obj: 257.9999950351756
bound: 255.0
gap: 0.011627887956999981
time: 7198.646393060684
preprocess_time: 1.354306
sepa_time: 0.0
node: 2940533
formulation: LEFPI