instance: city_265.txt
obj: 39.0
bound: 34.0
gap: 0.1282051282051282
time: 7199.95007109642
preprocess_time: 0.053161
sepa_time: 0.0
node: 215610
formulation: EFP