instance: city_479.txt
obj: 908.0
bound: 890.0
gap: 0.019823788546255508
time: 7198.633445978165
preprocess_time: 1.371226
sepa_time: 1.3842199804213145e13
node: 1184387
formulation: LEFPV2