instance: city_276.txt
obj: 39.99999999871281
bound: 31.0
gap: 0.22499999997506068
time: 7199.034103155136
preprocess_time: 0.96807
sepa_time: 0.0
node: 22860
formulation: LEFPD