instance: city_479.txt
obj: 78.0
bound: 73.0
gap: 0.0641025641025641
time: 7199.925776004791
preprocess_time: 0.081367
sepa_time: 0.0
node: 38556
formulation: EVFP