instance: city_276.txt
org_node: 191
org_edge: 276
org_min_len: 0.011848341232227487
org_avg_len: 0.20974139707397485
org_max_len: 1.0
dtf_node: 175
dtf_edge: 260
dtf_min_len: 0.011848341232227487
dtf_avg_len: 0.22264855997083507
dtf_max_len: 1.5
sdb_node: 186
sdb_edge: 271
sdb_min_len: 0.011848341232227487
sdb_avg_len: 0.21361116454766466
sdb_max_len: 0.41706161137440756
dlt: 0.4194827941479497
formulation: None