instance: city_276.txt
obj: 515.0
bound: 500.0
gap: 0.02912621359223301
time: 7198.671528100967
preprocess_time: 1.331551
sepa_time: 0.0
node: 1344637
formulation: LEFP