instance: city_132.txt
org_node: 106
org_edge: 133
org_min_len: 0.017045454545454544
org_avg_len: 0.3277939166097062
org_max_len: 1.0
dtf_node: 87
dtf_edge: 114
dtf_min_len: 0.0035037314593299174
dtf_avg_len: 0.3824262360446571
dtf_max_len: 1.5795454545454546
sdb_node: 91
sdb_edge: 118
sdb_min_len: 0.0625
sdb_avg_len: 0.36946263482280434
sdb_max_len: 0.6420454545454546
dlt: 0.6555878332194124
formulation: None