instance: city_265.txt
org_node: 190
org_edge: 265
org_min_len: 0.024193548387096774
org_avg_len: 0.2751217285453437
org_max_len: 1.0
dtf_node: 170
dtf_edge: 245
dtf_min_len: 0.006208706055995439
dtf_avg_len: 0.29758064516129024
dtf_max_len: 1.8790322580645162
sdb_node: 178
sdb_edge: 253
sdb_min_len: 0.024193548387096774
sdb_avg_len: 0.28817098049215867
sdb_max_len: 0.5423387096774194
dlt: 0.5502434570906874
formulation: None