instance: city_771.txt
obj: 1461.0
bound: 1431.0
gap: 0.02053388090349076
time: 7198.498724937439
preprocess_time: 1.510716
sepa_time: 1.384219980421254e13
node: 971237
formulation: LEFPV