instance: city_628.txt
obj: 1193.0
bound: 1099.0
gap: 0.07879295892707461
time: 7198.049815893173
preprocess_time: 2.013844
sepa_time: 0.0
node: 4861
formulation: EVFP